name	short	t0set	num	nMapped	nPastEnd	nGenic	nUsed	gMed	gMedt0	gMean	cor12	mad12	mad12c	mad12c_t0	opcor	adjcor	gccor	maxFit	u
set1IT001	D-Glucose (C)	22-Mar-17 Caulo_ML2_set1	1	2317442	98	1563706	1558415	273.5	1637	470.535929951691	0.712039232787221	0.324839893516737	0.833499833629164	0.637295003861111	0.490404354916872	0.159699805903881	0.00704498784126288	2.35486051821728	TRUE
set1IT002	Sucrose (C)	22-Mar-17 Caulo_ML2_set1	2	3004674	1	2102140	2096903	12	1637	633.12288647343	0.162249660789695	0.585533438892321	1.32192809488736	0.637295003861111	0.128778609821924	-0.0364739801699654	0.0380063295817598	8.34148401438795	FALSE
set1IT003	D-Maltose (C)	22-Mar-17 Caulo_ML2_set1	3	2448161	107	1652187	1647309	292	1637	497.375905797101	0.73307157655886	0.326184700399524	0.863731547111024	0.637295003861111	0.49882375771771	0.147731972525541	0.00185933278715673	2.36936197367112	TRUE
set1IT004	D-Xylose (C)	22-Mar-17 Caulo_ML2_set1	4	2452147	178	1643134	1638478	261	1637	494.709541062802	0.731148100270307	0.360070788910946	0.918308922212229	0.637295003861111	0.501667210223789	0.166219337517306	0.00061300198460072	2.72864553684942	TRUE
set1IT005	D-Raffinose (C)	22-Mar-17 Caulo_ML2_set1	5	2457282	147	1651090	1648737	255.5	1637	497.807065217391	0.749941040317345	0.348088757027927	0.900610539728967	0.637295003861111	0.4820269166403	0.165090156721426	0.00859390127223665	4.64536144378627	TRUE
set1IT006	a-Cyclodextrin (C)	22-Mar-17 Caulo_ML2_set1	6	2868048	379	1925785	1920936	255	1637	579.992753623188	0.72138899903627	0.444233746765754	1	0.637295003861111	0.464974660508295	0.165888684656935	-0.0146721769951709	4.36503695961588	TRUE
set1IT007	D-Cellobiose (C)	22-Mar-17 Caulo_ML2_set1	7	2618155	155	1766196	1762023	311	1637	532.011775362319	0.739863653872763	0.313122463576147	0.85961200588947	0.637295003861111	0.493065726457465	0.161352583760067	0.00977423427515971	2.38633825607664	TRUE
set1IT008	D-Mannitol (C)	22-Mar-17 Caulo_ML2_set1	8	2265353	108	1579211	1576458	258	1637	475.983695652174	0.704538606935307	0.287569264234063	0.80511429219319	0.637295003861111	0.474736342435801	0.200086525881318	0.0196066298872083	7.77604779675635	TRUE
set1IT009	m-Inositol (C)	22-Mar-17 Caulo_ML2_set1	9	2152095	115	1449666	1447521	239	1637	437.053442028986	0.739305569222961	0.341635679847848	0.868152585349049	0.637295003861111	0.47977624845489	0.197897483028034	0.017657821895356	3.90916726280269	TRUE
set1IT010	L-Glutamic (C)	22-Mar-17 Caulo_ML2_set1	10	2779676	125	1956439	1953126	316	1637	589.711956521739	0.718309607813785	0.258736228760445	0.780546839832715	0.637295003861111	0.44918180662217	0.186233121285885	0.0283215833786493	6.94682725350614	TRUE
set1IT011	L-Glutamine (C)	22-Mar-17 Caulo_ML2_set1	11	2941403	58	1323371	1318861	127	1637	398.206823671498	0.210924326097994	0.683966614295756	1.44017597418262	0.637295003861111	0.191130361501225	0.0281142239276968	0.0737417086861194	9.50224534192892	FALSE
set1IT012	L-Proline (C)	22-Mar-17 Caulo_ML2_set1	12	2230356	108	1507862	1505117	280	1637	454.443538647343	0.724836623233231	0.294571738868002	0.832581284213338	0.637295003861111	0.464424671463065	0.160157792844956	0.0430660923711905	2.54856916559167	TRUE
set1IT013	L-Alanine (C)	22-Mar-17 Caulo_ML2_set1	13	2844554	55	1977606	1970802	435.5	1637	595.048913043478	0.466616303778114	0.348491807956663	0.743219423539121	0.637295003861111	0.300532283864125	0.0117732546190205	0.0437894726883957	4.81247498295292	TRUE
set1IT014	NAG (C)	22-Mar-17 Caulo_ML2_set1	14	2724835	183	1836921	1834198	299	1637	553.803743961353	0.741441168154161	0.337992922120821	0.897900910268758	0.637295003861111	0.470046273842589	0.160248163580359	0.0187432400537599	3.24144268788434	TRUE
set1IT015	D-Salicin (C)	22-Mar-17 Caulo_ML2_set1	15	2531380	164	1697028	1694036	265	1637	511.484299516908	0.740866604906898	0.342455569372957	0.888773702471416	0.637295003861111	0.490804283088856	0.185954026676159	0.0119324083403924	4.44563597156766	TRUE
set1IT016	Beta-Lactose (C)	22-Mar-17 Caulo_ML2_set1	16	2397581	168	1611897	1609876	228	1637	486.073671497585	0.741173844812919	0.390763284728234	0.967927627307386	0.637295003861111	0.477899978088545	0.153972087099486	0.0105248333256843	3.80680464694484	TRUE
set1IT017	D-Mannose (C)	22-Mar-17 Caulo_ML2_set1	17	2365620	80	1840028	1837954	175	1637	554.937801932367	0.712611204614043	0.311249929749027	0.829672348521866	0.637295003861111	0.480184439762206	0.148789255279846	0.0224260006660144	10.7552113085434	TRUE
set1IT018	D-Glucose (C)	22-Mar-17 Caulo_ML2_set1	18	2630807	128	1773316	1768817	317	1637	534.063103864734	0.731924109770339	0.316175936295007	0.881355503501381	0.637295003861111	0.490438344100099	0.156635783552405	0.0056921046838807	2.41709870319604	TRUE
set1IT019	Sucrose (C)	22-Mar-17 Caulo_ML2_set1	19	2636180	24	1843522	1834516	52	1637	553.899758454106	0.111017083967745	0.462818706934303	1.22239242133645	0.637295003861111	0.0996984548729115	-0.019294378363519	0.0496856883752379	6.73369709594615	TRUE
set1IT020	D-Maltose (C)	22-Mar-17 Caulo_ML2_set1	20	2478008	98	1671396	1665703	295	1637	502.929649758454	0.728290344769493	0.315105405804335	0.844576232624024	0.637295003861111	0.493283362864173	0.145191430456397	0.00595123928350887	2.96771782443919	TRUE
set1IT021	D-Xylose (C)	22-Mar-17 Caulo_ML2_set1	21	2084226	133	1404795	1402707	234	1637	423.522644927536	0.748092736536647	0.3322290248846	0.885175881330377	0.637295003861111	0.486739417666452	0.1821772036626	0.024990893340659	2.70981961394405	TRUE
set1IT022	D-Raffinose (C)	22-Mar-17 Caulo_ML2_set1	22	2252447	148	1514539	1512024	241	1637	456.528985507246	0.730016093874821	0.338224485981338	0.87880207927555	0.637295003861111	0.476476928265598	0.166805295495335	0.019279809296882	4.59627552787563	TRUE
set1IT023	a-Cyclodextrin (C)	22-Mar-17 Caulo_ML2_set1	23	2468702	181	1653634	1651159	217	1637	498.538345410628	0.73778171398684	0.42928778249674	1	0.637295003861111	0.476144810570659	0.166783995181647	-0.00603538493148522	4.05748100402672	TRUE
set1IT024	D-Cellobiose (C)	22-Mar-17 Caulo_ML2_set1	24	2076473	125	1403602	1399868	248	1637	422.665458937198	0.719795788666368	0.320281328030948	0.841302253980942	0.637295003861111	0.497750914894521	0.159431378127657	0.00954907429501062	2.4033370678721	TRUE
set1IT025	D-Mannitol (C)	22-Mar-17 Caulo_ML2_set1	25	2931509	136	2039274	2035573	335	1637	614.605374396135	0.73678769806545	0.270817612552105	0.834469373876707	0.637295003861111	0.474835822254504	0.165123352429775	0.0302370209433597	7.56710256752515	TRUE
set1IT026	m-Inositol (C)	22-Mar-17 Caulo_ML2_set1	26	2451294	169	1648499	1646019	274	1637	496.986413043478	0.740457752790193	0.321656582053278	0.864958407553879	0.637295003861111	0.469356220464584	0.178606238349516	0.0278669273622541	3.68470508858372	TRUE
set1IT027	L-Glutamic (C)	22-Mar-17 Caulo_ML2_set1	27	2806217	126	1967875	1964324	332	1637	593.092995169082	0.694300348290617	0.249695332169158	0.787187872805825	0.637295003861111	0.419199461916894	0.150443173649413	0.0453232969021935	6.71716016109582	TRUE
set1IT028	L-Glutamine (C)	22-Mar-17 Caulo_ML2_set1	28	2950119	17	1465708	1461593	159	1637	441.302234299517	0.247303594597476	0.6058522638726	1.38822211155527	0.637295003861111	0.1445490850742	-0.0182767389520234	0.0836069036794627	9.16365414034435	FALSE
set1IT029	L-Proline (C)	22-Mar-17 Caulo_ML2_set1	29	2676481	165	1809398	1806242	334	1637	545.362922705314	0.739708428526181	0.290446052996595	0.855068573930348	0.637295003861111	0.458667072133905	0.182028004874198	0.0387128138180961	2.514303369086	TRUE
set1IT030	L-Alanine (C)	22-Mar-17 Caulo_ML2_set1	30	2790180	36	1940055	1932830	436	1637	583.583937198068	0.470429424012777	0.329034634930943	0.715660546263696	0.637295003861111	0.263499733061062	0.0300589877604807	0.050388742527078	4.60127782143544	TRUE
set1IT031	NAG (C)	22-Mar-17 Caulo_ML2_set1	31	2857574	161	1930894	1927670	322	1637	582.025966183575	0.734557379068978	0.311611918856432	0.862108550712109	0.637295003861111	0.463108170484923	0.150746565141949	0.0206425338971222	2.88122262587673	TRUE
set1IT032	D-Salicin (C)	22-Mar-17 Caulo_ML2_set1	32	2538864	185	1708512	1704308	281	1637	514.585748792271	0.728327229675686	0.320405546027272	0.854569560478437	0.637295003861111	0.485608552364813	0.183761437384023	0.0259406972269207	3.85576179078201	TRUE
set1IT033	Beta-Lactose (C)	22-Mar-17 Caulo_ML2_set1	33	2556983	193	1717891	1715702	244	1637	518.025966183575	0.750485799360202	0.380297714208802	0.964805336054301	0.637295003861111	0.482079650018144	0.169835141652843	0.00830133486411813	3.84992394596276	TRUE
set1IT034	D-Mannose (C)	22-Mar-17 Caulo_ML2_set1	34	2162875	95	1621765	1619139	188	1637	488.870471014493	0.714440041178737	0.311603733498373	0.874469117916141	0.637295003861111	0.486548476698978	0.191997457540662	0.0294976568434994	10.0560622386167	TRUE
set1IT035	D-Glucose (C)	22-Mar-17 Caulo_ML2_set1	35	2812586	178	1898407	1893190	333.5	1637	571.615338164251	0.734771543859147	0.297162320982939	0.857980995127572	0.637295003861111	0.47832389812377	0.158805286766851	0.0146390689031016	2.58244756591832	TRUE
set1IT036	Sucrose (C)	22-Mar-17 Caulo_ML2_set1	36	260544	5	176433	175761	5	1637	53.0679347826087	0.130926776609436	0.671514729336526	1.16992500144231	0.637295003861111	0.132114517829757	-0.000688819430844043	0.0344201445157444	6.92417133622479	FALSE
set1IT037	D-Maltose (C)	22-Mar-17 Caulo_ML2_set1	37	3125203	159	2103462	2100041	359	1637	634.070350241546	0.742197445639454	0.315500610098752	0.881587038576534	0.637295003861111	0.490832036945615	0.14357788372275	0.00929128850540076	2.86757415708433	TRUE
set1IT038	D-Xylose (C)	22-Mar-17 Caulo_ML2_set1	38	2701590	176	1814775	1812008	291	1637	547.103864734299	0.757110659551977	0.340454946276757	0.911220439265052	0.637295003861111	0.486956730596288	0.17818639099978	0.0201721528915476	2.77057646688881	TRUE
set1IT039	D-Raffinose (C)	22-Mar-17 Caulo_ML2_set1	39	2560052	151	1726344	1722920	289	1637	520.205314009662	0.720881472499186	0.316615926707817	0.837084848816755	0.637295003861111	0.455666707751008	0.166162940625036	0.0308684064606981	5.03836071327739	TRUE
set1IT040	a-Cyclodextrin (C)	22-Mar-17 Caulo_ML2_set1	40	2382414	205	1593920	1590576	211	1637	480.246376811594	0.731395460000391	0.452830424055491	0.979591176001667	0.637295003861111	0.470963813626264	0.16074807220419	-0.00805601811241204	4.23413281365078	TRUE
set1IT041	D-Cellobiose (C)	22-Mar-17 Caulo_ML2_set1	41	2763032	129	1865436	1859684	331	1637	561.498792270531	0.730227381130746	0.319793394994295	0.866865668810771	0.637295003861111	0.498935673049777	0.14107735482608	0.0089627259730235	2.41255878871229	TRUE
set1IT042	D-Mannitol (C)	22-Mar-17 Caulo_ML2_set1	42	2249003	98	1568585	1564734	273	1637	472.44384057971	0.694296051254792	0.258166640970968	0.79407151005061	0.637295003861111	0.465936244825883	0.153959217520197	0.0400138049290832	7.44318080228547	TRUE
set1IT043	m-Inositol (C)	22-Mar-17 Caulo_ML2_set1	43	2261142	145	1529904	1527035	270.5	1637	461.061292270531	0.666607815421007	0.312847829114715	0.83169580433604	0.637295003861111	0.456353900669874	0.15469949173914	0.0336937829866986	3.50907477705946	TRUE
set1IT044	L-Glutamic (C)	22-Mar-17 Caulo_ML2_set1	44	2432975	95	1703748	1699574	299	1637	513.156400966184	0.650013000009028	0.251275792618634	0.756797000295774	0.637295003861111	0.416077293071049	0.13508938723532	0.0560151595133191	6.3869716299576	TRUE
set1IT045	L-Glutamine (C)	22-Mar-17 Caulo_ML2_set1	45	2620515	14	1510008	1506253	149.5	1637	454.786533816425	0.198644310570516	0.634405186603465	1.40412112148958	0.637295003861111	0.152349500848444	-0.0269956158727991	0.0815096192023073	9.97285738821898	FALSE
set1IT046	L-Proline (C)	22-Mar-17 Caulo_ML2_set1	46	2416260	141	1635967	1632863	303	1637	493.014190821256	0.726013154757244	0.290100021178308	0.827960712962518	0.637295003861111	0.463823478573735	0.188659121031574	0.0505581812898279	2.38497720192562	TRUE
set1IT047	L-Alanine (C)	22-Mar-17 Caulo_ML2_set1	47	2553030	19	1772677	1765536	392	1637	533.072463768116	0.478596998767322	0.341554868110357	0.767638965195524	0.637295003861111	0.314747318201863	-0.0214481965453031	0.0611221507450319	4.74897980439745	TRUE
set1IT048	NAG (C)	22-Mar-17 Caulo_ML2_set1	48	1890045	107	1272348	1270793	197	1637	383.693538647343	0.7246778927876	0.373384325657447	0.927284380147301	0.637295003861111	0.462698587852889	0.152418400030645	0.0114353996977455	3.02229950166723	TRUE
set1IT049	D-Salicin (C)	22-Mar-17 Caulo_ML2_set1	49	2933290	264	1965985	1959627	293.5	1637	591.67481884058	0.735665315013478	0.379155727408219	0.925999418556223	0.637295003861111	0.500101186003768	0.138526308623233	-0.00111680260446746	4.41248292485238	TRUE
set1IT050	Beta-Lactose (C)	22-Mar-17 Caulo_ML2_set1	50	2493118	166	1675995	1673727	233	1637	505.352355072464	0.735699412154657	0.395212130494402	0.946394742298779	0.637295003861111	0.467528506761295	0.16381726357347	0.0110405895807298	3.70403328169951	TRUE
set1IT051	D-Mannose (C)	22-Mar-17 Caulo_ML2_set1	51	2332142	103	1700120	1694664	227	1637	511.673913043478	0.711906101738833	0.290965253226831	0.807354922057604	0.637295003861111	0.480276993168528	0.149640689463253	0.0198048382856864	9.25754547963259	TRUE
set1IT052	Time0	22-Mar-17 Caulo_ML2_set1	52	2472128	112	1722268	1717336	383	1255.5	518.519323671498	0.092979960672596	0.168461518242034	0.65829364670978	0.631975276696167	0.133326522373732	0.0223504117420254	0.0398322866362585	0.952643120719244	FALSE
set1IT053	Time0	22-Mar-17 Caulo_ML2_set1	53	2563348	95	1784263	1779273	393	1242	537.220108695652	0.0484400485049715	0.168679984171756	0.653645535571027	0.646855731277811	0.0659080793406242	0.0213435379962769	-0.00148093369104433	1.43195441827417	FALSE
set1IT054	Time0	22-Mar-17 Caulo_ML2_set1	54	2956314	85	2063938	2058027	458	1181	621.384963768116	0.0849586191750712	0.158250376409781	0.658735778706161	0.638278739331684	0.0869488465545675	0.0590076496737718	0.00768855280994386	1.57885070997382	FALSE
set1IT055	Time0	22-Mar-17 Caulo_ML2_set1	55	2580662	80	1806455	1801025	405	1234	543.787741545894	0.18058821850404	0.170754174779371	0.654676605467229	0.644281932834792	0.18938230625748	0.0787791889189524	-0.00823365665739408	1.2898579343758	FALSE
set1IT056	L-Arginine (N)	22-Mar-17 Caulo_ML2_set1	56	2536847	102	1725328	1722091	332	1637	519.955012077295	0.71403645101461	0.273185275411617	0.790745154407175	0.637295003861111	0.419198200957828	0.152087133461345	0.0238352847705307	3.50883412101842	TRUE
set1IT057	L-Histidine (N)	22-Mar-17 Caulo_ML2_set1	57	3083400	10	935452	934797	15	1637	282.245471014493	0.129382080565109	0.416132980785838	0.84799690655495	0.637295003861111	0.0571532112100592	0.0288992082837894	0.0243838284362112	11.2712861762845	FALSE
set1IT058	L-aspartic (N)	22-Mar-17 Caulo_ML2_set1	58	2158056	116	1460714	1457994	259	1637	440.215579710145	0.718588858575462	0.324050805411825	0.868054097945545	0.637295003861111	0.461283366357825	0.187435340105143	0.00859813216587954	2.57972739800135	TRUE
set1IT059	L-Glutamic (N)	22-Mar-17 Caulo_ML2_set1	59	2304029	96	1565257	1562437	290	1637	471.750301932367	0.732403255703648	0.281924141836799	0.823464891217455	0.637295003861111	0.418764654087155	0.175970707894576	0.0276505545461657	2.43293619969482	TRUE
set1IT060	L-Serine (N)	22-Mar-17 Caulo_ML2_set1	60	2595523	0	1567202	1566285	24	1637	472.912137681159	0.132033783708836	0.404602823014604	0.807354922057604	0.637295003861111	0.106846276946774	-0.0401787788249989	0.0863207939318233	11.2601038097069	FALSE
set1IT061	L-Asparagine (N)	22-Mar-17 Caulo_ML2_set1	61	2809151	111	1874641	1870255	270	1637	564.690519323672	0.677815367786892	0.291796584437408	0.782203956354041	0.637295003861111	0.454377647968346	0.120055421907866	0.00217584972755969	6.773831514001	TRUE
set1IT062	L-Glutamine (N)	22-Mar-17 Caulo_ML2_set1	62	3055472	5	1948668	1945488	173	1637	587.405797101449	0.314186433756137	0.713112857096803	1.12772123304446	0.637295003861111	0.233263333192185	0.00600531521688941	0.0762887343130488	8.82476181054889	FALSE
set1IT063	L-Proline (N)	22-Mar-17 Caulo_ML2_set1	63	2423374	125	1642523	1639641	302	1637	495.060688405797	0.730974348030164	0.289297063073593	0.836324228197163	0.637295003861111	0.44558898809312	0.167564270176439	0.0326348849869389	2.27586763269505	TRUE
set1IT064	L-Alanine (N)	22-Mar-17 Caulo_ML2_set1	64	2747158	17	1926440	1920213	279	1637	579.774456521739	0.433541518133218	0.338389451039835	0.758643002051462	0.637295003861111	0.308436843825229	-0.0127395259016569	0.0129056731713508	7.2987163415845	TRUE
set1IT065	L-Valine (N)	22-Mar-17 Caulo_ML2_set1	65	3420005	18	2608885	2606773	69	1637	787.069142512077	0.151466907081073	0.288797412743548	0.736965594166207	0.637295003861111	0.122763278994547	0.037059789061623	0.106521889294296	10.5547642530144	TRUE
set1IT066	L-Isoleucine (N)	22-Mar-17 Caulo_ML2_set1	66	3138548	29	2886356	2884556	104	1637	870.940821256039	0.372724117405889	0.300969505825891	0.764269887256861	0.637295003861111	0.312447462412465	0.11212318595404	0.0567556410916636	11.6438233463623	TRUE
set1IT067	L-Leucine (N)	22-Mar-17 Caulo_ML2_set1	67	3418153	56	2737490	2735345	160	1637	825.889190821256	0.508219679951824	0.268910723437113	0.775080112079761	0.637295003861111	0.358543888612572	0.145338482560649	0.0601013353908644	10.7538013107973	TRUE
set1IT068	L-Methionine (N)	22-Mar-17 Caulo_ML2_set1	68	2827603	8	2099569	2098039	24	1637	633.465881642512	0.0920507523971078	0.37106352745654	0.868336464286081	0.637295003861111	0.125844673095889	0.000694518235382207	0.0057835246249159	11.4191087371305	FALSE
set1IT069	L-Phenylalanine (N)	22-Mar-17 Caulo_ML2_set1	69	2909093	93	2372295	2369072	134	1637	715.299516908213	0.646754060897299	0.35295947096693	0.881355503501381	0.637295003861111	0.443484031708758	0.163560196088589	-0.00798317421519653	10.3277332653796	TRUE
set1IT070	L-Tryptophan (N)	22-Mar-17 Caulo_ML2_set1	70	2410252	228	1622657	1616820	287	1637	488.170289855072	0.721008789862645	0.316097074522956	0.83116770512497	0.637295003861111	0.480608376636937	0.194861186256277	-0.00136846613370349	5.58173862514788	TRUE
set1IT071	L-Citrulline (N)	22-Mar-17 Caulo_ML2_set1	71	3303695	42	1767604	1764956	96	1637	532.897342995169	0.340727261007935	0.289003183162381	0.765534746362977	0.637295003861111	0.347635431528149	0.122916311804689	0.0835100621416695	9.80303706352389	TRUE
set1IT072	Casamino Acids (N)	22-Mar-17 Caulo_ML2_set1	72	2344337	124	1595652	1593069	286	1637	480.999094202899	0.702804125210384	0.305271401649423	0.845956730245412	0.637295003861111	0.456403405365	0.194624105324882	0.0355101752840298	2.13173063779192	TRUE
set1IT073	Putrescine (N)	22-Mar-17 Caulo_ML2_set1	73	2700252	261	1823462	1819692	270.5	1637	549.423913043478	0.769976262316174	0.361333653110526	0.907129808849127	0.637295003861111	0.454342787324458	0.138890120750017	0.00669384511576481	5.0188633936909	TRUE
set1IT074	N-Acetyl-D-glucosamine (N)	22-Mar-17 Caulo_ML2_set1	74	1774896	20	1580976	1579207	63	1637	476.813707729469	0.235528122727211	0.326259320514469	0.777607578663552	0.637295003861111	0.180914869547536	0.045895711603329	0.0693633264891134	13.636631455102	TRUE
set1IT075	D-Glucosamine Hydrochloride (N)	22-Mar-17 Caulo_ML2_set1	75	2546152	162	1740680	1737422	298	1637	524.583937198068	0.709795600071052	0.310348765578075	0.84708355078635	0.637295003861111	0.44795863140801	0.148557187184783	0.0192003749503139	7.08713495429796	TRUE
set1IT076	Adenosine (N)	22-Mar-17 Caulo_ML2_set1	76	2417799	46	1892706	1888067	113.5	1637	570.068538647343	0.521374751593603	0.314396882505908	0.76461125285049	0.637295003861111	0.371296442858151	0.0970798910163422	-0.00430607194247358	10.8069298639431	TRUE
set1IT077	Inosine (N)	22-Mar-17 Caulo_ML2_set1	77	2702461	161	1831814	1828173	323	1637	551.984601449275	0.739258567857343	0.290130528410156	0.827491213877552	0.637295003861111	0.501947124641729	0.201730841938658	0.0121962447173442	2.26581143387288	TRUE
set1IT078	Cytidine (N)	22-Mar-17 Caulo_ML2_set1	78	2515626	117	1715678	1712691	307	1637	517.116847826087	0.743714369789172	0.289494719945813	0.835437630299477	0.637295003861111	0.492723249417039	0.187428681434401	0.0273668593495324	5.09043412608882	TRUE
set1IT079	Glucuronamide (N)	22-Mar-17 Caulo_ML2_set1	79	2622460	132	1778015	1775137	318.5	1637	535.971316425121	0.73444332582669	0.289288845969864	0.838301288827571	0.637295003861111	0.478465367298792	0.180007794464233	0.0363865364375518	2.12670177058589	TRUE
set1IT080	Ammonium chloride (N)	22-Mar-17 Caulo_ML2_set1	80	2748829	82	1846693	1840266	310	1637	555.635869565217	0.728843900377148	0.340797918640703	0.874469117916141	0.637295003861111	0.50044748635392	0.158506995304758	-0.00701972881403007	2.85622683878659	TRUE
set1IT081	nitrate (N)	22-Mar-17 Caulo_ML2_set1	81	2574313	139	1725226	1720901	272.5	1637	519.595712560386	0.742658406130204	0.347949657293096	0.901244583442895	0.637295003861111	0.497017251733955	0.159221140067644	-0.00424692311022196	4.19953780746674	TRUE
set1IT082	Urea (N)	22-Mar-17 Caulo_ML2_set1	82	2375095	146	1611577	1607512	296.5	1637	485.359903381643	0.679132172136949	0.298336066694396	0.83367008957581	0.637295003861111	0.488268942046111	0.174078263440322	0.0453999201789378	2.01196212504494	TRUE
set1IT083	L-Arginine (N)	22-Mar-17 Caulo_ML2_set1	83	2294940	138	1578608	1573316	299	1637	475.035024154589	0.663014370741526	0.290318254356836	0.792588365802684	0.637295003861111	0.435040589454174	0.169927639102875	0.0450756023657399	3.27484884086843	TRUE
set1IT084	L-Histidine (N)	22-Mar-17 Caulo_ML2_set1	84	3444699	3	997571	996976	11	1637	301.019323671498	0.202289441011819	0.425966218535695	0.874469117916141	0.637295003861111	0.186122169589829	0.0390445210015468	0.0428939201011517	11.4609313739171	FALSE
set1IT085	L-aspartic (N)	22-Mar-17 Caulo_ML2_set1	85	2409450	143	1625308	1621438	282	1637	489.56461352657	0.704166589716366	0.317411929896199	0.859112803433252	0.637295003861111	0.488734316104182	0.176235748972816	-0.00884469493082051	2.21159963905516	TRUE
set1IT086	L-Glutamic (N)	22-Mar-17 Caulo_ML2_set1	86	2377877	130	1616894	1613544	301	1637	487.18115942029	0.722499868262117	0.281133621298331	0.816569222382701	0.637295003861111	0.455854114826186	0.160248096865401	0.0289035785418579	2.31195369519202	TRUE
set1IT087	L-Serine (N)	22-Mar-17 Caulo_ML2_set1	87	3109173	9	1924863	1923794	23	1637	580.855676328502	0.196473396669897	0.377579466630904	0.793549122532573	0.637295003861111	0.163828073112286	-0.0240092652639478	0.0582574098243255	11.450254046892	FALSE
set1IT088	L-Asparagine (N)	22-Mar-17 Caulo_ML2_set1	88	2426421	84	1623542	1619294	242	1637	488.917270531401	0.642634687398343	0.279547803059396	0.784146863585772	0.637295003861111	0.446156114125075	0.103815550517095	-0.00162561578347397	6.7940643810876	TRUE
set1IT089	L-Glutamine (N)	22-Mar-17 Caulo_ML2_set1	89	2793162	7	1790315	1786835	160	1637	539.503321256039	0.270845168315884	0.684506779207648	1.11041349071721	0.637295003861111	0.152882150920434	0.0344670540215527	0.0684214379027909	8.85100557777992	FALSE
set1IT090	L-Proline (N)	22-Mar-17 Caulo_ML2_set1	90	2363705	133	1600766	1598054	284	1637	482.50422705314	0.725595507715361	0.294408401788056	0.822034853899257	0.637295003861111	0.456284858026034	0.160754051106135	0.0217510784468875	2.82641310678921	TRUE
set1IT091	L-Alanine (N)	22-Mar-17 Caulo_ML2_set1	91	3085644	30	2158434	2152008	259	1637	649.760869565217	0.438870163101373	0.322782940942958	0.75025107381617	0.637295003861111	0.329606057843648	0.00889655655582223	0.0164939788105072	8.03021133851763	TRUE
set1IT092	L-Valine (N)	22-Mar-17 Caulo_ML2_set1	92	2823502	23	2168510	2166130	59	1637	654.024758454106	0.162102365058492	0.305389129949089	0.736965594166207	0.637295003861111	0.158564338557418	0.0434825875695647	0.0942454339353447	10.4806605599907	TRUE
set1IT093	L-Isoleucine (N)	22-Mar-17 Caulo_ML2_set1	93	2774022	29	2552952	2550347	94	1637	770.032306763285	0.340644147407356	0.315027123126057	0.800961428545142	0.637295003861111	0.271804184011825	0.0635705201945852	0.0580556270650771	11.5684949035187	TRUE
set1IT094	L-Leucine (N)	22-Mar-17 Caulo_ML2_set1	94	2256848	39	1798764	1796656	126	1637	542.468599033816	0.38612628028987	0.298491866073055	0.777607578663552	0.637295003861111	0.298046396240629	0.123804516758512	0.0572427741920467	10.351128017896	TRUE
set1IT095	L-Methionine (N)	22-Mar-17 Caulo_ML2_set1	95	2703510	9	2072522	2070930	26	1637	625.280797101449	0.102212069383259	0.409852459927396	0.925999418556223	0.637295003861111	0.0786848605574494	-0.0135842521901103	0.0411970481070232	11.2044227771679	FALSE
set1IT096	L-Phenylalanine (N)	22-Mar-17 Caulo_ML2_set1	96	2656945	99	2167229	2164719	124	1637	653.598731884058	0.629025481826401	0.376123780286815	0.916073174288691	0.637295003861111	0.448143967369009	0.159521516788809	-0.0309552709863428	10.2921210533027	TRUE
set2IT001	L-Tryptophan (N)	22-Mar-17 Caulo_ML2_set2	97	2678463	229	1800708	1793922	320	984	541.643115942029	0.732324824449747	0.309891303839233	0.831173776409811	0.648275236077389	0.498120425744042	0.207414716178061	-0.00282269844605455	5.94302183380295	TRUE
set2IT002	L-Citrulline (N)	22-Mar-17 Caulo_ML2_set2	98	3898568	67	2098789	2094718	140	984	632.463164251208	0.318511232047376	0.299017322314465	0.765534746362976	0.648275236077389	0.318693266755677	0.145624397558481	0.0576469290961394	10.8068681943788	TRUE
set2IT003	Casamino Acids (N)	22-Mar-17 Caulo_ML2_set2	99	2621615	120	1804954	1801013	342	984	543.784118357488	0.651243190578318	0.264285733196652	0.789170524287722	0.648275236077389	0.465798273744751	0.185676238472034	0.042538905172787	2.36971230203888	TRUE
set2IT004	Putrescine (N)	22-Mar-17 Caulo_ML2_set2	100	2886062	281	1951027	1946885	293.5	984	587.827596618357	0.764615240168904	0.342129602228492	0.896926967063245	0.648275236077389	0.480130450650417	0.159960076267175	0.00818082868898174	4.69716072423217	TRUE
set2IT005	N-Acetyl-D-glucosamine (N)	22-Mar-17 Caulo_ML2_set2	101	2015009	23	1780347	1775130	85	984	535.969202898551	0.207409360221413	0.320263162347656	0.746738668687125	0.648275236077389	0.158064681968024	0.0851703822237403	0.0907438774443184	13.3762866493907	TRUE
set2IT006	D-Glucosamine Hydrochloride (N)	22-Mar-17 Caulo_ML2_set2	102	2940428	194	2008785	2005111	344	984	605.407910628019	0.727211492826028	0.305126404659193	0.839035952556319	0.648275236077389	0.464226989816348	0.167095758511805	0.0205173538230968	6.94944122465458	TRUE
set2IT007	Adenosine (N)	22-Mar-17 Caulo_ML2_set2	103	2621833	71	2049753	2043430	138	984	616.977657004831	0.469794332119609	0.31101599726346	0.748348969752632	0.648275236077389	0.35315971795205	0.067488976970646	0.0202939580884341	10.5090497108735	TRUE
set2IT008	Inosine (N)	22-Mar-17 Caulo_ML2_set2	104	2533439	194	1720023	1716108	306.5	984	518.148550724638	0.693730760882128	0.317836149344251	0.846165625998758	0.648275236077389	0.513623742911647	0.197070239179183	0.000311642023520212	2.92937009149027	TRUE
set2IT009	Cytidine (N)	22-Mar-17 Caulo_ML2_set2	105	2389922	104	1640095	1636182	314	984	494.016304347826	0.648092532014466	0.265786093734425	0.812965352273768	0.648275236077389	0.455247428969084	0.180850732959191	0.047787581209605	5.00110923576449	TRUE
set2IT010	Glucuronamide (N)	22-Mar-17 Caulo_ML2_set2	106	2963155	134	2017247	2013238	369	984	607.861714975845	0.701477552410387	0.27122173805282	0.82796832515854	0.648275236077389	0.479610939855243	0.190347380282912	0.0240753861696253	2.94747110629989	TRUE
set2IT011	Ammonium chloride (N)	22-Mar-17 Caulo_ML2_set2	107	3085694	105	2072329	2064794	350	984	623.428140096618	0.710297799480638	0.334953403213734	0.892800184708541	0.648275236077389	0.509030858657851	0.199555766751423	-0.00808147117695545	2.99242350465475	TRUE
set2IT012	nitrate (N)	22-Mar-17 Caulo_ML2_set2	108	2731526	291	1818553	1810470	275.5	984	546.639492753623	0.716302528907793	0.398566341540185	0.935869662580284	0.648275236077389	0.512732519295655	0.188710378198034	-0.022950035721637	4.82056343081562	TRUE
set2IT013	Urea (N)	22-Mar-17 Caulo_ML2_set2	109	2984172	138	2031865	2026216	384	984	611.780193236715	0.656892550674825	0.283148802571576	0.818868939410332	0.648275236077389	0.481928838611653	0.191713413022547	0.0331399534245909	2.1382892282168	TRUE
set2IT014	Time0	22-Mar-17 Caulo_ML2_set2	110	3347679	111	2333260	2327109	523	468.5	702.629528985507	0.0387600815121913	0.17614743224688	0.655056905914361	0.647780325301865	0.086434710620608	-0.011715388580322	-0.0049086734245356	1.8252474552378	FALSE
set2IT015	Time0	22-Mar-17 Caulo_ML2_set2	111	3000760	81	2093511	2087735	468.5	523	630.354770531401	0.0387600815121913	0.17614743224688	0.647780325301865	0.655056905914361	0.086434710620608	-0.011715388580322	0.00490867342453561	2.24649284453339	FALSE
set2IT016	PYE pH6 copy A	22-Mar-17 Caulo_ML2_set2	112	2831358	100	1937123	1933844	355	984	583.890096618357	0.703995499810258	0.28618600527781	0.831032415182887	0.648275236077389	0.501381859830165	0.207681045653267	0.0410259638668993	2.32316105899545	TRUE
set2IT017	PYE pH6 copy B	22-Mar-17 Caulo_ML2_set2	113	2884632	165	1973475	1969160	363	984	594.553140096618	0.676821438765397	0.279420051682282	0.831836475143095	0.648275236077389	0.516610992709159	0.15988865525795	0.042543975335496	2.13400716125015	TRUE
set3IT001	PYE with Chloramphenicol 0.0001 mg/ml	1-May-17 Caulo_ML2_set3	114	2336490	165	1593695	1591817	218	2182.5	480.621074879227	0.691616856181684	0.295362283018599	0.941198501823986	0.674610092572895	0.501051775432726	0.166505979183823	0.0131864354899413	2.85962097344256	TRUE
set3IT002	PYE with Chloramphenicol 0.0005 mg/ml	1-May-17 Caulo_ML2_set3	115	3276293	74	1001745	1000736	108	2182.5	302.154589371981	0.56933082117844	0.409485427010963	0.964445498641378	0.674610092572895	0.434112531985458	0.132569067598463	0.00952669294683754	8.48687269804862	TRUE
set3IT003	PYE with Tetracycline 0.00005 mg/ml	1-May-17 Caulo_ML2_set3	116	2420910	170	1649351	1647516	220.5	2182.5	497.438405797101	0.660608250389001	0.35277218037646	0.957351521359409	0.674610092572895	0.486771561503252	0.161245719313331	0.0182133119950757	2.87200328770772	TRUE
set3IT004	PYE with Tetracycline 0.0001 mg/ml	1-May-17 Caulo_ML2_set3	117	2666213	207	1816738	1814346	223	2182.5	547.809782608696	0.692240060415217	0.325816680684133	0.993955170554474	0.674610092572895	0.523087842971299	0.161516620187466	0.00410125131319617	3.50043264773774	TRUE
set3IT005	PYE with Spectinomycin 0.025 mg/ml	1-May-17 Caulo_ML2_set3	118	2454819	150	1688766	1686763	214	2182.5	509.288345410628	0.698377481472425	0.315900353503399	0.936152266901409	0.674610092572895	0.491703444725938	0.162278730630018	0.0112657840527924	3.95351592426935	TRUE
set3IT006	PYE with Spectinomycin 0.08 mg/ml	1-May-17 Caulo_ML2_set3	119	2797987	67	2180810	2177691	143	2182.5	657.515398550725	0.624342868710311	0.321967830117474	0.945936322362407	0.674610092572895	0.476988817166466	0.128230697525305	-0.0165492700782337	9.96117365291249	TRUE
set3IT007	PYE with Carbenicillin 0.1 mg/ml	1-May-17 Caulo_ML2_set3	120	2702338	193	1828823	1825727	257	2182.5	551.246074879227	0.691995611421695	0.302642287274562	0.926498793806658	0.674610092572895	0.482201066817415	0.179884190145026	-0.0190556496113974	3.34014033318224	TRUE
set3IT008	PYE with Carbenicillin 0.25 mg/ml	1-May-17 Caulo_ML2_set3	121	2540361	162	1702933	1699570	197	2182.5	513.155193236715	0.674704918870012	0.362346169569501	0.979167472607179	0.674610092572895	0.473250181717651	0.142238349537057	-0.0511434444421261	5.23549540766512	TRUE
set3IT009	PYE with Carbenicillin 0.5 mg/ml	1-May-17 Caulo_ML2_set3	122	1520925	28	1146766	1141434	26	2182.5	344.635869565217	0.426304228475025	0.503632738075128	1	0.674610092572895	0.273889655480323	0.0208010570110877	-0.0600546922331951	12.9482599107721	FALSE
set3IT010	PYE with Nalidixic 0.03 mg/ml	1-May-17 Caulo_ML2_set3	123	2700047	176	1826481	1824481	246	2182.5	550.869867149758	0.675961263438231	0.328776995831588	0.956952588146188	0.674610092572895	0.501382988164462	0.179586473552851	0.00461439730831467	3.1261317505786	TRUE
set3IT011	PYE with Nalidixic 0.06 mg/ml	1-May-17 Caulo_ML2_set3	124	2247049	185	1556222	1553314	197	2182.5	468.99577294686	0.414504593515208	0.454052559395323	0.9404576033984	0.674610092572895	0.259856929013471	0.0224471295557684	0.0154070834292735	5.91405104617329	TRUE
set3IT012	PYE with Nalidixic 0.12 mg/ml	1-May-17 Caulo_ML2_set3	125	2306757	3	1607984	1601180	57	2182.5	483.44806763285	0.144001371570549	0.867639407242583	1.94827432569353	0.674610092572895	0.0836982947288912	0.017837461479617	-0.0162017346090402	9.03713481322946	FALSE
set3IT013	PYE with Gentamicin 0.0005 mg/ml	1-May-17 Caulo_ML2_set3	126	2861380	92	2161853	2160490	113	2182.5	652.321859903382	0.607701600385821	0.365575274216301	1	0.674610092572895	0.435542720224719	0.148083106315975	-0.0209370810196927	6.98093136665972	TRUE
set3IT014	PYE	1-May-17 Caulo_ML2_set3	127	2796207	155	1902213	1899918	280	2182.5	573.646739130435	0.699212597657351	0.268358462633271	0.940082971933496	0.674610092572895	0.516903613416129	0.202022288720855	0.0245338239069473	2.67499506443672	TRUE
set3IT015	PYE with Nickel (II) chloride 0.15 mM	1-May-17 Caulo_ML2_set3	128	2605338	80	1846789	1843412	285	2182.5	556.585748792271	0.499810773532523	0.197792061657362	0.775113578595266	0.674610092572895	0.296241518462301	0.0633515635481314	0.0380950097153309	6.01439290675042	TRUE
set3IT016	PYE with Nickel (II) chloride 0.3 mM	1-May-17 Caulo_ML2_set3	129	3563482	32	743551	742790	62	2182.5	224.272342995169	0.312478946745634	0.346171618441652	0.807354922057604	0.674610092572895	0.302296864682514	0.0386565598719152	0.0293971073488524	10.2783518899576	TRUE
set3IT017	PYE with Cobalt chloride 0.04 mM	1-May-17 Caulo_ML2_set3	130	2547121	163	1736675	1734626	243	2182.5	523.739734299517	0.686867069856996	0.276536460643542	0.905808314684364	0.674610092572895	0.489513956270847	0.172686715806132	0.022125683400539	3.19635697403087	TRUE
set3IT018	PYE with Cobalt chloride 0.08 mM	1-May-17 Caulo_ML2_set3	131	2094989	41	1377301	1374336	232.5	2182.5	414.95652173913	0.401485588662594	0.237553073825846	0.724913711578593	0.674610092572895	0.252886115878314	-0.04816842008241	0.0254263722817094	4.35410559957982	TRUE
set3IT019	PYE with copper (II) chloride 0.25 mM	1-May-17 Caulo_ML2_set3	132	2664192	177	1833570	1830572	179	2182.5	552.708937198068	0.67302503815243	0.387788936099591	1.02096293188385	0.674610092572895	0.468188904670097	0.147857346396783	-0.0435248251588301	5.78348884092211	TRUE
set3IT020	PYE with sodium fluoride 7.5 mM	1-May-17 Caulo_ML2_set3	133	2565085	139	1746475	1743965	294	2182.5	526.559480676328	0.650915037310877	0.245973224296495	0.859066563503978	0.674610092572895	0.505692857023193	0.192493537971706	0.0543135050313272	2.25838774420532	TRUE
set3IT021	PYE with sodium fluoride 15 mM	1-May-17 Caulo_ML2_set3	134	1937468	97	1323078	1320332	234.5	2182.5	398.650966183575	0.478767257795664	0.309796969900791	0.817648809932188	0.674610092572895	0.434935250950794	0.149778477140991	0.0627053381164918	1.9917908563203	TRUE
set3IT022	PYE with sodium fluoride 30 mM	1-May-17 Caulo_ML2_set3	135	2303192	156	1554534	1551700	219	2182.5	468.50845410628	0.672564010847139	0.333243800408608	0.959147679440384	0.674610092572895	0.500590497291728	0.178311585537692	0.0204064970938286	3.16686768807159	TRUE
set3IT023	PYE with Paraquat dichloride 0.015 mg/ml	1-May-17 Caulo_ML2_set3	136	2190436	168	1494208	1492329	163	2182.5	450.582427536232	0.629251112073886	0.383126207772317	0.980990895305068	0.674610092572895	0.438434021607913	0.159771167097952	-0.014049027686228	4.8132797891527	TRUE
set3IT024	PYE with Paraquat dichloride 0.03 mg/ml	1-May-17 Caulo_ML2_set3	137	2110343	117	1380144	1378297	137	2182.5	416.152475845411	0.574106607377716	0.387005541078661	0.971764588890588	0.674610092572895	0.436314630171733	0.170416390257899	-0.00705757238005908	5.50746488343543	TRUE
set3IT025	PYE with Thallium(I) acetate 0.002 mg/ml	1-May-17 Caulo_ML2_set3	138	2661122	147	1847431	1844385	281.5	2182.5	556.879528985507	0.598191302977759	0.279452871951214	0.861446333993849	0.674610092572895	0.404212418384765	0.163190717163993	0.0256602203398299	4.48703473082609	TRUE
set3IT026	PYE with Thallium(I) acetate 0.004 mg/ml	1-May-17 Caulo_ML2_set3	139	932237	44	667030	666130	73	2182.5	201.126207729469	0.425578494663054	0.371287138033731	0.857980995127572	0.674610092572895	0.331068894988554	0.0974334783161128	0.039357680175595	7.92198219545379	TRUE
set3IT027	PYE with Cisplatin 0.0025 mg/ml	1-May-17 Caulo_ML2_set3	140	2708585	179	1845044	1841858	290	2182.5	556.11654589372	0.675119428497777	0.27795947044976	0.893084796083488	0.674610092572895	0.501383569370267	0.185757588356727	0.00566957191981314	2.83090780727081	TRUE
set3IT028	PYE with Cisplatin 0.005 mg/ml	1-May-17 Caulo_ML2_set3	141	3205753	206	2183855	2180057	347	2182.5	658.229770531401	0.676544745402032	0.303227722297418	0.89708321773045	0.674610092572895	0.406399664055294	0.146100583558792	-0.0053512784699981	2.97130504918083	TRUE
set3IT029	PYE with Cisplatin 0.01 mg/ml	1-May-17 Caulo_ML2_set3	142	2465864	120	1689034	1686953	219.5	2182.5	509.345712560386	0.525442316359189	0.583660788006315	1.13258210918444	0.674610092572895	0.330513154270766	0.070780970318777	0.0295784297291356	4.41251091815092	FALSE
set3IT030	PYE	1-May-17 Caulo_ML2_set3	143	2487248	166	1691382	1689076	252	2182.5	509.986714975845	0.68886779441315	0.283408877570954	0.906337626995434	0.674610092572895	0.518435529241237	0.208134192938771	0.0374509217335035	2.46089482263436	TRUE
set3IT031	PYE with nitrite 1.25 mM	1-May-17 Caulo_ML2_set3	144	2798282	170	1905382	1902916	268.5	2182.5	574.55193236715	0.646531426236746	0.309357964327217	0.917537839808027	0.674610092572895	0.49957780886372	0.180547534992962	0.0270323678251615	2.82818874452655	TRUE
set3IT032	PYE with nitrite 2.5 mM	1-May-17 Caulo_ML2_set3	145	2625570	228	1774268	1772503	215	2182.5	535.176026570048	0.701702456715828	0.346564914065023	1.02084681758608	0.674610092572895	0.503019294469779	0.134375896645523	0.00739156842353418	3.22456415313385	TRUE
set3IT033	PYE with nitrite 5 mM	1-May-17 Caulo_ML2_set3	146	3098508	181	2092725	2091560	124.5	2182.5	631.509661835749	0.629390533526906	0.470106310149767	1.20116560570339	0.674610092572895	0.458768813300333	0.144681847481109	-0.0405050114278072	6.21112589464209	TRUE
set3IT034	PYE with nitrate 100 mM	1-May-17 Caulo_ML2_set3	147	2290068	192	1542685	1540955	168	2182.5	465.264190821256	0.695194016148846	0.411912900314784	1.0703893278914	0.674610092572895	0.484144109081586	0.185334075887898	-0.00529029373682581	4.1695917257793	TRUE
set3IT035	PYE with Sisomicin 0.004 mg/ml	1-May-17 Caulo_ML2_set3	148	2438006	176	1722115	1719505	195	2182.5	519.174214975845	0.648664240682173	0.338945667977702	0.959358015502654	0.674610092572895	0.41457257708498	0.159062836069463	0.00701338530212204	5.09523721972023	TRUE
set3IT036	PYE with Chlorate 40 mM	1-May-17 Caulo_ML2_set3	149	2211543	122	1499976	1497601	221.5	2182.5	452.174214975845	0.639018132675673	0.343065270743742	0.94917471707659	0.674610092572895	0.492900243698202	0.171048957965122	0.0163509135318582	2.42443102915868	TRUE
set3IT037	PYE with Chlorite 0.5 mM	1-May-17 Caulo_ML2_set3	150	3047234	199	2060635	2057947	291	2182.5	621.360809178744	0.71084452319894	0.312103870529816	0.958765551191235	0.674610092572895	0.537737677541115	0.183180990525577	0.0261416746706939	2.51885210019658	TRUE
set3IT038	PYE with perchlorate 25 mM	1-May-17 Caulo_ML2_set3	151	2793381	162	1896938	1894149	267	2182.5	571.904891304348	0.698265381838144	0.293247041271703	0.943730032829809	0.674610092572895	0.524003961077139	0.17559905310619	0.00180792867409291	2.67425420963825	TRUE
set3IT039	PYE with perchlorate 50 mM	1-May-17 Caulo_ML2_set3	152	2724287	217	1847312	1843705	229	2182.5	556.674214975845	0.700988715089307	0.331772213721321	0.977953136353675	0.674610092572895	0.51959481944534	0.154722665909953	-0.00414715107006017	3.36451155390258	TRUE
set3IT040	PYE with Polymyxin B sulfate 0.005 mg/ml	1-May-17 Caulo_ML2_set3	153	2470095	135	1693205	1691129	130	2182.5	510.606582125604	0.61940850659965	0.455412787949937	1.1096244911745	0.674610092572895	0.43929843930372	0.136719456699777	-0.0474019720222757	5.04248771188013	TRUE
set3IT041	PYE with Polymyxin B sulfate 0.01 mg/ml	1-May-17 Caulo_ML2_set3	154	2268470	3	1735665	1731418	25	2182.5	522.771135265701	0.217511336876727	0.429225207146564	0.917537839808027	0.674610092572895	0.163270461430715	0.0411061771895404	-0.044380873849196	11.9175223445005	FALSE
set3IT042	PYE with Chloride 100 mM	1-May-17 Caulo_ML2_set3	155	2421327	100	945758	942465	97	2182.5	284.560688405797	0.647165925407048	0.427545892745664	1.05154674648205	0.674610092572895	0.469526225513379	0.178930131078033	-0.0145564804073371	6.67078698883293	TRUE
set3IT043	PYE	1-May-17 Caulo_ML2_set3	156	3288529	224	2236271	2230963	333	2182.5	673.599939613527	0.683236029905673	0.27466781478757	0.931450137467868	0.674610092572895	0.506310548417683	0.188977892574895	0.0100711659708929	2.5815431553864	TRUE
set3IT044	PYE with Benzethonium chloride 0.001 mM	1-May-17 Caulo_ML2_set3	157	2622062	220	1776049	1774453	176	2182.5	535.76479468599	0.697795241931173	0.398631337302005	1.07581950671718	0.674610092572895	0.505412246940379	0.167565058364221	-0.0146472272370577	3.95643265190337	TRUE
set3IT045	PYE with Benzethonium chloride 0.003 mM	1-May-17 Caulo_ML2_set3	158	2984907	6	1182519	1182016	23	2182.5	356.888888888889	0.143512155497099	0.432569302053653	0.925999418556223	0.674610092572895	0.148192772193783	0.00407941125595038	-0.0184903498716143	10.7997366118751	FALSE
set3IT046	PYE with Benzethonium chloride 0.006 mM	1-May-17 Caulo_ML2_set3	159	2553791	4	1366745	1366526	15	2182.5	412.598429951691	0.0612050125832472	0.543247789871848	0.874469117916141	0.674610092572895	0.223408407447839	0.0677743350324917	0.013147696601407	12.3572223787131	FALSE
set3IT047	PYE with Benzalkonium Chloride 0.0001 mg/ml	1-May-17 Caulo_ML2_set3	160	2397299	133	1642222	1640661	138.5	2182.5	495.36865942029	0.637241725850672	0.421575315840555	1.07800251200127	0.674610092572895	0.461435411143892	0.145094073840853	-0.043974892817665	4.40340136715656	TRUE
set3IT048	PYE with Benzalkonium Chloride 0.0005 mg/ml	1-May-17 Caulo_ML2_set3	161	2624265	7	1215383	1214918	17	2182.5	366.82306763285	0.136597008666941	0.474002875418899	1	0.674610092572895	0.131703271689713	0.0360123516503694	-0.0267115399198716	12.0203729557179	FALSE
set3IT049	PYE with Benzalkonium Chloride 0.001 mg/ml	1-May-17 Caulo_ML2_set3	162	3072253	5	2001665	2001340	26	2182.5	604.269323671498	0.182198684651592	0.509909521799264	0.874469117916141	0.674610092572895	0.120404315683588	0.000571218871350198	-0.00591997379648127	13.0202570048083	FALSE
set3IT050	PYE with Aluminum chloride 1.25 mM	1-May-17 Caulo_ML2_set3	163	2648702	176	1794542	1792009	270	2182.5	541.065519323672	0.697507110574138	0.29103763501177	0.93137515097961	0.674610092572895	0.515891102250151	0.209015390931358	0.030905475905494	2.35109442925842	TRUE
set3IT051	PYE with benzoic 0.2 mg/ml	1-May-17 Caulo_ML2_set3	164	2555803	184	1724231	1722607	181	2182.5	520.110809178744	0.685678868742895	0.391181950290283	1.04765554384459	0.674610092572895	0.48455758103672	0.190946816477926	-0.00632273374137707	4.32271942885176	TRUE
set3IT052	PYE with Phosphomycin 0.005 mg/ml	1-May-17 Caulo_ML2_set3	165	2356480	44	1256312	1253269	93	2182.5	378.402475845411	0.443036972875326	0.408266839833292	0.932885804141463	0.674610092572895	0.307307182953254	0.109239519953984	0.036030479406019	8.9094321609533	TRUE
set3IT053	PYE with Phosphomycin 0.01 mg/ml	1-May-17 Caulo_ML2_set3	166	2826717	10	553001	551822	17	2182.5	166.612922705314	0.049366034925878	0.558204022764867	0.874469117916141	0.674610092572895	0.0871024451336489	0.0136978729703806	-0.0194590792242517	9.1685903574481	FALSE
set3IT054	PYE with Bacitracin 0.03 mg/ml	1-May-17 Caulo_ML2_set3	167	2069584	1	1157996	1154315	9	2182.5	348.525060386473	0.252574133049335	0.413200293955952	1	0.674610092572895	0.170070781473131	0.0675804682960786	-0.0314687281266815	13.1106451663868	FALSE
set3IT055	PYE with Bacitracin 0.06 mg/ml	1-May-17 Caulo_ML2_set3	168	1932316	7	1124549	1121914	16	2182.5	338.742149758454	0.184681372829147	0.423180472311211	0.956931278108114	0.674610092572895	0.0829973491496419	0.00509031715389495	-0.0132136079929525	12.542520403394	FALSE
set3IT056	PYE with Dimethyl Sulfoxide 5 vol%	1-May-17 Caulo_ML2_set3	169	2712605	202	1836148	1834311	227.5	2182.5	553.837862318841	0.69019464758828	0.333098947809879	1.00607684309339	0.674610092572895	0.531509883997183	0.175301920569895	0.00682306974345903	3.15250142103688	TRUE
set3IT057	PYE with Dimethyl Sulfoxide 7.5 vol%	1-May-17 Caulo_ML2_set3	170	2923130	194	1977753	1976072	185	2182.5	596.640096618357	0.680532586482738	0.395922686947251	1.09675625830711	0.674610092572895	0.497141955377501	0.17489749212244	-0.0239767677927637	4.2484638060702	TRUE
set3IT058	PYE	1-May-17 Caulo_ML2_set3	171	2353049	150	1598985	1596760	238	2182.5	482.113526570048	0.684477067385388	0.283359998559886	0.904824702867166	0.674610092572895	0.522217956245519	0.190309468750554	0.0250789399508435	2.5003597674647	TRUE
set3IT059	PYE with Vancomycin 0.007 mg/ml	1-May-17 Caulo_ML2_set3	172	2472195	45	1710535	1708692	84	2182.5	515.909420289855	0.567571994366072	0.371950935428199	0.994964949891928	0.674610092572895	0.437731490992831	0.11615700295108	-0.0271643330628007	7.39348207044487	TRUE
set3IT060	PYE with Vancomycin 0.016 mg/ml	1-May-17 Caulo_ML2_set3	173	440398	8	318158	317982	13	2182.5	96.0090579710145	0.176770811071277	0.487141751890054	0.99260149903596	0.674610092572895	0.159688108704882	-0.0317484048707447	-0.0619869221352971	8.26099454301906	FALSE
set3IT061	PYE with A22 0.005 mg/ml	1-May-17 Caulo_ML2_set3	174	2827966	235	1922849	1918405	303	2182.5	579.228562801932	0.671922874492437	0.284544428771003	0.901567045952304	0.674610092572895	0.509380510574959	0.180768550071679	-0.0122548631508304	3.10288475972988	TRUE
set3IT062	PYE with Lomefloxacin 0.01 mM	1-May-17 Caulo_ML2_set3	175	3192675	10	1729405	1728384	29	2182.5	521.855072463768	0.381480062243304	0.468219760314215	0.949311489812459	0.674610092572895	0.14787272501426	0.0546617619333497	-0.012195139149109	12.0554179441356	FALSE
set3IT063	PYE with Doxycycline hyclate 0.0001 mg/ml	1-May-17 Caulo_ML2_set3	176	2450955	98	1627727	1625863	124	2182.5	490.900664251208	0.652487909006397	0.351916647909476	1	0.674610092572895	0.488172969671524	0.102273563717952	-0.00268871107655086	8.55098552134457	TRUE
set3IT064	PYE	1-May-17 Caulo_ML2_set3	177	2560015	158	1741965	1739658	257	2182.5	525.259057971014	0.687924512453793	0.275754910405499	0.918758641099476	0.674610092572895	0.508927376279915	0.179186094827004	0.0228517868672302	2.46941171415845	TRUE
set3IT065	PYE with Chloramphenicol 0.0001 mg/ml	1-May-17 Caulo_ML2_set3	178	2606417	166	1772652	1770735	247.5	2182.5	534.642210144928	0.695402624264625	0.300276197181864	0.954671037301307	0.674610092572895	0.522996374702271	0.181336943860872	0.0255140645876294	2.89548702123108	TRUE
set3IT066	PYE with Chloramphenicol 0.0005 mg/ml	1-May-17 Caulo_ML2_set3	179	2773234	77	1434773	1433504	115	2182.5	432.821256038647	0.64112076867328	0.338234809942507	0.889758772597629	0.674610092572895	0.450023252254054	0.148465072752046	0.0170143616202779	10.3581134621317	TRUE
set3IT067	PYE with Tetracycline 0.00005 mg/ml	1-May-17 Caulo_ML2_set3	180	3063108	230	2084807	2081674	292	2182.5	628.524758454106	0.68633943009337	0.298968508598721	0.940131060032842	0.674610092572895	0.522134899003044	0.174018063685806	0.0183793020608115	2.94696623115871	TRUE
set3IT068	PYE with Tetracycline 0.0001 mg/ml	1-May-17 Caulo_ML2_set3	181	2500703	227	1708158	1705510	225	2182.5	514.948671497585	0.692615139625726	0.314912543031114	0.950621562048829	0.674610092572895	0.529959810279877	0.170113313813187	0.00442938726024828	3.54919116622918	TRUE
set3IT069	PYE with Spectinomycin 0.025 mg/ml	1-May-17 Caulo_ML2_set3	182	2536549	150	1745861	1743809	223	2182.5	526.512379227053	0.698315787876047	0.317992244212591	0.934411658372423	0.674610092572895	0.508876297069327	0.16475376360245	0.0223951948629427	4.0315198835465	TRUE
set3IT070	PYE with Spectinomycin 0.08 mg/ml	1-May-17 Caulo_ML2_set3	183	2467783	37	2016846	2013978	72.5	2182.5	608.085144927536	0.510178901610218	0.348783923123979	0.982808502987168	0.674610092572895	0.397227456864196	0.0972861006523069	-0.0135771614263549	10.9986125343846	TRUE
set3IT071	PYE with Carbenicillin 0.1 mg/ml	1-May-17 Caulo_ML2_set3	184	2741075	182	1856401	1852347	260	2182.5	559.283514492754	0.681544773500007	0.297255650712363	0.9222905526125	0.674610092572895	0.479122485899107	0.176738826853504	-0.0259981179768779	3.35788952006708	TRUE
set3IT072	PYE with Carbenicillin 0.25 mg/ml	1-May-17 Caulo_ML2_set3	185	2508822	195	1685499	1681796	191	2182.5	507.788647342995	0.675926628091573	0.381114041780398	1	0.674610092572895	0.464824803687294	0.139305311002422	-0.0641020353516436	5.37374295349493	TRUE
set3IT073	PYE with Carbenicillin 0.5 mg/ml	1-May-17 Caulo_ML2_set3	186	2274551	22	1754593	1750780	33	2182.5	528.617149758454	0.430521815251053	0.451693547096047	1	0.674610092572895	0.303725760996453	0.0619552114623813	-0.0711125351313562	12.9753868548044	FALSE
set3IT074	PYE with Nalidixic 0.03 mg/ml	1-May-17 Caulo_ML2_set3	187	2581864	193	1747270	1744846	233	2182.5	526.825483091787	0.673665480947597	0.325455965549946	0.955188313324275	0.674610092572895	0.506201005908807	0.174533691217123	0.0105996926126711	3.21884302049598	TRUE
set3IT075	PYE with Nalidixic 0.06 mg/ml	1-May-17 Caulo_ML2_set3	188	2768444	144	1913225	1908671	262	2182.5	576.289553140097	0.439928767779308	0.41849209737545	0.895166530865882	0.674610092572895	0.277833630436738	0.0317572760491515	0.033696751934827	5.72158630336274	TRUE
set3IT076	PYE with Nalidixic 0.12 mg/ml	1-May-17 Caulo_ML2_set3	189	2400103	2	1709722	1707248	26	2182.5	515.473429951691	0.152605217817966	0.826808605869502	1.70074707220481	0.674610092572895	0.0731647488001404	0.0070375009153015	0.0322556463168712	8.03503581300649	FALSE
set3IT077	PYE with Gentamicin 0.0005 mg/ml	1-May-17 Caulo_ML2_set3	190	2714896	101	2021165	2019710	130	2182.5	609.815821256039	0.625050300256751	0.343634724435844	1	0.674610092572895	0.479255905004371	0.13982080322609	-0.0154037581033432	6.54497483229649	TRUE
set3IT078	PYE	1-May-17 Caulo_ML2_set3	191	2415540	126	1644397	1641326	250	2182.5	495.569444444444	0.638283793724613	0.295971630385082	0.891179684502168	0.674610092572895	0.465178573016871	0.172907181876931	0.0284903211839302	2.35784431401637	TRUE
set3IT079	PYE with Nickel (II) chloride 0.15 mM	1-May-17 Caulo_ML2_set3	192	3339178	140	2374157	2369668	365	2182.5	715.479468599034	0.497479960956558	0.197748404575249	0.778196991861471	0.674610092572895	0.291515431504595	0.0625111165854532	0.0300251282104397	6.19087997316994	TRUE
set3IT080	PYE with Nickel (II) chloride 0.3 mM	1-May-17 Caulo_ML2_set3	193	3817585	32	596959	596106	71	2182.5	179.983695652174	0.387675330346839	0.348488200405138	0.840418790893848	0.674610092572895	0.265639320978267	0.0336185832867542	0.0546740075676907	11.171614464242	TRUE
set3IT081	PYE with Cobalt chloride 0.04 mM	1-May-17 Caulo_ML2_set3	194	2645837	144	1807898	1805307	256	2182.5	545.080615942029	0.665791879518471	0.284466784000206	0.914741667142414	0.674610092572895	0.470723300016661	0.151415373845535	0.0137430297208784	3.20790101542309	TRUE
set3IT082	PYE with Cobalt chloride 0.08 mM	1-May-17 Caulo_ML2_set3	195	2236493	57	1450733	1447385	241.5	2182.5	437.012379227053	0.426985926585234	0.25164178526163	0.736965594166206	0.674610092572895	0.276450668466267	-0.0989532805438817	0.0174777214389762	4.5429528168685	TRUE
set3IT083	PYE with copper (II) chloride 0.25 mM	1-May-17 Caulo_ML2_set3	196	2500086	146	1728833	1725440	163.5	2182.5	520.966183574879	0.666290563581378	0.398623917346958	1	0.674610092572895	0.459253737062091	0.162968373439503	-0.034326335033539	5.96052599191025	TRUE
set3IT084	PYE with sodium fluoride 7.5 mM	1-May-17 Caulo_ML2_set3	197	2792266	127	1903638	1899840	324	2182.5	573.623188405797	0.60215949976343	0.247106196600594	0.836644805180622	0.674610092572895	0.506602920919532	0.182596601726206	0.0205433930442542	2.15724657567757	TRUE
set3IT085	PYE with sodium fluoride 15 mM	1-May-17 Caulo_ML2_set3	198	2490859	141	1702571	1698994	305	2182.5	512.981280193237	0.610682055668433	0.220774667745674	0.809949350329019	0.674610092572895	0.462791799721487	0.208898105154912	0.042201698267301	2.38629034402204	TRUE
set3IT086	PYE with sodium fluoride 30 mM	1-May-17 Caulo_ML2_set3	199	2506487	188	1699057	1694032	246	2182.5	511.48309178744	0.669657859893247	0.333381855783759	0.935988022990829	0.674610092572895	0.500132130062526	0.19658905001922	-0.00298787242888999	3.51275757173812	TRUE
set3IT087	PYE with Paraquat dichloride 0.015 mg/ml	1-May-17 Caulo_ML2_set3	200	2514965	169	1717582	1715771	187	2182.5	518.046799516908	0.684219785490926	0.351476212433143	1	0.674610092572895	0.457121271216912	0.1526849341556	-0.00342674103535174	4.83058373797137	TRUE
set3IT088	PYE with Paraquat dichloride 0.03 mg/ml	1-May-17 Caulo_ML2_set3	201	2421935	150	1564069	1562234	151.5	2182.5	471.689009661836	0.620223968241912	0.330870256654747	0.953110814241109	0.674610092572895	0.426509236067575	0.155655375637385	0.00492569865434159	6.06679524877631	TRUE
set3IT089	PYE with Thallium(I) acetate 0.002 mg/ml	1-May-17 Caulo_ML2_set3	202	2282008	154	1570188	1568031	230	2182.5	473.439311594203	0.685280986918069	0.284064395936341	0.886231688826472	0.674610092572895	0.475732709149	0.170595664980888	0.0282183236189911	4.08275846558706	TRUE
set3IT090	PYE with Thallium(I) acetate 0.004 mg/ml	1-May-17 Caulo_ML2_set3	203	3199084	30	2923149	2922215	98	2182.5	882.311292270531	0.307439165225135	0.375266081751442	0.84799690655495	0.674610092572895	0.317833455891104	0.0701933706378603	0.0416520509684772	5.06177469368816	TRUE
set3IT091	Time0	1-May-17 Caulo_ML2_set3	204	2817044	103	1949054	1944566	406	1775	587.127415458937	0.0320204970633758	0.142495866165532	0.698435548349567	0.673269263692799	0.0265441369238094	-0.0217639364440532	0.014958922169991	1.03568311402197	FALSE
set3IT092	Time0	1-May-17 Caulo_ML2_set3	205	2469401	99	1705150	1701530	349	1828.5	513.746980676328	0.18565801410039	0.147792554930058	0.703444732564846	0.67321291937443	0.105405640988847	0.0124470114043853	0.0399328383882891	1.11412137243158	FALSE
set3IT093	Time0	1-May-17 Caulo_ML2_set3	206	2512173	87	1748218	1742936	387	1794.5	526.248792270531	0.424015566037073	0.17649017097934	0.653813462044469	0.685455550186918	0.353098175981477	0.150306435281315	-0.032210650241352	1.45898254990863	FALSE
set3IT094	Time0	1-May-17 Caulo_ML2_set3	207	2229852	69	1541757	1538541	324	1849.5	464.535326086957	0.0406965108038977	0.193073825686251	0.718179060182968	0.675670131621287	0.0446303990826202	0.0287765061909812	0.0696646636288617	1.23130806096048	FALSE
set3IT095	Time0	1-May-17 Caulo_ML2_set3	208	2312945	123	1598515	1595042	326.5	1854	481.594806763285	0.179787729877575	0.158033367554805	0.714230354006577	0.675572605353635	0.167453406330589	0.0644208027933249	0.087632262005186	1.11296936855608	FALSE
set3IT096	Time0	1-May-17 Caulo_ML2_set3	209	2596478	131	1799811	1795342	383.5	1795.5	542.071859903382	0.0813220463238576	0.170236347061612	0.694218827661138	0.679343116978744	0.118938276355981	-0.0127899708090925	-0.0471817402583947	1.04826598270079	FALSE
set4IT001	PYE with Cisplatin 0.0025 mg/ml	1-May-17 Caulo_ML2_set4	210	2680901	141	1825915	1823321	284	759	550.519625603865	0.639998970555975	0.25825427084732	0.874469117916141	0.702672517028841	0.446478269751303	0.182151801450894	-0.0327258941054176	1.80017683333327	TRUE
set4IT002	PYE with Cisplatin 0.005 mg/ml	1-May-17 Caulo_ML2_set4	211	2949381	207	2010798	2007964	312	759	606.269323671498	0.646569481832085	0.267502022493892	0.91727906042572	0.702672517028841	0.400729436381499	0.144581327067195	-0.0146956430561303	2.30416383490122	TRUE
set4IT003	PYE with Cisplatin 0.01 mg/ml	1-May-17 Caulo_ML2_set4	212	2702054	54	1841677	1839499	242	759	555.404287439614	0.462966338095508	0.599307368232484	1.23107024872103	0.702672517028841	0.329474032690432	0.0863977805401915	0.00302186691695241	3.94047523367895	FALSE
set4IT004	PYE	1-May-17 Caulo_ML2_set4	213	2829826	179	1924049	1921798	282	759	580.253019323672	0.658329895016375	0.25612151295149	0.931188721422049	0.702672517028841	0.50064663732598	0.189873967289415	-0.01385289612257	2.00026444129008	TRUE
set4IT005	PYE with nitrite 1.25 mM	1-May-17 Caulo_ML2_set4	214	2778264	182	1882212	1880101	264.5	759	567.663345410628	0.653556042749658	0.275626961759184	0.957229333795675	0.702672517028841	0.469430593531799	0.183408943371892	-0.00221083701405944	2.27653018098577	TRUE
set4IT006	PYE with nitrite 2.5 mM	1-May-17 Caulo_ML2_set4	215	2892861	210	1955689	1953718	240.5	759	589.890700483092	0.651739974730794	0.310968065075207	1	0.702672517028841	0.505150189420077	0.17369887059448	-0.0174841856817251	2.92989292030565	TRUE
set4IT007	PYE with nitrite 5 mM	1-May-17 Caulo_ML2_set4	216	2721189	138	1842891	1841815	107	759	556.103562801932	0.539097926064927	0.443352381677191	1.22023809347472	0.702672517028841	0.418715432138136	0.106737770388378	-0.0813349661433242	5.65985120619969	TRUE
set4IT008	PYE with nitrate 100 mM	1-May-17 Caulo_ML2_set4	217	2525906	322	1707446	1705363	182	759	514.904287439614	0.632529687282546	0.36737037600846	1.04896589392416	0.702672517028841	0.475456825548062	0.17498626200511	-0.037942354415752	4.63464505731389	TRUE
set4IT009	PYE with Sisomicin 0.004 mg/ml	1-May-17 Caulo_ML2_set4	218	2440193	130	1732478	1730218	187	759	522.408816425121	0.62549779741242	0.302276276369646	0.960252614247859	0.702672517028841	0.44882776473148	0.124708343334982	0.00747565939193302	5.82655022654593	TRUE
set4IT010	PYE with Chlorate 40 mM	1-May-17 Caulo_ML2_set4	219	3073866	222	2089540	2087152	305	759	630.178743961353	0.654404266881889	0.263315934263617	0.932885804141463	0.702672517028841	0.513706439000064	0.177763094189444	-0.00456702307928907	1.87377906827415	TRUE
set4IT011	PYE with Chlorite 0.5 mM	1-May-17 Caulo_ML2_set4	220	2734819	192	1849742	1847677	246.5	759	557.873490338164	0.675581504340475	0.306086333286289	1	0.702672517028841	0.488658339413842	0.156232411661135	-0.0019415641223661	2.41832267483428	TRUE
set4IT012	PYE with perchlorate 25 mM	1-May-17 Caulo_ML2_set4	221	2529403	176	1718690	1716712	236	759	518.330917874396	0.648689330977205	0.27035437461022	0.957513674482083	0.702672517028841	0.496631128058908	0.176161300055066	-0.0159935616519726	2.46347559593765	TRUE
set4IT013	PYE with perchlorate 50 mM	1-May-17 Caulo_ML2_set4	222	2876132	170	1952650	1950522	244	759	588.925724637681	0.654736025265239	0.299558443312121	0.974338738731995	0.702672517028841	0.490416725314981	0.155734991541451	-0.0240480555156333	2.894473671215	TRUE
set4IT014	PYE with Polymyxin B sulfate 0.005 mg/ml	1-May-17 Caulo_ML2_set4	223	2895012	181	1979297	1978054	127	759	597.238526570048	0.56838485475017	0.466784204414538	1.23673969656146	0.702672517028841	0.454009024077613	0.107123199340517	-0.0598876311224161	4.86789125131816	TRUE
set4IT015	PYE with Polymyxin B sulfate 0.01 mg/ml	1-May-17 Caulo_ML2_set4	224	2142761	1	1645378	1643215	7	759	496.13979468599	0.455549725586007	0.510387274425243	1	0.702672517028841	0.332101226310382	0.122441867714206	-0.0588198650942668	12.4469331852038	FALSE
set4IT016	PYE with Chloride 100 mM	1-May-17 Caulo_ML2_set4	225	2718132	169	1986670	1981735	153	759	598.349939613527	0.577165211899477	0.359339331045142	1.03131825106872	0.702672517028841	0.432024070592108	0.139806994116998	-0.0494813574648866	6.09540012111293	TRUE
set4IT017	PYE	1-May-17 Caulo_ML2_set4	226	3000995	209	2040233	2037904	299	759	615.309178743961	0.640424371773829	0.260455172519571	0.933492433050794	0.702672517028841	0.509972461577895	0.153620026972053	-0.002147442583124	2.15603430922808	TRUE
set4IT018	PYE with Benzethonium chloride 0.001 mM	1-May-17 Caulo_ML2_set4	227	2666395	269	1807174	1805793	162	759	545.227355072464	0.636970651057377	0.390722011618352	1.1234060707636	0.702672517028841	0.480779744698581	0.145644114275093	-0.036722060993312	4.23990379932021	TRUE
set4IT019	PYE with Benzethonium chloride 0.003 mM	1-May-17 Caulo_ML2_set4	228	3246472	3	1297059	1296626	16	759	391.493357487923	0.272488792921792	0.443435408708625	1	0.702672517028841	0.261341838991645	0.102768384365976	-0.0386778182877897	11.0007847693089	FALSE
set4IT020	PYE with Benzethonium chloride 0.006 mM	1-May-17 Caulo_ML2_set4	229	2493514	1	1226419	1224364	6	759	369.675120772947	0.256178800932181	0.474765229548219	1	0.702672517028841	0.404271050683009	0.146407268028928	-0.0126668874108574	12.3614734587509	FALSE
set4IT021	PYE with Benzalkonium Chloride 0.0001 mg/ml	1-May-17 Caulo_ML2_set4	230	2281375	159	1560970	1559706	132	759	470.925724637681	0.61334973240646	0.374530881756816	1.0455941654187	0.702672517028841	0.484572527998415	0.0919265005829539	-0.0610885865599877	4.39595215523115	TRUE
set4IT022	PYE with Benzalkonium Chloride 0.0005 mg/ml	1-May-17 Caulo_ML2_set4	231	3039140	6	1435904	1435744	12	759	433.497584541063	0.341142833929694	0.418250227510683	1	0.702672517028841	0.303770463408428	0.147814456371224	-0.039393619777256	11.7667300812671	FALSE
set4IT023	PYE with Benzalkonium Chloride 0.001 mg/ml	1-May-17 Caulo_ML2_set4	232	2717568	2	1731541	1731399	7	759	522.765398550725	0.125499369501197	0.514064576025998	1	0.702672517028841	0.397319497759952	0.157665053655774	-0.00706118792864151	13.2462369544748	FALSE
set4IT024	PYE with Aluminum chloride 1.25 mM	1-May-17 Caulo_ML2_set4	233	2406217	138	1630403	1628440	233	759	491.678743961353	0.645726777072875	0.276765850791199	0.919968617535884	0.702672517028841	0.495291108318013	0.221727514633406	-0.00428876886801686	2.02713587874799	TRUE
set4IT025	PYE with benzoic 0.2 mg/ml	1-May-17 Caulo_ML2_set4	234	2881011	241	1941165	1939426	196	759	585.575483091787	0.642832447373981	0.356911334454862	1.08199602284429	0.702672517028841	0.455493060091184	0.158636684712124	-0.0330818614277291	4.06883109372604	TRUE
set4IT026	PYE with Phosphomycin 0.005 mg/ml	1-May-17 Caulo_ML2_set4	235	2306348	43	1202927	1200253	66	759	362.395229468599	0.313035201168883	0.413396902205122	1	0.702672517028841	0.227773634037127	0.0294231272285384	0.0124778346814144	9.52111084204468	TRUE
set4IT027	PYE with Phosphomycin 0.01 mg/ml	1-May-17 Caulo_ML2_set4	236	3547556	8	576503	574476	6	759	173.452898550725	0.0056397738494107	0.639905410700392	1	0.702672517028841	0.32874128730676	0.15014178003257	-0.0451169122497095	9.29071967322109	FALSE
set4IT028	PYE with Bacitracin 0.03 mg/ml	1-May-17 Caulo_ML2_set4	237	1963438	0	1090525	1087659	4	759	328.399456521739	0.517131779800731	0.455607942851456	1	0.702672517028841	0.363142071748147	0.139876613210145	-0.0332111392652427	13.0029073533262	FALSE
set4IT029	PYE with Bacitracin 0.06 mg/ml	1-May-17 Caulo_ML2_set4	238	1891435	1	1117731	1113870	3	759	336.313405797101	0.53851906742146	0.489887124161436	1	0.702672517028841	0.402188356978627	0.149827022795136	-0.0256710724821102	12.807476723198	FALSE
set4IT030	PYE with Dimethyl Sulfoxide 5 vol%	1-May-17 Caulo_ML2_set4	239	2675680	175	1811534	1809697	225	759	546.406099033816	0.643206208329486	0.301758432383476	1.01139729137614	0.702672517028841	0.487817876149443	0.15962388014872	-0.015771702318797	2.83655865375466	TRUE
set4IT031	PYE with Dimethyl Sulfoxide 7.5 vol%	1-May-17 Caulo_ML2_set4	240	3000287	232	2030521	2028959	187	759	612.608393719807	0.617265918785419	0.37779296538393	1.12295947298064	0.702672517028841	0.490005361940323	0.140864480512459	-0.0498446568650066	4.19400052610481	TRUE
set4IT032	PYE	1-May-17 Caulo_ML2_set4	241	2560239	151	1740731	1738504	258	759	524.910628019324	0.640407121324946	0.262656390778477	0.932885804141463	0.702672517028841	0.473196679384211	0.178174289568574	0.00769883459003506	2.2157634044252	TRUE
set4IT033	PYE with Vancomycin 0.007 mg/ml	1-May-17 Caulo_ML2_set4	242	2881154	31	2007406	2005961	69	759	605.664553140097	0.40148654579115	0.333086764621071	1	0.702672517028841	0.314984496891616	0.0644812553906314	-0.0682963984466097	7.95030779506523	TRUE
set4IT034	PYE with Vancomycin 0.016 mg/ml	1-May-17 Caulo_ML2_set4	243	264280	2	181572	181475	7	759	54.7931763285024	0.170809906244726	0.439967974306728	1	0.702672517028841	0.12572707598239	0.0587823460598935	-0.0800218748376925	8.15238591640376	FALSE
set4IT035	PYE with A22 0.005 mg/ml	1-May-17 Caulo_ML2_set4	244	2749519	181	1869717	1864965	296	759	563.093297101449	0.615188120991168	0.260903313586906	0.898282522983143	0.702672517028841	0.480744267474978	0.146791535050491	-0.0300533598412539	3.6487340447441	TRUE
set4IT036	PYE with Lomefloxacin 0.01 mM	1-May-17 Caulo_ML2_set4	245	2904950	5	1676810	1676255	17	759	506.115640096618	0.243336033984619	0.442007604561285	1	0.702672517028841	0.300580646389752	0.0911448945583648	-0.0440780676672358	13.3852476750543	FALSE
set4IT037	PYE with Doxycycline hyclate 0.0001 mg/ml	1-May-17 Caulo_ML2_set4	246	3229738	177	2204605	2201593	220	759	664.732185990338	0.623810477735939	0.300875463057279	0.976094471268543	0.702672517028841	0.473237327864325	0.106549397484964	-0.0390734176478825	7.38544528283287	TRUE
set4IT038	PYE	1-May-17 Caulo_ML2_set4	247	2854393	157	1939170	1936908	285	759	584.815217391304	0.632326276764235	0.272004789586325	0.929263787023559	0.702672517028841	0.4787841687077	0.150541660540717	-0.00616591464583827	2.15347604475258	TRUE
set4IT039	Time0	1-May-17 Caulo_ML2_set4	248	2793899	123	1931649	1927616	400	360.5	582.009661835749	0.066816513838893	0.177182352047277	0.698157881344621	0.732565311549934	0.0678679667645371	0.0432376659299397	-0.0219703640445039	1.53418730553897	FALSE
set4IT040	Time0	1-May-17 Caulo_ML2_set4	249	2579393	114	1780682	1777282	360.5	400	536.618961352657	0.066816513838893	0.177182352047277	0.732565311549934	0.698157881344621	0.0678679667645371	0.0432376659299397	0.0219703640445039	2.23139945419904	FALSE
