name	short	t0set	num	nMapped	nPastEnd	nGenic	nUsed	gMed	gMedt0	gMean	cor12	mad12	mad12c	mad12c_t0	opcor	adjcor	gccor	maxFit	u
set1IT001	D-Glucose (C)	6/2/2015 BFirm_ML3_set1	1	2384174	3430	1382749	1379149	150	561.5	254.080508474576	0.183375782256338	0.243277544997394	1.3063239446262	1.27778293074256	0.181611036319228	0.0465081215797902	-0.0232958465276461	1.19334425299359	TRUE
set1IT002	D-Fructose (C)	6/2/2015 BFirm_ML3_set1	2	3189834	4563	1848001	1843104	200	561.5	339.554900515844	0.147248355420754	0.228849140632998	1.25496100433874	1.27778293074256	0.106747402171235	0.015527842755896	-0.0193484443537854	1.31701131514798	TRUE
set1IT003	Sucrose (C)	6/2/2015 BFirm_ML3_set1	3	3311319	4303	1919275	1914120	207.5	561.5	352.638172439204	0.193121542009532	0.226828217350208	1.30500074188648	1.27778293074256	0.154316123332134	0.0878517400935536	-0.0277986517420359	1.21862491156329	TRUE
set1IT004	L-Arabinose (C)	6/2/2015 BFirm_ML3_set1	4	3053841	4605	1772890	1768168	192	561.5	325.749447310243	0.145496017540452	0.276667271564084	1.32317072658216	1.27778293074256	0.127059241717809	0.00627795989803968	-0.0160796506489404	1.56028266310981	TRUE
set1IT005	D-Galactose (C)	6/2/2015 BFirm_ML3_set1	5	3305412	5391	1913494	1908346	204	561.5	351.574428887251	0.218877452916875	0.22856155446646	1.28950661719499	1.27778293074256	0.130335002594491	0.0512805314821171	-0.0226465699348172	1.16767587181113	TRUE
set1IT006	L-Rhamnose (C)	6/2/2015 BFirm_ML3_set1	6	3843454	5068	2228716	2223127	236	561.5	409.566507000737	0.201281963352794	0.214941635728534	1.27138252486088	1.27778293074256	0.220719674409601	0.0167623732703945	-0.0198527531869747	1.37521710266242	TRUE
set1IT007	D-Ribose (C)	6/2/2015 BFirm_ML3_set1	7	3638769	5675	2111453	2105966	215	561.5	387.981945467944	0.167922077206776	0.224444055531609	1.29282078791471	1.27778293074256	0.133094725357527	-0.0135350571731061	-0.00743045167788867	1.74790181750332	TRUE
set1IT008	D-Gluconic Acid (C)	6/2/2015 BFirm_ML3_set1	8	3903872	5189	2260546	2254438	245	561.5	415.334929992631	0.184533955990935	0.220941552749259	1.30335808158991	1.27778293074256	0.167865523345603	0.025789213946061	-0.0128427354467123	1.89473796058072	TRUE
set1IT009	D-Lactate (C)	6/2/2015 BFirm_ML3_set1	9	3587716	6430	2078726	2073427	227	561.5	381.987288135593	0.242691216839002	0.22832285423265	1.28320782342844	1.27778293074256	0.237418557449751	0.146921759571496	-0.0330417240227022	1.32275568407777	TRUE
set1IT010	L-Lactate (C)	6/2/2015 BFirm_ML3_set1	10	3567613	5013	2069273	2064040	225.5	561.5	380.257921886514	0.184768118422466	0.206634809618229	1.31185611749094	1.27778293074256	0.135954234425113	-0.0180199128611898	-0.0110900782837704	1.30981731117167	TRUE
set1IT011	D,L-Lactate (C)	6/2/2015 BFirm_ML3_set1	11	3090524	3452	1792144	1787417	198	561.5	329.295689019897	0.150820874064122	0.221575584635754	1.3004944432731	1.27778293074256	0.172317059809177	0.024053943902353	-0.00857728030420923	1.14629479300965	TRUE
set1IT012	pyruvate (C)	6/2/2015 BFirm_ML3_set1	12	4052023	5412	2348120	2341940	258	561.5	431.455416359617	0.225700035598282	0.210110581630894	1.28811065808762	1.27778293074256	0.162086893854646	0.102290174519545	-0.0290664506591777	1.06128816637583	TRUE
set1IT013	succinate (C)	6/2/2015 BFirm_ML3_set1	13	3464293	7904	2006361	2001347	218.5	561.5	368.707995578482	0.141056588404943	0.231442287996974	1.27855860468294	1.27778293074256	0.11393115708472	0.0750884912002514	-0.0174639789473899	1.33621312076683	TRUE
set1IT014	D-Mannitol (C)	6/2/2015 BFirm_ML3_set1	14	3337145	4648	1930476	1925666	208	561.5	354.765291083272	0.163505751909236	0.218007886271072	1.28675118696979	1.27778293074256	0.124796653640075	0.0517953626016323	-0.0111898700614633	1.32749781532987	TRUE
set1IT015	D-Galacturonic Acid (C)	6/2/2015 BFirm_ML3_set1	15	3040272	8135	1765203	1760522	191.5	561.5	324.340825350037	0.117898510209923	0.30892401293099	1.28439785616531	1.27778293074256	0.0783771820419602	-0.0164154213637247	-0.0174760725161984	2.44694097434617	TRUE
set1IT016	D-Sorbitol (C)	6/2/2015 BFirm_ML3_set1	16	4193477	4755	2433036	2426840	259	561.5	447.096536477524	0.181626094938034	0.212025395156558	1.32080885878936	1.27778293074256	0.214764121779905	0.0367366282133123	-0.00445270290689843	1.65707241967866	TRUE
set1IT017	Tween 20 (C)	6/2/2015 BFirm_ML3_set1	17	2635437	8184	1526315	1521760	168	561.5	280.353721444363	0.162536154072679	0.391261924769125	1.34378830427053	1.27778293074256	0.108405693627338	0.03206309488637	-0.00856007028812603	2.03069082947649	TRUE
set1IT018	L-Malic (C)	6/2/2015 BFirm_ML3_set1	18	3516589	5654	2038319	2033246	223	561.5	374.584745762712	0.180700246577169	0.219390504445157	1.31064228734085	1.27778293074256	0.146839375537344	0.0338487872692818	-0.00935046344904211	1.05419494022375	TRUE
set1IT019	L-Histidine (C)	6/2/2015 BFirm_ML3_set1	19	3986309	4597	2313600	2307738	240	561.5	425.154384672071	0.194332731615865	0.222226791994106	1.29867748875455	1.27778293074256	0.136976334002219	0.0519270523200412	-0.0104321306699064	1.27898586655605	TRUE
set1IT020	L-Asparagine (C)	6/2/2015 BFirm_ML3_set1	20	3570169	4888	2070758	2065473	222	561.5	380.521923360354	0.216593029737791	0.216881981199762	1.2950383162089	1.27778293074256	0.200327680138168	0.00849434319276151	-0.00350661129432237	1.6854947992946	TRUE
set1IT021	L-Glutamine (C)	6/2/2015 BFirm_ML3_set1	21	3456454	8100	2006790	2000308	201	561.5	368.516580692705	0.203756417586218	0.275755579823469	1.34477583102258	1.27778293074256	0.159095087310538	0.0430616167917814	-0.0179255914830762	3.45639517991056	TRUE
set1IT022	L-Proline (C)	6/2/2015 BFirm_ML3_set1	22	3479874	4222	2016145	2010797	220	561.5	370.448968312454	0.162554771897865	0.214434306456587	1.2767103920107	1.27778293074256	0.146003494814172	0.0353913642598139	-0.0210936358226101	1.19622862447054	TRUE
set1IT023	L-Alanine (C)	6/2/2015 BFirm_ML3_set1	23	2771870	4301	1604716	1600635	173	561.5	294.884856300663	0.161143555490683	0.24204721537302	1.28892605577898	1.27778293074256	0.16822081724138	0.0287413231714083	-0.00263385614511578	1.38743549937464	TRUE
set1IT024	L-Phenylalanine (C)	6/2/2015 BFirm_ML3_set1	24	3006481	5844	1739307	1734675	189	561.5	319.579034635225	0.187275744519033	0.226183684263663	1.28590689833743	1.27778293074256	0.175953953470602	0.0406187643424179	-0.00479874485962584	2.78256145259311	TRUE
set1IT025	L-Tryptophan (C)	6/2/2015 BFirm_ML3_set1	25	3553613	5586	2056252	2051143	214	561.5	377.88190862196	0.21021506310692	0.23504565007053	1.30036490828974	1.27778293074256	0.157531720573749	0.0408187851324277	-0.0226186139347369	1.07941187388848	TRUE
set1IT026	D-Alanine (C)	6/2/2015 BFirm_ML3_set1	26	3598586	3636	2084948	2079559	229	561.5	383.116985998526	0.194029495941194	0.230250731516368	1.28774083091024	1.27778293074256	0.188837504668556	0.0688637331238704	-0.00529372108539094	1.17717284735023	TRUE
set1IT027	Putrescine (C)	6/2/2015 BFirm_ML3_set1	27	3821538	5504	2206634	2201230	226	561.5	405.532424465733	0.218362511086021	0.233058210985635	1.29984200321396	1.27778293074256	0.169553733057118	0.0145651288958736	-0.00668213887397733	1.30501563680472	TRUE
set1IT028	NAG (C)	6/2/2015 BFirm_ML3_set1	28	3581606	4952	2071888	2066259	222	561.5	380.66672807664	0.191877771551117	0.216137466019663	1.2987854860759	1.27778293074256	0.18479260205517	0.0517512365622418	-0.0133011815212309	1.50870138330215	TRUE
set1IT029	D-Mannose (C)	6/2/2015 BFirm_ML3_set1	29	4117030	5421	2384002	2377963	252	561.5	438.09193072955	0.189139511958275	0.224739564015386	1.31016900270827	1.27778293074256	0.167824439742302	0.0314920423681617	-0.0168491407095617	2.27168460606207	TRUE
set1IT030	Nickel (II) chloride 0.5 mM	6/2/2015 BFirm_ML3_set1	30	3097616	8157	1802758	1798382	188	561.5	331.315770081061	0.124302973266691	0.224242917966951	1.28396819921424	1.27778293074256	0.123402209117086	0.0191987927837217	0.00609352330833566	1.62167241755653	TRUE
set1IT031	Cobalt chloride 0.25 mM	6/2/2015 BFirm_ML3_set1	31	3613517	9924	2103260	2098170	223	561.5	386.545689019897	0.104785044192486	0.242253285196271	1.3095031580453	1.27778293074256	0.117591233196448	0.0531306112209723	-0.00596108967170398	1.70879645169097	TRUE
set1IT032	Paraquat dichloride 0.016 mg/ml	6/2/2015 BFirm_ML3_set1	32	2500545	23131	1440472	1436509	157	561.5	264.647936624908	0.0713231937846195	0.368123309638668	1.34417660433503	1.27778293074256	0.0783599183344863	0.0614259276475183	0.00469449802645649	2.58745177969007	FALSE
set1IT033	Paraquat dichloride 0.032 mg/ml	6/2/2015 BFirm_ML3_set1	33	2310813	8928	1332706	1329088	146	561.5	244.857774502579	0.113755940717259	0.304942285801587	1.29725644942099	1.27778293074256	0.083141885704716	0.00953243501793464	-0.00664281905900775	1.77934335032514	TRUE
set1IT034	Paraquat dichloride 0.064 mg/ml	6/2/2015 BFirm_ML3_set1	34	3446600	3340	990861	988436	98	561.5	182.099484156227	0.185060661649422	0.282555051313515	1.30437580475442	1.27778293074256	0.129697867079626	-0.0115343784935223	0.0110842099795214	4.42252175948752	TRUE
set1IT035	Thallium(I) acetate 0.002 mg/ml	6/2/2015 BFirm_ML3_set1	35	3474117	12705	2015583	2010206	220	561.5	370.340088430361	0.0615859412476639	0.230411839002779	1.30872517673503	1.27778293074256	0.0865397696072658	0.00779043206150896	0.0141997449571463	2.46844221174644	FALSE
set1IT036	Thallium(I) acetate 0.01 mg/ml	6/2/2015 BFirm_ML3_set1	36	3020356	6647	1734861	1730351	191	561.5	318.782424465733	0.135795822560244	0.231151796091429	1.30666133823405	1.27778293074256	0.117458313575953	0.00596215733211381	-0.00778098062202599	7.33338279286244	TRUE
set1IT037	Zinc 0.5 mM	6/2/2015 BFirm_ML3_set1	37	3087800	7370	1796578	1792254	194	561.5	330.186809137804	0.100680058676122	0.224666564382085	1.2735967289227	1.27778293074256	0.0925440551893747	0.0442476856651317	-0.0464785870250617	1.27802040124169	TRUE
set1IT038	LB	6/2/2015 BFirm_ML3_set1	38	3480394	9285	2021747	2016664	223	561.5	371.529845246868	0.119636726570989	0.234234073867411	1.29976583326878	1.27778293074256	0.0767478764716052	0.0377862900794407	-0.0146051539569014	1.18583910214535	TRUE
set1IT039	Sisomicin 0.004 mg/ml	6/2/2015 BFirm_ML3_set1	39	2936206	5774	1713211	1708992	178	561.5	314.847457627119	0.0861621953512342	0.231832138089554	1.27995901888868	1.27778293074256	0.098165428627996	0.00176562744972983	-0.00178896379785711	1.28125030184394	FALSE
set1IT040	Polymyxin B sulfate 0.0625 mg/ml	6/2/2015 BFirm_ML3_set1	40	3894936	9626	2274372	2268866	229	561.5	417.99299926308	0.110039013776779	0.223461583143883	1.29255384351712	1.27778293074256	0.109632134257356	0.061096824436903	-0.0349567078347094	1.17904136963383	TRUE
set1IT041	Chloride 200 mM	6/2/2015 BFirm_ML3_set1	41	3318413	7014	1924818	1920081	202	561.5	353.736366985999	0.168908537540666	0.255268773091346	1.29403086969002	1.27778293074256	0.0531522731361473	0.00771522343716971	-0.0332307066073965	1.51229145701428	TRUE
set1IT042	LB	6/2/2015 BFirm_ML3_set1	42	2764285	7798	1603552	1599425	175	561.5	294.661938098747	0.0934331977464601	0.246889461769203	1.314583474138	1.27778293074256	0.0814957100298821	-0.0224553508675641	-0.0130368878645569	1.30261276583132	FALSE
set1IT043	Benzethonium chloride 0.0016 mM	6/2/2015 BFirm_ML3_set1	43	3701274	8995	2150885	2145672	223	561.5	395.296978629329	0.168639543820884	0.227818429664796	1.30025712382626	1.27778293074256	0.158333325644164	0.0298079995426423	-0.0114959022860069	2.28858505536396	TRUE
set1IT044	Bacitracin 0.125 mg/ml	6/2/2015 BFirm_ML3_set1	44	3654896	10438	2104226	2098356	218	561.5	386.579955784819	0.181737892246926	0.219615298129406	1.28950661719499	1.27778293074256	0.162294252902128	0.0662323422301099	-0.0346360722477413	1.59247150184884	TRUE
set1IT045	Bacitracin 0.25 mg/ml	6/2/2015 BFirm_ML3_set1	45	3313936	13263	1899168	1893141	181	561.5	348.773212969786	0.251545236642725	0.249257605489818	1.29558587947542	1.27778293074256	0.213787297572824	0.00900918514322569	-0.0581111652561432	3.449781402524	TRUE
set1IT046	Time0	6/2/2015 BFirm_ML3_set1	46	3299333	10481	1922429	1918075	213	349	353.366801768607	0.0224472945157365	0.215932267748401	1.26748031086499	1.28220496609434	0.0264983456536087	0.0058230738418105	-0.0174520449949313	1.26584625111401	FALSE
set1IT047	Time0	6/2/2015 BFirm_ML3_set1	47	2749843	8690	1602934	1599221	175	387	294.624355195284	0.0202772456703087	0.218442765246367	1.28010791919273	1.2763198994281	0.0363540524274874	-0.00264178964942092	0.0282674522303473	1.544444227619	FALSE
set1IT048	Time0	6/2/2015 BFirm_ML3_set1	48	2771406	8647	1612799	1609037	175	388	296.432756079587	0.0163265814214243	0.216750067416147	1.26977491918049	1.27900232431978	-0.0248536827197135	0.0413188579005652	-0.0140555850435902	1.35567725644196	FALSE
set2IT049	Dimethyl Sulfoxide 6 vol%	6/2/2015 BFirm_ML3_set2	49	4414312	7092	2567525	2560777	280.5	421	471.771739130435	0.103572367367697	0.237266264360772	1.28712146876762	1.26688739402649	0.0834932453488672	0.0451181390536598	-0.015440922163577	1.52190692059908	TRUE
set2IT050	LB	6/2/2015 BFirm_ML3_set2	50	3976481	10862	2310007	2304171	250	421	424.497236551216	0.113370065384209	0.242797610792796	1.29078918008483	1.26688739402649	0.0499523646712599	-0.0102109634692166	0.0169710306186098	1.2815731628878	TRUE
set2IT051	Cephalothin 1 mg/ml	6/2/2015 BFirm_ML3_set2	51	4018306	10002	2330200	2324204	249	421	428.187914517318	0.0932356816160934	0.251303140993749	1.32148130173561	1.26688739402649	0.11733890651673	0.0584683562751561	-0.0228497880195289	4.10551732770299	FALSE
set2IT052	Cephalothin 2 mg/ml	6/2/2015 BFirm_ML3_set2	52	3495783	8442	2030710	2025366	213.5	421	373.133014001474	0.142649929045919	0.250635338929717	1.31259023030803	1.26688739402649	0.111419938725945	0.0271520144186038	-0.0383567761174597	3.43962951091502	TRUE
set2IT053	Lomefloxacin 0.001 mM	6/2/2015 BFirm_ML3_set2	53	3641011	9056	2114854	2109490	206	421	388.631171702284	0.23701583551068	0.238802508179447	1.29545588352617	1.26688739402649	0.142441363519158	0.0799620021093206	-0.0348248599996922	4.50564680715238	TRUE
set2IT054	D-Cycloserine 0.05 mg/ml	6/2/2015 BFirm_ML3_set2	54	4486062	9322	2603940	2595987	82	421	478.258474576271	0.134874625068049	0.661978379101652	1.55254102302878	1.26688739402649	0.0538977143133469	0.00183386282681365	-0.00119366060202548	9.56819018799221	FALSE
set2IT055	LB	6/2/2015 BFirm_ML3_set2	55	4070568	10523	2359046	2353092	261	421	433.509948415623	0.109768245477447	0.229464745460523	1.28294053956422	1.26688739402649	0.0822476916544714	0.0549062203557853	-0.0137506386685158	1.15931362990945	TRUE
set2IT056	LB, pH4	6/2/2015 BFirm_ML3_set2	56	4245404	9423	2431997	2425838	265	421	446.911938098747	0.134785796585851	0.23309439517675	1.30460875858103	1.26688739402649	0.125554204001943	0.00989796894706459	-0.0417449103472327	1.58387531291172	TRUE
set2IT057	LB, pH4	6/2/2015 BFirm_ML3_set2	57	3598010	8430	2062579	2057306	226	421	379.01731761238	0.161607867606566	0.236023199850611	1.29083056881545	1.26688739402649	0.159966044929812	0.0244132714073672	-0.038956910752924	1.22897511484719	TRUE
set2IT058	LB, pH5	6/2/2015 BFirm_ML3_set2	58	3766915	9948	2179796	2174359	237	421	400.581982313928	0.109107922579882	0.233394538644772	1.28010791919274	1.26688739402649	0.0805614480515491	0.0597526981515329	-0.01371611113608	1.40349205507942	TRUE
set2IT059	LB, pH5	6/2/2015 BFirm_ML3_set2	59	4075288	10499	2360866	2354836	256	421	433.831245394252	0.141275127701059	0.217081118863396	1.27410900764549	1.26688739402649	0.0747814864533556	-0.00495082620792814	0.00900540659422316	1.15906334792141	TRUE
set2IT060	LB, pH6	6/2/2015 BFirm_ML3_set2	60	3094226	7549	1795608	1791319	196	421	330.014554163596	0.0912195108050161	0.224320978998427	1.29989665282348	1.26688739402649	0.0761991370728383	0.0195312051455498	-0.0197593698317193	1.67945590207762	FALSE
set2IT061	LB, pH6	6/2/2015 BFirm_ML3_set2	61	4013091	9679	2326092	2320270	253	421	427.463154016212	0.132176236074245	0.221352789262451	1.29725600092437	1.26688739402649	0.108244686033388	-0.0350807093448701	0.000891523372496044	1.26969013486828	TRUE
set2IT062	LB, pH7	6/2/2015 BFirm_ML3_set2	62	4372895	12317	2538212	2531799	273	421	466.433124539425	0.111389517422271	0.240977023611525	1.28804075594081	1.26688739402649	0.0544361829576792	0.0337288854469883	-0.0126628773982604	1.12929353347178	TRUE
set2IT063	LB, pH7	6/2/2015 BFirm_ML3_set2	63	4130701	10270	2398423	2392185	259	421	440.712048636699	0.114123167893371	0.227892889616618	1.29325647614228	1.26688739402649	0.0890438802999954	0.0255020778173051	0.00977013463260638	1.33268519731841	TRUE
set2IT064	LB, 23C	6/2/2015 BFirm_ML3_set2	64	3390885	8794	1965821	1960841	210	421	361.245578481945	0.12559154240837	0.238986492016167	1.28805243756781	1.26688739402649	0.0623347406877473	0.0192536376678295	-0.0443732163675984	1.11581433843779	TRUE
set2IT065	LB, 23C	6/2/2015 BFirm_ML3_set2	65	3454077	9127	2002831	1997717	213	421	368.039240972734	0.121995184836133	0.24365435479807	1.30527841164861	1.26688739402649	0.0811417023032475	0.0851303604916653	-0.0505183504323835	1.53179312002244	TRUE
set2IT066	LB, 30C	6/2/2015 BFirm_ML3_set2	66	3095850	13044	1789415	1784428	193	421	328.745025792189	0.0995096496372373	0.354776001216411	1.34558095227654	1.26688739402649	0.0279182063586218	0.015165011914012	-0.0022716610782584	2.105127612451	FALSE
set2IT067	LB, 30C	6/2/2015 BFirm_ML3_set2	67	3639234	8677	2115775	2110516	228	421	388.820191599116	0.145676839290852	0.216979001773489	1.29768047486915	1.26688739402649	0.147575956021001	0.0762287772311705	-0.00937484982859233	1.23726235487642	TRUE
set2IT068	LB, 37C	6/2/2015 BFirm_ML3_set2	68	2510054	6272	1477415	1473462	137	421	271.455784819455	0.126642432602286	0.352663993869275	1.37003575251701	1.26688739402649	0.0834338692660612	0.0410803034999168	0.021163642035094	2.87858050301387	TRUE
set2IT069	LB, 37C	6/2/2015 BFirm_ML3_set2	69	2794491	6487	1664252	1660056	144	421	305.831982313928	0.091439531961449	0.36809919930606	1.33532556402724	1.26688739402649	0.0619870731135979	0.0505325983221109	0.0176714959555688	2.97685502064309	FALSE
set2IT070	D-Xylose (C)	6/2/2015 BFirm_ML3_set2	70	3341965	4184	1938839	1934077	207	421	356.314848931466	0.241924922626819	0.278853385602244	1.30485458152842	1.26688739402649	0.193903154685563	0.0453812789794509	-0.0175677813186375	2.11498270629096	TRUE
set2IT071	L-Fucose (C)	6/2/2015 BFirm_ML3_set2	71	2714687	6368	1569941	1565459	170	421	288.404384672071	0.167069223675232	0.335903552966657	1.29229005096367	1.26688739402649	0.177887633356379	0.0399043871696035	-0.0206487614433679	1.72721411287007	TRUE
set2IT072	Trisodium citrate (C)	6/2/2015 BFirm_ML3_set2	72	3361800	3387	1951029	1946027	211	421	358.516396462786	0.182169894658844	0.246074911081107	1.29871021293642	1.26688739402649	0.14920963006593	-0.00762187295719525	-0.0141185449680067	4.20133016848901	TRUE
set2IT073	Xylitol (C)	6/2/2015 BFirm_ML3_set2	73	3244027	2875	1884584	1879651	203	421	346.287951363301	0.270078068671014	0.276761375903973	1.31936917788501	1.26688739402649	0.177132965308056	0.027079672545219	-0.0105809927710871	3.82806517573879	TRUE
set2IT074	m-Inositol (C)	6/2/2015 BFirm_ML3_set2	74	2782926	3009	1610658	1606516	176	421	295.968312453943	0.176159627644162	0.229908778905138	1.28045935528563	1.26688739402649	0.148769361866068	0.0256188485767844	-0.00607083250790837	1.26573601367713	TRUE
set2IT075	Glycerol (C)	6/2/2015 BFirm_ML3_set2	75	1840764	6331	1069263	1066190	116	421	196.424097273397	0.11415102435559	0.557361223682388	1.38725557299748	1.26688739402649	0.150436558322859	0.00279902433992019	0.0047957518161984	2.82209808710313	FALSE
set2IT076	L-Arginine (C)	6/2/2015 BFirm_ML3_set2	76	3704127	4820	2147095	2141445	232	421	394.518238761975	0.184026719403582	0.244654330691015	1.29974676407815	1.26688739402649	0.131504741215364	0.0610479865470568	-0.0174566645687153	0.977167058716776	TRUE
set2IT077	Gly-Glu (C)	6/2/2015 BFirm_ML3_set2	77	3013806	3284	1747480	1743260	184	421	321.160648489315	0.216949725272963	0.257251624978101	1.26303440583379	1.26688739402649	0.182254779722607	0.0234698742003102	0.00534163827770451	2.72605181560062	TRUE
set2IT078	casaminos (C)	6/2/2015 BFirm_ML3_set2	78	2854632	9698	1653382	1648934	180.5	421	303.78297715549	0.0709050663406992	0.427835493171478	1.35270013952141	1.26688739402649	0.0897944271367674	0.00663763162492548	-0.0184354512556762	2.20133649388748	FALSE
set2IT079	D-Glucosamine Hydrochloride (C)	6/2/2015 BFirm_ML3_set2	79	4404139	4191	2531432	2525247	256	421	465.226050110538	0.20418715553765	0.230293007595081	1.30695269368215	1.26688739402649	0.160561820172275	0.0456869324144385	-0.00958679574339046	7.00826383855296	TRUE
set2IT080	Nickel (II) chloride 1 mM	6/2/2015 BFirm_ML3_set2	80	3707879	7128	2132683	2127189	227	421	391.891857037583	0.206155963806898	0.247023977286793	1.27934811972157	1.26688739402649	0.150158361644896	0.00513772960767051	-0.00626156797150729	5.25347964777592	TRUE
set2IT081	Cobalt chloride 0.5 mM	6/2/2015 BFirm_ML3_set2	81	3606471	397	2984602	2983859	11	421	549.716101694915	0.0824225787901955	0.642028464281677	1.2963080366323	1.26688739402649	0.0458272033537643	0.0419568387094945	-0.00911052680275503	16.2954934120191	FALSE
set2IT082	Chlorite 2 mM	6/2/2015 BFirm_ML3_set2	82	4308550	6832	3969831	3969173	16	421	731.240420044215	0.0306714281993765	0.505010939040503	1.26303440583379	1.26688739402649	0.0337228871575642	0.020764303840382	-0.0182707543991358	14.4538949522201	FALSE
set2IT083	A22 0.005 mg/ml	6/2/2015 BFirm_ML3_set2	83	2983265	8040	1745019	1740679	185	421	320.685151068534	0.166212733934604	0.247179533336852	1.30711271154401	1.26688739402649	0.106270513681361	-0.000876045281723679	-0.0130022890937395	2.43041979926579	TRUE
set2IT084	A22 0.01 mg/ml	6/2/2015 BFirm_ML3_set2	84	2886406	7593	1518054	1514032	135	421	278.929992630803	0.083187255798212	0.33023280115709	1.3536369546147	1.26688739402649	0.0631357106194236	0.0422932864966268	-0.00170929980411067	5.09123542962782	FALSE
set2IT085	D-Cycloserine 0.1 mg/ml	6/2/2015 BFirm_ML3_set2	85	1729743	325412	1315846	1314361	1	421	242.144620486367	0.0388621243967072	1.35031056100271	1	1.26688739402649	0.0234273793078112	0.0722159939143133	0.00338181113080381	11.2059355223985	FALSE
set2IT086	inner cut, LB soft agar motility assay	6/2/2015 BFirm_ML3_set2	86	3596809	6813	2072717	2067269	219	421	380.852800294768	0.208951587592244	0.310346725694477	1.29956028185891	1.26688739402649	0.147077811394438	0.0218766735621894	-0.0287561846699969	2.09505792312856	TRUE
set2IT087	inner cut, LB soft agar motility assay	6/2/2015 BFirm_ML3_set2	87	4208540	7916	2428259	2421788	253	421	446.165806927045	0.200668350049017	0.31427954351288	1.33034812971611	1.26688739402649	0.175007343559248	0.0245279080334011	-0.0481772367270058	1.92341344988913	TRUE
set2IT088	inner cut, LB soft agar motility assay	6/2/2015 BFirm_ML3_set2	88	2697665	5253	1557736	1553323	161	421	286.168570375829	0.18402895157463	0.363514290369433	1.33273727589762	1.26688739402649	0.166899534642435	0.0381229846948559	-0.037772902241343	2.73744298140827	TRUE
set2IT089	outer cut, LB soft agar motility assay	6/2/2015 BFirm_ML3_set2	89	2757786	4734	1588329	1584313	162	421	291.877855563744	0.20753948667203	0.371112796542376	1.33805942425314	1.26688739402649	0.188657123043947	0.0205322879857582	-0.0589479924292874	2.64608711942429	TRUE
set2IT090	outer cut, LB soft agar motility assay	6/2/2015 BFirm_ML3_set2	90	2902417	4639	1673208	1668922	170	421	307.465364775239	0.206268561158523	0.375940967442179	1.34995315578448	1.26688739402649	0.232481281333627	0.0179734353274147	-0.0581238593645481	2.94097095662227	TRUE
set2IT091	outer cut, LB soft agar motility assay	6/2/2015 BFirm_ML3_set2	91	3773232	7619	2178758	2173350	225	421	400.396094325718	0.200146956703405	0.357401919134858	1.33013066464019	1.26688739402649	0.158523767516855	0.0613640343212399	-0.0642379913924161	2.56644776451438	TRUE
set2IT092	Time0	6/2/2015 BFirm_ML3_set2	92	3302291	11459	1921507	1917075	206.5	217	353.182571849668	-0.00158990777153754	0.234985721617077	1.29586179627136	1.27722997291693	-0.0144859264907665	0.0213805606523048	0.0189354865091753	1.49225337318877	FALSE
set2IT093	Time0	6/2/2015 BFirm_ML3_set2	93	3460953	11720	2013892	2009218	217	206.5	370.15806927045	-0.00158990777153754	0.234985721617077	1.27722997291693	1.29586179627136	-0.0144859264907665	0.0213805606523048	-0.0189354865091753	2.53098464073049	FALSE
set3IT055	L-Histidine (N)	1/27/2016 BFirm_ML3_set3	97	2322060	18027	1328871	1324203	138	409	243.957811348563	0.157396943866416	0.504986265522346	1.38181731805547	1.29499759567581	0.109197834551145	0.0381636972877044	-0.00705840069975739	2.81201398283155	FALSE
set3IT056	L-Lysine (N)	1/27/2016 BFirm_ML3_set3	98	2787778	14832	1606959	1601995	166	409	295.13540899042	0.137819780151791	0.44643244125074	1.32192809488736	1.29499759567581	0.143467104436849	0.0481015319805417	-0.0112963862063136	2.99974541889967	TRUE
set3IT057	L-Aspartic Acid (N)	1/27/2016 BFirm_ML3_set3	99	2614145	19615	1520159	1504258	46	409	277.129329403095	0.170605821508784	0.460974830776067	1.38654077770816	1.29499759567581	0.146634621993206	0.0586968661302621	-0.00102287947863258	11.755445936929	FALSE
set3IT058	L-Glutamic (N)	1/27/2016 BFirm_ML3_set3	100	2380799	13466	1378676	1374811	153	409	253.28131908622	0.113452151585492	0.406353059026109	1.32603834828985	1.29499759567581	0.115689860395338	-0.0175381936002477	0.0131585911457894	2.33991685580755	TRUE
set3IT059	L-Serine (N)	1/27/2016 BFirm_ML3_set3	101	2469844	7563	1431446	1427393	159.5	409	262.968496683861	0.123526906675652	0.385458244671002	1.33573515881484	1.29499759567581	0.105590328685375	0.0418276565102023	-0.00238822940712452	2.63384904177827	TRUE
set3IT061	L-Asparagine (N)	1/27/2016 BFirm_ML3_set3	103	2708768	13486	1564901	1560423	171	409	287.476602800295	0.162457243749557	0.313687890140005	1.29481949396531	1.29499759567581	0.151686876618201	0.0164975518421695	-0.00157575569690024	2.19403373688121	TRUE
set3IT062	L-Glutamine (N)	1/27/2016 BFirm_ML3_set3	104	3379436	15351	1950195	1944507	209	409	358.236366985999	0.169703960019391	0.269157552216022	1.28404799429402	1.29499759567581	0.165384919883027	0.0619831406248586	0.0005546355103234	1.66794022650415	TRUE
set3IT063	L-Proline (N)	1/27/2016 BFirm_ML3_set3	105	2626901	11841	1516936	1511826	162	409	278.523581429624	0.169511845550098	0.304961511039686	1.26984811156251	1.29499759567581	0.180639496053496	0.0469148921794394	-0.00779011837979413	2.08315948667045	TRUE
set3IT064	L-Alanine (N)	1/27/2016 BFirm_ML3_set3	106	2395256	14308	1376685	1372831	146	409	252.916543846721	0.160400642167224	0.317201293779218	1.29442488816451	1.29499759567581	0.125964909516336	0.0185022465493258	-0.00504115693198841	1.54686299155047	TRUE
set3IT065	L-Isoleucine (N)	1/27/2016 BFirm_ML3_set3	107	2329088	2858	1352573	1348728	145	409	248.476050110538	0.158177456495125	0.352137902977103	1.31617635750491	1.29499759567581	0.0708627835351846	0.0453027452418488	0.0104052775778387	2.35992366357776	TRUE
set3IT066	L-Phenylalanine (N)	1/27/2016 BFirm_ML3_set3	108	2444238	9318	1408995	1404859	150	409	258.817059690494	0.149679379151106	0.338419324543134	1.27931151789137	1.29499759567581	0.0999402964597106	-0.00848453893960587	0.0119636022635903	2.02945097070317	TRUE
set3IT067	L-tyrosine (N)	1/27/2016 BFirm_ML3_set3	109	365771	2003	211545	210889	20	409	38.8520633750921	0.0330380093532077	1.87556032565863	1.92599941855622	1.29499759567581	0.070476988927678	0.0167061932162905	0.00565040124331327	3.87345256770754	FALSE
set3IT068	D-Alanine (N)	1/27/2016 BFirm_ML3_set3	110	2246831	6831	1295016	1290701	135	409	237.785740604274	0.190879380728031	0.303095294086355	1.2931991941948	1.29499759567581	0.164335970684756	0.0452822742843191	-0.0342333187262949	1.7272015021859	TRUE
set3IT069	Gly-DL-Asp (N)	1/27/2016 BFirm_ML3_set3	111	1983543	7488	1145224	1141752	121	409	210.344878408253	0.0765539054289641	0.417058232467591	1.33563381778862	1.29499759567581	0.0981900455135068	0.0492110710243539	-0.0112956652167119	2.11540372128522	FALSE
set3IT070	L-Citrulline (N)	1/27/2016 BFirm_ML3_set3	112	2309075	7032	1335997	1332257	141	409	245.441599115696	0.169312505125409	0.30593119920642	1.26582597944909	1.29499759567581	0.150059676946801	0.0182498496357769	0.0139217268972933	2.76320569426989	TRUE
set3IT071	Carnitine Hydrochloride (N)	1/27/2016 BFirm_ML3_set3	113	2315217	2863	1339693	1335956	146	409	246.123065585851	0.196404849164946	0.295711899799902	1.28695551734547	1.29499759567581	0.13146057773498	0.0349825339774954	-0.0027319017154792	1.80636455806833	TRUE
set3IT072	Gelatin (N)	1/27/2016 BFirm_ML3_set3	114	1877337	4058	1090770	1087469	121	409	200.344325718497	0.0729308307914625	0.519765673122719	1.36496192895682	1.29499759567581	0.0296996720003576	0.0304926590578247	0.00689402120533979	2.29227497774117	FALSE
set3IT073	casaminos (N)	1/27/2016 BFirm_ML3_set3	115	1760818	5809	1019360	1016226	113	409	187.219233603537	0.0929221722992656	0.377057252201547	1.31278336217543	1.29499759567581	0.0755888936841128	0.0175512354026235	-0.0038352531525349	2.22027327831805	FALSE
set3IT074	Putrescine (N)	1/27/2016 BFirm_ML3_set3	116	1892720	5581	1094424	1091488	112.5	409	201.084745762712	0.176429302672487	0.31493248361181	1.3112016882943	1.29499759567581	0.136604490926722	0.0303282114492214	0.0119024548009685	1.82524901730248	TRUE
set3IT075	NAG (N)	1/27/2016 BFirm_ML3_set3	117	1650068	4627	956607	953933	101	409	175.74299926308	0.139878504640194	0.33117604870959	1.28603630837429	1.29499759567581	0.138216309022095	0.00811982564129223	-0.00828317729518527	1.47021031951987	TRUE
set3IT076	Parabanic Acid (N)	1/27/2016 BFirm_ML3_set3	118	461853	684	264233	263400	26	409	48.5261606484893	0.0663231703086274	2.01709416023034	2	1.29499759567581	0.0829335987709948	-0.0138343930124978	-0.0201963955462793	4.70066821678739	FALSE
set3IT077	Uridine (N)	1/27/2016 BFirm_ML3_set3	119	2213009	2635	1281859	1278254	138	409	235.492630803242	0.148331412274798	0.314259759417241	1.30583497344245	1.29499759567581	0.111323001282992	0.0766856846529887	0.00779768339388036	2.00401597263592	TRUE
set3IT078	Ammonium chloride (N)	1/27/2016 BFirm_ML3_set3	120	2365407	7575	1367280	1363472	143.5	409	251.192336035372	0.139481394631625	0.328411660664804	1.28076042717069	1.29499759567581	0.111582926251724	0.0898187465743133	0.00905213741176607	1.93960193212377	TRUE
set3IT080	Time0	1/27/2016 BFirm_ML3_set3	122	2574792	11292	1496441	1493058	160	252	275.06595431098	-0.00231367360566515	0.332403690588542	1.31837655971758	1.2852226228149	-0.0155413836814872	0.0505071300417825	-0.00475176727651419	1.71379196893891	FALSE
set3IT081	Time0	1/27/2016 BFirm_ML3_set3	123	1854555	7925	1078174	1075560	115	295	198.150331613854	-0.00597229526341211	0.32376379041893	1.27534173311952	1.30002990758169	-0.0334927963959971	0.00949885814728081	0.014868671581112	1.76294450144047	FALSE
set3IT082	Time0	1/27/2016 BFirm_ML3_set3	124	2212540	10608	1287759	1284856	136	273	236.708916728077	0.0145060768299777	0.338478125325747	1.28950661719499	1.2919958035517	0.0104082550895883	-0.0149610908788339	-0.00132493422604486	2.03173226364201	FALSE
