name	short	t0set	num	nMapped	nPastEnd	nGenic	nUsed	gMed	gMedt0	gMean	cor12	mad12	mad12c	mad12c_t0	opcor	adjcor	gccor	maxFit	u
set1H1	Time0	9/5/2013 Marino_ML2_set1	1	6004321	2459	4305882	4304285	790	735	1179.25616438356	0.0202660085334495	0.152845982866265	0.970951467489503	0.971985623830403	0.00902327907474082	0.0269231919687002	0.0209279075408466	1.05292376680535	FALSE
set1H2	Time0	9/5/2013 Marino_ML2_set1	2	5555071	6880	3976763	3975327	735	790	1089.13068493151	0.0202660085334495	0.152845982866265	0.971985623830403	0.970951467489503	0.00902327907474082	0.0269231919687002	-0.0209279075408467	1.61941178567756	FALSE
set1H3	a-Ketoglutaric	9/5/2013 Marino_ML2_set1	3	4798929	1332	3450722	3449573	592.5	1526.5	945.088493150685	0.126086116524366	0.435174045946985	1.29565267728461	0.97623183406705	0.164296627038003	0.0230161141968205	0.0140759812700057	2.3131840856052	TRUE
set1H4	acetate	9/5/2013 Marino_ML2_set1	4	4653127	1233	3345594	3344426	603	1526.5	916.281095890411	0.171398055574043	0.268846158427644	1.13809418702979	0.97623183406705	0.130350889150277	-0.0402521949697838	0.00500644285052175	1.71961609998141	TRUE
set1H5	Fumarate	9/5/2013 Marino_ML2_set1	5	4812581	1459	3462272	3461097	611.5	1526.5	948.245753424658	0.152979041220026	0.327963104757334	1.18220333122075	0.97623183406705	0.145021795121544	0.00293427043976441	0.0284291249482575	2.32089483095484	TRUE
set1H6	Trisodium citrate	9/5/2013 Marino_ML2_set1	6	4966463	1258	3571809	3570714	676	1526.5	978.277808219178	0.191348650053891	0.178313484572342	1.02984201152893	0.97623183406705	0.178642561447537	-0.0113209390561316	-0.0431810858979925	1.2505348131906	TRUE
set1H7	D-Lactate	9/5/2013 Marino_ML2_set1	7	5318050	1411	3821167	3819844	735	1526.5	1046.53260273973	0.196019582206803	0.184639973828687	1.03058831983342	0.97623183406705	0.225300439738252	0.0182680375746184	-0.0360217817581477	1.52967874512586	TRUE
set1H8	L-Lactate	9/5/2013 Marino_ML2_set1	8	6362644	1818	4572286	4570689	863	1526.5	1252.24356164384	0.180442568750448	0.19276389855202	1.02888111998713	0.97623183406705	0.189942247367924	0.0214677095544377	-0.0309256090844748	1.75516887510919	TRUE
set1H9	D,L-Lactate	9/5/2013 Marino_ML2_set1	9	4299511	1075	3087527	3086442	589.5	1526.5	845.600547945205	0.219313838723374	0.165624564356718	0.996867110515037	0.97623183406705	0.206240771037701	-0.0196643279101026	-0.0291767802142026	1.41388252551908	TRUE
set1H10	pyruvate	9/5/2013 Marino_ML2_set1	10	6324120	1486	4546027	4544419	864	1526.5	1245.04630136986	0.203619450798978	0.1595760885407	1.02349370266694	0.97623183406705	0.180576878562686	0.0659569610418533	-0.0227530198902556	1.48881527504702	TRUE
set1H11	succinate	9/5/2013 Marino_ML2_set1	11	5380471	1521	3870337	3869153	678	1526.5	1060.04191780822	0.139513391332645	0.336632733941502	1.19899792563863	0.97623183406705	0.121462473085453	-0.0114803710745609	0.0123509157932325	2.47677030191196	TRUE
set1H12	L-Malic	9/5/2013 Marino_ML2_set1	12	5713482	1270	4106509	4105065	747	1526.5	1124.67534246575	0.188247897610328	0.2040813474224	1.03847414781463	0.97623183406705	0.198208671748401	0.00137463176488554	-0.0249283999800034	1.76743700853951	TRUE
set1H13	L-Glutamic	9/5/2013 Marino_ML2_set1	13	4061138	1148	2919694	2918795	505	1526.5	799.669863013699	0.110824917984978	0.375502279317752	1.22055107451228	0.97623183406705	0.0987011611799362	-0.00869329834633183	0.00853723716317951	2.15452068521735	TRUE
set1H14	L-Glutamine	9/5/2013 Marino_ML2_set1	14	2156870	1276	1554677	1554060	291	1526.5	425.769863013699	0.0990373438973425	0.399230230337167	1.1118928800709	0.97623183406705	0.118819182374712	0.0657874444200921	0.035384377936541	2.07206655028258	FALSE
set1H15	L-Proline	9/5/2013 Marino_ML2_set1	15	2797419	661	2008720	2008054	367.5	1526.5	550.151780821918	0.195074614330978	0.184518915684809	1.03102689562062	0.97623183406705	0.166964279786308	0.031242665964426	-0.00508407080031836	1.59407240895578	TRUE
set1H16	casaminos	9/5/2013 Marino_ML2_set1	16	4261669	1885	3060647	3059472	579	1526.5	838.211506849315	0.116638485518528	0.265102900893664	1.07009189565843	0.97623183406705	0.141230740965103	0.0611162716310551	-0.00780713143553307	1.89318934135658	TRUE
set1H17	L-Arginine as (N)	9/5/2013 Marino_ML2_set1	17	3788259	1456	2728001	2727108	457	1526.5	747.152876712329	0.126599190232976	0.543438916078989	1.37803319677251	0.97623183406705	0.124911349255323	-0.00991569431797199	0.0527188906507123	2.77755673448623	FALSE
set1H18	L-Glutamic as (N)	9/5/2013 Marino_ML2_set1	18	4817801	1469	3470953	3469893	619.5	1526.5	950.655616438356	0.130224959601503	0.364205296676308	1.22104031716917	0.97623183406705	0.0916950787865098	0.00776095141099066	-0.0047470047515793	2.2040708907719	TRUE
set1H19	L-Asparagine as (N)	9/5/2013 Marino_ML2_set1	19	4079486	1334	2951960	2951167	496	1526.5	808.538904109589	0.0922192378892453	0.616244031526175	1.49866265432694	0.97623183406705	0.0864028281700458	0.00458141107921547	0.0436493535258291	3.80117727455422	FALSE
set1H20	L-Glutamine as (N)	9/5/2013 Marino_ML2_set1	20	4443003	1323	3206367	3205303	584.5	1526.5	878.165205479452	0.231914850927444	0.277269544074274	1.13935828514646	0.97623183406705	0.247641589044273	0.00425892224475583	-0.00261937286166775	3.01105491641677	TRUE
set1H21	Glycine as (N)	9/5/2013 Marino_ML2_set1	21	5740408	134	4894413	4894260	77	1526.5	1340.89315068493	0.0948689651446373	0.517130608137532	1.29545588352617	0.97623183406705	0.0880376168104715	0.0145296058065633	0.0359972239043549	13.8333202589996	FALSE
set1H22	L-Proline as (N)	9/5/2013 Marino_ML2_set1	22	5209770	1453	3751520	3750429	701.5	1526.5	1027.51479452055	0.153578984531876	0.288531238206742	1.14201900487243	0.97623183406705	0.155076597287337	0.00175008656829187	-0.016315831764183	1.98111767366243	TRUE
set1H23	L-Alanine as (N)	9/5/2013 Marino_ML2_set1	23	4711895	1368	3396490	3395393	612.5	1526.5	930.244657534247	0.12238414177409	0.372021134380762	1.21814294833509	0.97623183406705	0.146626713284524	-0.00989516299501157	0.00455652928634771	3.53040032875053	TRUE
set1H24	L-Isoleucine as (N)	9/5/2013 Marino_ML2_set1	24	4194410	1081	3013202	3012134	564.5	1526.5	825.242191780822	0.15845208945424	0.213445987298897	1.06140054466414	0.97623183406705	0.171302392040212	-0.0451253862247357	-0.00304526074465406	1.52305377124498	TRUE
set1H25	L-Leucine as (N)	9/5/2013 Marino_ML2_set1	25	4532508	1470	3257313	3256209	588	1526.5	892.112054794521	0.16079299858535	0.295107307321786	1.13308823326194	0.97623183406705	0.1901906782137	0.0342853167025001	0.0147266424887462	2.24400431261395	TRUE
set1H26	L-Methionine as (N)	9/5/2013 Marino_ML2_set1	26	4959416	1507	3574833	3573842	595	1526.5	979.134794520548	0.1229499918137	0.554080233672304	1.48332223884532	0.97623183406705	0.0936376357545058	-0.00208082573493139	0.0179123272767532	2.59756900722077	FALSE
set1H27	L-Phenylalanine as (N)	9/5/2013 Marino_ML2_set1	27	4774357	1386	3439824	3438719	636	1526.5	942.114794520548	0.169314924613039	0.292700978669045	1.14430488236943	0.97623183406705	0.212706452365289	0.0125344896778764	0.00827720310573852	1.72713446929262	TRUE
set1H28	D-Alanine as (N)	9/5/2013 Marino_ML2_set1	28	4071256	1296	2931056	2930121	518	1526.5	802.772876712329	0.116165928315771	0.451166941227569	1.3185295184255	0.97623183406705	0.0855641573312338	0.000104395133288701	0.0218338745680393	2.68274108444376	TRUE
set1H29	L-Citrulline as (N)	9/5/2013 Marino_ML2_set1	29	5127897	620	3963122	3962373	289	1526.5	1085.58164383562	0.142788304778866	0.445878655564653	1.29613209401002	0.97623183406705	0.122968317649663	-0.00845565512877445	-0.00467994862390223	8.50257827246281	TRUE
set1H30	casaminos as (N)	9/5/2013 Marino_ML2_set1	30	5118533	1668	3694834	3693687	643	1526.5	1011.96904109589	0.117373340285679	0.425688739273981	1.30116953472056	0.97623183406705	0.126455156718483	0.0101974848617844	0.0350091481674371	2.23407522125043	TRUE
set1H31	NAG as (N)	9/5/2013 Marino_ML2_set1	31	4936377	1430	3554783	3553657	604.5	1526.5	973.604657534247	0.110851839152224	0.489626921182582	1.35830048455232	0.97623183406705	0.123412059526024	0.015199677950847	0.029995822648756	2.59417045036916	TRUE
set1H32	D-Glucosamine Hydrochloride as (N)	9/5/2013 Marino_ML2_set1	32	4366160	1341	3149835	3148963	550.5	1526.5	862.729589041096	0.121076865634064	0.495075985869699	1.37656335146421	0.97623183406705	0.136468210442417	0.00302071960804568	0.0115598992202202	2.5554722967238	TRUE
set1H34	Ammonium chloride as (N)	9/5/2013 Marino_ML2_set1	33	3704513	1225	2667967	2667116	445	1526.5	730.716712328767	0.0815869347513863	0.571378366859847	1.38414349133306	0.97623183406705	0.145605447784721	-0.00244055131213626	0.03457313455843	2.55549429051932	FALSE
set1H35	Urea as (N)	9/5/2013 Marino_ML2_set1	34	4251054	1223	3066735	3065867	537	1526.5	839.963561643836	0.108795555570302	0.474571543308139	1.35608869398906	0.97623183406705	0.126226681239172	-0.00829178438878798	0.00103508067541022	2.40980960323642	TRUE
set1H36	L-Arginine as (N)	9/5/2013 Marino_ML2_set1	35	3731265	1202	2685404	2684544	461	1526.5	735.491506849315	0.108889629724393	0.479823041243221	1.32192809488736	0.97623183406705	0.130637478382666	-0.0208007804992319	0.0158018456596297	3.27897656293383	TRUE
set1H37	L-Glutamic as (N)	9/5/2013 Marino_ML2_set1	36	3170681	887	2282781	2282136	411	1526.5	625.242739726027	0.110802341946352	0.37679583189671	1.2291339992155	0.97623183406705	0.115129493725094	-0.0054403428206706	-0.00549284980583013	1.89306533267632	TRUE
set1H38	L-Asparagine as (N)	9/5/2013 Marino_ML2_set1	37	2227931	635	1610385	1609916	269	1526.5	441.072876712329	0.0778977661726729	0.670209143708703	1.49513109049209	0.97623183406705	0.0842272597742417	-0.0265886108094986	0.053262293346309	3.30148478279282	FALSE
set1H39	L-Glutamine as (N)	9/5/2013 Marino_ML2_set1	38	3881609	1233	2804714	2803724	524	1526.5	768.143561643836	0.246288483550321	0.27242642988762	1.07953180329687	0.97623183406705	0.249378747946456	0.00128986617169042	0.0210910296656857	3.20715558311355	TRUE
set1H40	Glycine as (N)	9/5/2013 Marino_ML2_set1	39	3780896	164	3246537	3246371	70	1526.5	889.416712328767	0.0927186550307719	0.549686218787131	1.32192809488736	0.97623183406705	0.06244136815049	0.00622898985922507	0.0439830719579163	13.2865734257525	FALSE
set1H41	L-Proline as (N)	9/5/2013 Marino_ML2_set1	40	3382007	988	2432321	2431537	453.5	1526.5	666.174520547945	0.183043148901262	0.26482435408393	1.08947244603396	0.97623183406705	0.134043827278492	0.0250758921914433	0.00192040401075085	1.74728850536416	TRUE
set1H42	L-Alanine as (N)	9/5/2013 Marino_ML2_set1	41	4880750	1378	3509032	3507884	601	1526.5	961.064109589041	0.133610959298793	0.413665374283198	1.28334563256831	0.97623183406705	0.116333000984883	0.0224708004874225	0.0144900048092256	3.01138205715775	TRUE
set1H43	L-Isoleucine as (N)	9/5/2013 Marino_ML2_set1	42	4331984	1211	3115728	3114566	584.5	1526.5	853.305753424657	0.158048142685421	0.229284620784904	1.06756328381263	0.97623183406705	0.207827195800636	0.000527442332776246	0.0108624548042811	1.83103877621838	TRUE
set1H44	L-Leucine as (N)	9/5/2013 Marino_ML2_set1	43	2448779	613	1762876	1762281	318	1526.5	482.816712328767	0.146162936388835	0.31224735658981	1.14235292341133	0.97623183406705	0.13937163999286	0.0175752012479901	0.0216629768855848	2.18279210568832	TRUE
set1H45	L-Methionine as (N)	9/5/2013 Marino_ML2_set1	44	4919794	1264	3517144	3516053	557	1526.5	963.302191780822	0.110543071790013	0.570124483653343	1.45567948377619	0.97623183406705	0.0973727852213537	-0.00568690687234116	0.0271035438830241	3.47169835497268	FALSE
set1H46	L-Phenylalanine as (N)	9/5/2013 Marino_ML2_set1	45	4506330	1114	3240122	3239101	598	1526.5	887.424931506849	0.17297580825175	0.278052035463364	1.13750352374994	0.97623183406705	0.167482860921224	0.0213103614111545	-0.0107148953098748	2.06112991910085	TRUE
set1H47	D-Alanine as (N)	9/5/2013 Marino_ML2_set1	46	5434022	1680	3912110	3910933	695	1526.5	1071.48849315068	0.138429475631888	0.38074201010726	1.22239242133645	0.97623183406705	0.0922717397388488	-0.0136156304771105	-0.000940859775252288	2.23976831093225	TRUE
set1H48	L-Citrulline as (N)	9/5/2013 Marino_ML2_set1	47	4249914	464	3052874	3052547	179.5	1526.5	836.314246575343	0.0999128980425381	0.665460556329958	1.49701480144545	0.97623183406705	0.0783023017708375	0.00830480478431598	0.0485716367343543	8.92422193236665	FALSE
set2H1	casaminos as (N)	9/5/2013 Marino_ML2_set2	48	3598159	1122	2591503	2590781	447	955.5	709.80301369863	0.0701775464664747	0.475718748371561	1.32192809488736	0.972623561068696	0.101013743892439	0.00375437735607556	0.0393272286155158	2.12040768230667	FALSE
set2H2	NAG as (N)	9/5/2013 Marino_ML2_set2	49	3883684	1105	2794374	2793484	471.5	955.5	765.338082191781	0.102712474408459	0.520493281174355	1.38134630495776	0.972623561068696	0.133745823847721	-0.00384698077986024	0.0308393571869724	2.15474766365069	FALSE
set2H3	D-Glucosamine Hydrochloride as (N)	9/5/2013 Marino_ML2_set2	50	3769840	1008	2713463	2712661	453	955.5	743.194794520548	0.111907248025164	0.530470535204815	1.38230071286684	0.972623561068696	0.121245828480904	-0.00276896240083153	0.028913841177857	2.21032987640161	FALSE
set2H5	Ammonium chloride as (N)	9/5/2013 Marino_ML2_set2	51	3693264	1175	2664536	2663749	455.5	955.5	729.794246575342	0.111915991661079	0.553984133142547	1.4392038104096	0.972623561068696	0.136038680016028	0.00915370558875195	0.040044740204939	2.49954932741603	FALSE
set2H6	Urea as (N)	9/5/2013 Marino_ML2_set2	52	4059563	1187	2928473	2927599	524.5	955.5	802.081917808219	0.130718426590986	0.433115682970526	1.27885937299548	0.972623561068696	0.150534834487216	0.00227618805658038	-0.00794474921123848	2.12918425175741	TRUE
set2H7	Time0	9/5/2013 Marino_ML2_set2	53	3533970	4353	2530630	2529563	458.5	501	693.03095890411	-0.0341096657713249	0.196723012390623	0.975053642869769	0.97797369367	0.0198582784305963	0.0369329797229775	0.0225394922830213	1.38468884928198	FALSE
set2H8	Time0	9/5/2013 Marino_ML2_set2	54	3869748	4816	2767470	2766359	501	458.5	757.906575342466	-0.0341096657713249	0.196723012390623	0.97797369367	0.975053642869769	0.0198582784305963	0.0369329797229775	-0.0225394922830213	1.42549618229521	FALSE
set2H9	Time0	9/9/2013 Marino_ML2_set2	55	2591723	5921	1854125	1853344	329	519	507.765479452055	0.00639470532968359	0.255739118538777	0.978555748260938	0.996198429840145	0.0163407065913913	-0.0553702296611145	0.0226809963184831	2.61020819709449	FALSE
set2H10	Time0	9/9/2013 Marino_ML2_set2	56	3993340	11408	2858432	2857325	519	329	782.828767123288	0.00639470532968359	0.255739118538777	0.996198429840145	0.978555748260938	0.0163407065913913	-0.0553702296611145	-0.0226809963184831	4.19320858866635	FALSE
set2H11	m.b.  Nickel (II) chloride 1 mM	9/9/2013 Marino_ML2_set2	57	4507611	1129	3237560	3236571	610	848.5	886.731780821918	0.233222002517234	0.203482426478294	1.0452125768836	0.979474602668601	0.227418278024881	0.0497855140419473	-0.0692347341178736	2.26445441963722	TRUE
set2H12	m.b.  Cobalt chloride 0.32 mM	9/9/2013 Marino_ML2_set2	58	3654071	995	2629210	2628274	492.5	848.5	720.075068493151	0.168335798049935	0.206917827906382	1.04141992737998	0.979474602668601	0.132538885528359	0.0228384998232234	-0.0257123011336154	2.81444320823738	TRUE
set2H13	m.b.  Cobalt chloride 0.64 mM	9/9/2013 Marino_ML2_set2	59	3494499	1024	2509057	2507812	461	848.5	687.071780821918	0.175124943511496	0.197450982885613	1.02466205423427	0.979474602668601	0.153880403771911	0.0270391252549959	-0.0137480996817238	4.94526347026226	TRUE
set2H14	m.b.  copper (II) chloride 1 mM	9/9/2013 Marino_ML2_set2	60	2511236	671	1799881	1799168	336	848.5	492.922739726027	0.150479798909352	0.193326659200169	1.00895160084453	0.979474602668601	0.0926499204950737	-0.000968402878580616	-0.0580499768818113	1.82478069200655	TRUE
set2H15	m.b.  sodium fluoride 25 mM	9/9/2013 Marino_ML2_set2	61	2626649	7109	1878724	1877702	343	848.5	514.438904109589	0.0995306889531905	0.288484708538604	1.04730571477836	0.979474602668601	0.0521296854655361	-0.0253453592038036	0.0192258982132626	1.70606256194667	FALSE
set2H16	m.b.  sodium fluoride 50 mM	9/9/2013 Marino_ML2_set2	62	1408562	2328	1003817	1003469	176	848.5	274.92301369863	0.197874775245697	0.615241907353704	1.15754127698648	0.979474602668601	0.250870721344289	0.169021597372357	-0.0357157846060826	2.21988459283744	FALSE
set2H17	m.b.  Paraquat dichloride 0.002 mg/ml	9/9/2013 Marino_ML2_set2	63	4524018	1284	3253651	3252377	618	848.5	891.062191780822	0.295253275888392	0.197224108553162	1.00642626915943	0.979474602668601	0.327439399450646	0.166427499637643	-0.106741501199111	2.82455682124665	TRUE
set2H18	m.b.  Paraquat dichloride 0.0075 mg/ml	9/9/2013 Marino_ML2_set2	64	3530521	286	2873498	2873231	74	848.5	787.186575342466	0.129046756231963	0.366657793885633	1.11103131238874	0.979474602668601	0.0957118587135196	0.032799586544086	0.0313426355295049	12.8606780416205	TRUE
set2H19	m.b.  Thallium(I) acetate 0.008 mg/ml	9/9/2013 Marino_ML2_set2	65	4474094	1177	3212020	3210925	593	848.5	879.705479452055	0.175672218296331	0.212692075961626	1.02921578779285	0.979474602668601	0.179466753669094	0.000474920196411079	-0.0632443704680522	1.87565036705094	TRUE
set2H20	m.b.  Thallium(I) acetate 0.016 mg/ml	9/9/2013 Marino_ML2_set2	66	4005223	1094	2877421	2876542	525.5	848.5	788.093698630137	0.193175042158947	0.239957253198719	1.09060254878091	0.979474602668601	0.221344261969142	-0.00176772095948011	-0.0584457427608902	3.57295967155072	TRUE
set2H21	m.b.  Cisplatin 0.025 mg/ml	9/9/2013 Marino_ML2_set2	67	4792559	1392	3432318	3430650	458	848.5	939.904109589041	0.332440893560237	0.22720788614118	1.03786818559044	0.979474602668601	0.336365282492755	0.0427175784609399	-0.0681006011836988	12.5932697425745	TRUE
set2H22	marine broth	9/9/2013 Marino_ML2_set2	68	3865088	977	2774324	2773416	515	848.5	759.84	0.106746440430129	0.264085699968743	1.09432738254815	0.979474602668601	0.142767023936197	-0.0175981043235723	-0.0798753884610581	1.94390423394508	TRUE
set2H23	m.b.  nitrite 10 mM	9/9/2013 Marino_ML2_set2	69	4110773	1471	2950454	2949416	543	848.5	808.059178082192	0.18624722256898	0.193859203163846	1.0331668639352	0.979474602668601	0.204777520244253	0.0412285862364712	-0.078498755627117	2.99941473170646	TRUE
set2H24	m.b.  nitrite 20 mM	9/9/2013 Marino_ML2_set2	70	4215900	1257	3023573	3022567	549	848.5	828.100547945205	0.214985359538382	0.180660504255926	0.997463764291044	0.979474602668601	0.213908886304464	0.0758940089144263	-0.0862332811702439	1.89468544900276	TRUE
set2H25	m.b.  Chlorite 0.08 mM	9/9/2013 Marino_ML2_set2	71	5020851	1107	3603207	3602040	662	848.5	986.860273972603	0.135154955722548	0.207443014058706	1.05603403491433	0.979474602668601	0.219417644272872	-0.00206157690673346	-0.0882895722754188	2.84076822933567	TRUE
set2H26	m.b.  Chlorite 0.16 mM	9/9/2013 Marino_ML2_set2	72	4154801	970	2982849	2981786	552.5	848.5	816.927671232877	0.142841121405531	0.248019748113484	1.1030934929641	0.979474602668601	0.183570734601628	0.0432416251968284	-0.0651456576265007	2.11379615148507	TRUE
set2H27	m.b.  perchlorate 50 mM	9/9/2013 Marino_ML2_set2	73	4287734	991	3085712	3084594	559	848.5	845.094246575342	0.225594379631862	0.219121778076588	1.05558890920192	0.979474602668601	0.13201319213265	0.00937543537636156	-0.0488770541872803	3.25934319205213	TRUE
set2H28	m.b.  perchlorate 100 mM	9/9/2013 Marino_ML2_set2	74	4518831	979	3518512	3516482	432	848.5	963.419726027397	0.229251502167431	0.233961016790388	1.05889368905357	0.979474602668601	0.136715840305336	-0.0235898327539657	0.00746741218013579	9.71664417249313	TRUE
set2H29	m.b.  Polymyxin B sulfate 0.0004 mg/ml	9/9/2013 Marino_ML2_set2	75	3438043	2596	2466334	2465217	454	848.5	675.401917808219	0.0574415071533126	0.250265084456797	1.0064840335702	0.979474602668601	0.0245903601116903	-0.0380882010137475	0.00804358594239576	4.08688937088987	FALSE
set2H30	m.b.  Chloride 1000 mM	9/9/2013 Marino_ML2_set2	76	4725844	1827	3391857	3390672	619	848.5	928.951232876712	0.125531260398048	0.194705194987706	1.0483630215614	0.979474602668601	0.146822716956111	-0.0146376514244	-0.035302059920939	1.93945981250064	TRUE
set2H31	marine broth	9/9/2013 Marino_ML2_set2	77	4902891	1220	3523872	3522772	662	848.5	965.14301369863	0.185687509506768	0.193944088500909	1.03627538639155	0.979474602668601	0.158631348826887	-0.00573130159641949	-0.0723723684602257	1.58642925232486	TRUE
set2H32	m.b.  Benzethonium chloride 0.025 mM	9/9/2013 Marino_ML2_set2	78	3679661	664	2629469	2628239	476.5	848.5	720.065479452055	0.330163232923061	0.295330680673527	1.0085417362658	0.979474602668601	0.293993482898183	0.0549893007219878	-0.0188165459019329	3.88359489740594	TRUE
set2H33	m.b.  benzoic 0.29 mg/ml	9/9/2013 Marino_ML2_set2	79	4748949	1636	3417855	3416685	652	848.5	936.078082191781	0.15157140532554	0.212071274193223	1.0572097887036	0.979474602668601	0.153138080545985	0.0195217763435393	-0.0625173874769888	1.850612301468	TRUE
set2H34	m.b.  benzoic 0.58 mg/ml	9/9/2013 Marino_ML2_set2	80	1463807	51116	1013380	1012978	191	848.5	277.528219178082	0.0697074410194188	0.225778236982526	1.02438415862696	0.979474602668601	0.125639957682574	0.0331334037548288	-0.0150608782662442	2.41922395952119	FALSE
set2H35	m.b.  Phosphomycin 0.5 mg/ml	9/9/2013 Marino_ML2_set2	81	3833486	1424	2750417	2749470	509.5	848.5	753.279452054795	0.122170981894509	0.194126363308657	0.997254623261183	0.979474602668601	0.181097713363203	0.0249658856244837	-0.0441799318456434	1.8315276223981	TRUE
set2H36	m.b.  Phosphomycin 1 mg/ml	9/9/2013 Marino_ML2_set2	82	3988434	1426	2861979	2861028	532.5	848.5	783.843287671233	0.144371724492324	0.187206181445105	1	0.979474602668601	0.171993326316509	0.00874711210121906	-0.0273634787835269	1.67246046319153	TRUE
set2H37	m.b.  Bacitracin 0.5 mg/ml	9/9/2013 Marino_ML2_set2	83	3333439	825	2391094	2390156	446	848.5	654.837260273973	0.250294465541173	0.221560888782467	0.999999999999999	0.979474602668601	0.237926470689078	0.0194441427000164	-0.0501432511602488	2.82020569591992	TRUE
set2H38	m.b.  Fusidic 0.03 mg/ml	9/9/2013 Marino_ML2_set2	84	3606925	848	2582412	2581564	493	848.5	707.277808219178	0.240598146962517	0.198500291058154	1.01707351335894	0.979474602668601	0.244809190554625	0.0950317275865365	-0.0724698737049031	1.36459933498577	TRUE
set2H40	m.b.  Dimethyl Sulfoxide 7.5 vol%	9/9/2013 Marino_ML2_set2	86	4537188	1028	3263525	3262430	626	848.5	893.816438356164	0.217063250493017	0.205963309399554	1.05678602609158	0.979474602668601	0.247551545615538	0.0727233958735582	-0.0642699141875233	1.60818801815199	TRUE
set2H41	marine broth	9/9/2013 Marino_ML2_set2	87	4351319	1076	3121602	3120583	584	848.5	854.954246575342	0.202227355948049	0.1889436674158	1.02817067269116	0.979474602668601	0.211068322110975	0.0725712265608949	-0.095644590711323	1.85272749909898	TRUE
set2H42	Time0	9/10/2013 Marino_ML2_set2	88	4148462	15939	2967045	2965909	547.5	465.5	812.577808219178	0.00897937130955164	0.18710078600989	1.00535986390201	0.998168006051111	-0.0052370571984251	0.0329685516098572	-0.0315799080395927	1.70571644155359	FALSE
set2H43	Time0	9/10/2013 Marino_ML2_set2	89	3559593	16124	2545787	2544747	465.5	547.5	697.19095890411	0.00897937130955164	0.18710078600989	0.998168006051111	1.00535986390201	-0.0052370571984251	0.0329685516098572	0.0315799080395926	2.5234715200715	FALSE
set2H44	m.b.  Vancomycin 0.5 mg/ml	9/10/2013 Marino_ML2_set2	90	3376852	1459	2421293	2420153	459	1015.5	663.055616438356	0.190252196121575	0.186909982233867	1	1	0.191425716819442	0.010064009738668	-0.0215283396788906	2.91331140329061	TRUE
set2H45	m.b.  Vancomycin 1 mg/ml	9/10/2013 Marino_ML2_set2	91	4310988	1793	3093605	3092118	581	1015.5	847.155616438356	0.141337273070124	0.173154142940739	0.995621559489425	1	0.142801201165658	0.0309444246568465	-0.0172761440625039	3.18873560123104	TRUE
set2H46	m.b.  Cephalothin 0.01 mg/ml	9/10/2013 Marino_ML2_set2	92	3978690	1738	2855862	2854718	524	1015.5	782.114520547945	0.107623859688947	0.158698899998437	1	1	0.155031149258403	0.0812362418431496	-0.00755091483225524	1.89551493720177	TRUE
set2H47	m.b.  A22 0.04 mg/ml	9/10/2013 Marino_ML2_set2	93	4184578	1654	3006292	3005215	560.5	1015.5	823.346575342466	0.173755096577352	0.192854793435105	1.01260003677963	1	0.21143349429498	0.0329428201927362	0.00359997736544901	2.60930085831077	TRUE
set2H48	m.b.  D-Cycloserine 0.032 mg/ml	9/10/2013 Marino_ML2_set2	94	4419163	1475	3162404	3161199	599.5	1015.5	866.081917808219	0.31547267908406	0.23331213925144	0.985447244371315	1	0.404936337126505	0.106133650271617	-0.056927698379372	2.61292611884579	TRUE
set3H1	Time0	9/10/2013 Marino_ML2_set3	95	1910620	10656	1363812	1363296	250	215	373.505753424658	0.0255119498782218	0.343967329333733	1	1.01655117626385	0.0102043793985769	-0.0224027789966476	-0.0143289636923133	3.91753647147511	FALSE
set3H2	Time0	9/10/2013 Marino_ML2_set3	96	1636911	7250	1168357	1167871	215	250	319.964657534247	0.0255119498782218	0.343967329333733	1.01655117626385	1	0.0102043793985769	-0.0224027789966476	0.0143289636923134	2.61698738501109	FALSE
set3H3	m.b.  D-Cycloserine 0.064 mg/ml	9/10/2013 Marino_ML2_set3	97	1947825	464	1393637	1393153	257	463	381.685753424658	0.248782641804081	0.28610298613139	0.972165791803275	0.986361997987039	0.276826654825849	0.049603231285633	-0.011184573682233	2.51379543020946	TRUE
set3H4	m.b.  Doxycycline hyclate 0.032 mg/ml	9/10/2013 Marino_ML2_set3	98	3142640	1118	2246115	2245153	399.5	463	615.110410958904	0.135478820876005	0.272342854440816	1.00705475753395	0.986361997987039	0.0919875383638391	0.0456915983023347	0.0216293433134673	1.99324947798486	TRUE
set3H5	m.b.  Ceftazidime 0.008 mg/ml	9/10/2013 Marino_ML2_set3	99	3383466	1169	2427214	2426246	452.5	463	664.724931506849	0.186662341703322	0.228516806402235	1	0.986361997987039	0.185002826386871	0.0833135854505913	0.0251586952090677	1.98740981755071	TRUE
set3H6	m.b.  Ceftazidime 0.032 mg/ml	9/10/2013 Marino_ML2_set3	100	3588763	1751	2576204	2575177	477	463	705.527945205479	0.111921848662106	0.220780057818683	0.987616275544168	0.986361997987039	0.0720926358104463	0.0264546108333486	0.0610868982680208	1.66175596818186	TRUE
set3H7	marine broth	9/10/2013 Marino_ML2_set3	101	3154541	1007	2262108	2261299	406	463	619.53397260274	0.129886266166765	0.227631170602863	1.02974734339405	0.986361997987039	0.113545523622369	0.035316311819085	0.00778778436821878	2.13581707924445	TRUE
set3H8	m.b.  Chloramphenicol 0.0002 mg/ml	9/10/2013 Marino_ML2_set3	102	3284461	2014	2358243	2356951	426.5	463	645.74	0.124385960793658	0.332960811143837	1.00490991412381	0.986361997987039	0.151524330882196	0.078594188401648	0.00479810639156148	4.04150841901813	TRUE
set3H9	m.b.  Chloramphenicol 0.0004 mg/ml	9/10/2013 Marino_ML2_set3	103	3399095	1315	2436497	2435711	436	463	667.318082191781	0.137365043146661	0.256715887659109	1.09192248944104	0.986361997987039	0.0660699225156686	0.0223818835676641	0.0125146572290488	2.52084694411335	TRUE
set3H10	m.b.  Tetracycline 0.0125 mg/ml	9/10/2013 Marino_ML2_set3	104	4267496	2483	3058288	3056676	568.5	463	837.445479452055	0.180471485338077	0.273070207563965	0.98734469919397	0.986361997987039	0.184051980384489	0.114374019674645	-0.00670695413275855	2.90922184970163	TRUE
set3H11	m.b.  Tetracycline 0.025 mg/ml	9/10/2013 Marino_ML2_set3	105	3992200	1984	2856692	2855753	514	463	782.398082191781	0.115064740951156	0.224497378215019	1.06140054466414	0.986361997987039	0.0928386042228271	-0.0113942269713894	0.0185044439708692	1.93717223745672	TRUE
set3H12	m.b.  Carbenicillin 0.004 mg/ml	9/10/2013 Marino_ML2_set3	106	4323030	3815	3096500	3094950	573	463	847.931506849315	0.140005288361167	0.209198677686728	0.993525665839449	0.986361997987039	0.126758359057762	0.0450166503496643	0.00680171738892185	1.68341869046486	TRUE
set3H13	m.b.  Nalidixic 0.016 mg/ml	9/10/2013 Marino_ML2_set3	107	2507598	16886	1790449	1789310	166	463	490.221917808219	0.122912896252783	0.370817607348019	1.06817150264158	0.986361997987039	0.159232835244581	0.025227531870256	0.0645040693549802	5.83193830290279	TRUE
set3H14	m.b.  methylglyoxal 0.008 vol%	9/10/2013 Marino_ML2_set3	108	1510875	386	1089577	1089067	191	463	298.374520547945	0.27818890758317	0.284852234243895	1.04890960048095	0.986361997987039	0.246003666571808	0.114813246463055	0.0189061135202774	4.99465298973599	TRUE
set3H15	m.b.  2-Furfuraldehyde 0.5 vol%	9/10/2013 Marino_ML2_set3	109	1331795	1809	954575	952608	165	463	260.988493150685	0.0957513899623206	0.422466593231196	1.0612632954569	0.986361997987039	0.101140763855957	-0.00517693822357514	0.0622897838724337	2.85338462033165	FALSE
set3H16	m.b.  5-Hydroxymethylfurfural 2.5 mM	9/10/2013 Marino_ML2_set3	110	2893568	829	2079390	2078707	388	463	569.508767123288	0.0894379656981742	0.256616652752519	1.00917942677439	0.986361997987039	0.111564753088314	0.0773053769171991	0.0271333044948383	2.13799277097332	FALSE
set3H17	m.b.  5-Hydroxymethylfurfural 5 mM	9/10/2013 Marino_ML2_set3	111	2961098	928	2132096	2131223	396	463	583.896712328767	0.0743094838086629	0.269779964174274	1.0647362572274	0.986361997987039	0.050603252876307	0.0405558876726334	0.0278002646933781	2.07862500379001	FALSE
set3H18	m.b.  Vanillin 1.25 mM	9/10/2013 Marino_ML2_set3	112	3562686	2206	2553478	2552630	467	463	699.350684931507	0.111196864762841	0.232573368775093	1.02713612993751	0.986361997987039	0.0999907022623742	0.04691162453786	-0.0296163984619125	2.06075329171353	TRUE
set3H19	m.b.  Vanillin 2.5 mM	9/10/2013 Marino_ML2_set3	113	782695	694	561635	561462	104	463	153.825205479452	0.103664560487283	0.349709778655411	1.05062607306997	0.986361997987039	0.120379678179201	0.0339407358799257	0.0321893723828587	2.35496245619032	TRUE
set3H20	m.b.  Furfuryl Alcohol 0.125 vol%	9/10/2013 Marino_ML2_set3	114	3456987	1075	2477954	2476919	453	463	678.607945205479	0.215890613681726	0.213985703975963	1	0.986361997987039	0.213589657260241	0.0446571314715746	0.0120605690007317	2.07261771612397	TRUE
set3H21	m.b.  syringaldehyde 0.3125 mM	9/10/2013 Marino_ML2_set3	115	3928492	1123	2827125	2826121	530	463	774.279726027397	0.111557546547485	0.23625945122417	1.04951221201736	0.986361997987039	0.0633334644079629	0.0102188707890077	0.00661543899665531	2.30733249276867	TRUE
set3H22	m.b.  syringaldehyde 1.25 mM	9/10/2013 Marino_ML2_set3	116	4460042	1845	3205774	3204771	587	463	878.019452054795	0.0787640580715163	0.271972805490806	1.0511388489918	0.986361997987039	0.0560007142200199	0.0735217958069947	0.0350764694578566	2.41043617599829	FALSE
set3H23	m.b.  syringaldehyde 2.5 mM	9/10/2013 Marino_ML2_set3	117	4485628	3075	3219587	3218542	607	463	881.792328767123	0.0937407995708606	0.234031637217452	1.01109770888333	0.986361997987039	0.0883512378332155	0.043707513408754	-0.00774647361972427	2.00460592047783	FALSE
set3H24	m.b.  Dimethyl Sulfoxide 5 vol%	9/10/2013 Marino_ML2_set3	118	4988456	1304	3585782	3584582	678	463	982.077260273973	0.117399565960219	0.214043463782447	1.01853595143743	0.986361997987039	0.103270390685969	0.0146536298527194	-0.0190207659150128	2.05069970018764	TRUE
set3H25	marine broth	9/10/2013 Marino_ML2_set3	119	1757029	446	1262825	1262439	237	463	345.873698630137	0.118638237946151	0.2628709447586	1.04544297076117	0.986361997987039	0.145632522014462	0.0856752030547782	0.047069683653911	1.75726774846991	TRUE
set3H26	Time0	9/11/2013 Marino_ML2_set3	120	1924277	7799	1374695	1374195	250	1622.5	376.491780821918	0.0561291841121165	0.179287730513249	1.00514330327596	0.98995633408885	0.0235927654286891	0.0285019193944827	0.012803801527562	1.16767887084151	FALSE
set3H27	Time0	9/11/2013 Marino_ML2_set3	121	2369370	7352	1695732	1695158	307.5	1566.5	464.426849315068	0.0748363171784595	0.159397464517404	0.994566113949372	0.98837199774716	0.0728340858580337	-0.00287696243702918	-0.00845240790849004	1.10175089444822	FALSE
set3H28	m.b.  Zinc 0.5 mM	9/11/2013 Marino_ML2_set3	122	1409710	617812	569436	569251	102.5	1872.5	155.959178082192	0.115683182066374	0.305432911076755	1.11547721741994	0.987175959642416	0.149222824461853	0.0311307232346824	-0.0115760377313262	2.3728205254923	TRUE
set3H29	m.b.  Benzalkonium Chloride 0.001 mg/ml	9/11/2013 Marino_ML2_set3	123	1185950	175236	724856	724586	138	1872.5	198.516712328767	0.1148647493808	0.282958644825953	1.02046410255972	0.987175959642416	0.0945694270806377	-0.0187682967221871	-0.0314785606103884	1.61208791158381	TRUE
set3H30	marine broth	9/11/2013 Marino_ML2_set3	124	1597807	149104	1042491	1042178	187	1872.5	285.528219178082	0.12853072262362	0.274034897085251	1.10691520391651	0.987175959642416	0.17339617859332	0.0610022863675098	-0.0244391487642405	2.79228481105776	TRUE
set3H31	marine broth	9/11/2013 Marino_ML2_set3	125	1965973	234939	1245274	1244969	213	1872.5	341.087397260274	0.131771368008615	0.247617987545487	1.11512261620373	0.987175959642416	0.11947706187012	0.0365446376856908	-0.0203593769090495	2.77279624774455	TRUE
set3H32	m.b. pH5.5	9/11/2013 Marino_ML2_set3	126	3169784	3679	2272558	2270486	401	1872.5	622.05095890411	0.0760578818231144	0.288144035843501	1.0320612092323	0.987175959642416	0.044325595238994	0.031170187813858	0.0196896917727082	2.28246062338955	FALSE
set3H33	m.b. pH6	9/11/2013 Marino_ML2_set3	127	3881734	1593	2789205	2788122	519.5	1872.5	763.86904109589	0.14233054393485	0.167069974092508	1.04828001502872	0.987175959642416	0.138752885350964	0.0314151092534717	-0.0234205865486962	1.18070400224817	TRUE
set3H34	m.b. pH6.5	9/11/2013 Marino_ML2_set3	128	4819325	2069	3461907	3460640	638.5	1872.5	948.120547945205	0.141940681809136	0.164338494510972	1.02445304372454	0.987175959642416	0.1145861225138	0.00890750624589507	-0.0356561050294334	1.25209336459657	TRUE
set3H35	m.b. pH7	9/11/2013 Marino_ML2_set3	129	4622483	1649	3322517	3321488	615	1872.5	909.996712328767	0.107117047507971	0.178248028914084	1.05794734920928	0.987175959642416	0.117520569303452	-0.0295960997573816	-0.0660771365501024	2.6449871217119	TRUE
set3H36	m.b. pH8	9/11/2013 Marino_ML2_set3	130	4665241	1988	3359349	3357895	622	1872.5	919.971232876712	0.0957668603576348	0.176886030307104	1.06907838273905	0.987175959642416	0.134612002048589	-0.00992713271047026	-0.0501066286762709	1.98303127222432	FALSE
set3H37	m.b. pH9	9/11/2013 Marino_ML2_set3	131	1137414	385	818844	818582	155	1872.5	224.26904109589	0.0855794286842983	0.25787065761309	1.05703094503638	0.987175959642416	0.0491346722982102	0.0238220240957239	-0.0170151700436337	1.54123446672435	FALSE
set3H38	m.b. pH10	9/11/2013 Marino_ML2_set3	132	968227	1885	694982	694558	128	1872.5	190.289863013699	0.146526203375862	0.282872519896949	1	0.987175959642416	0.114465840584052	-0.0120774009597557	0.0223778381181364	1.67265838977973	TRUE
set3H39	marine broth	9/11/2013 Marino_ML2_set3	133	2288109	382286	1374387	1373949	243	1872.5	376.424383561644	0.108656165016378	0.232827542025798	1.08746284125034	0.987175959642416	0.15425649348192	0.00860630357548986	-0.040572870639897	2.70608902749907	TRUE
set3H40	m.b. pH5.5	9/11/2013 Marino_ML2_set3	134	1433396	1261	1026113	1025198	179	1872.5	280.876164383562	0.0434276588207309	0.474164388161522	1.07800251200127	0.987175959642416	0.0451992141473192	0.0544108453477873	0.0091463320904899	2.05544815750254	FALSE
set3H41	m.b. pH6	9/11/2013 Marino_ML2_set3	135	3113935	1111	2232983	2232222	412	1872.5	611.567671232877	0.128714427942282	0.174778504897895	1.02542918680036	0.987175959642416	0.137575527273608	-0.00165553639954997	-0.0324761556243385	1.06791862907613	TRUE
set3H42	m.b. pH6.5	9/11/2013 Marino_ML2_set3	136	3032051	1154	2176617	2175896	406	1872.5	596.135890410959	0.0904306980662906	0.181098882829859	1.03303591340903	0.987175959642416	0.126919541149438	0.00585747263831852	-0.0272268190263531	1.84099283492696	FALSE
set3H43	m.b. pH7	9/11/2013 Marino_ML2_set3	137	4071996	1641	2930494	2929522	544	1872.5	802.608767123288	0.126654811333238	0.178353051837187	1.06442410550073	0.987175959642416	0.112296300515325	0.0431480727314121	-0.0395268457449649	2.47824385062928	TRUE
set3H44	m.b. pH8	9/11/2013 Marino_ML2_set3	138	3559986	1200	2563124	2562257	478	1872.5	701.988219178082	0.0647520267070874	0.186689548703359	1.05690239123448	0.987175959642416	0.136945233912381	0.0287889870940484	-0.0572759818062101	3.47705045811822	FALSE
set3H45	m.b. pH9	9/11/2013 Marino_ML2_set3	139	3858513	2090	2774787	2773867	526	1872.5	759.963561643836	0.142431436429397	0.175553870533934	1.05268031667618	0.987175959642416	0.177617113475655	0.00816647170576873	-0.0471055836434233	1.41608239016067	TRUE
set3H46	m.b. pH10	9/11/2013 Marino_ML2_set3	140	4363382	10502	3129447	3127162	576.5	1872.5	856.756712328767	0.185706445329244	0.23116296925216	0.989840133779778	0.987175959642416	0.166626893284707	0.06944588353494	0.00225561381629064	2.1041767577418	TRUE
set3H47	Time0	9/11/2013 Marino_ML2_set3	141	5295048	21362	3787177	3785767	686	1183.5	1037.19643835616	0.000402015193516999	0.173280540483788	1	1.00078386040553	-0.0556042036186737	-0.00419807461890396	-0.0140542717815751	1.12997690452246	FALSE
set3H48	Time0	9/11/2013 Marino_ML2_set3	142	4871679	23001	3478434	3477168	634	1239.5	952.648767123288	0.0194325952803813	0.181826501645296	1	0.995567753684739	-0.00812393660981886	-0.0509829245462915	0.0228371252206129	1.95939845282217	FALSE
setAH1	Time0	9/12/2013 Marino_Dino_extra_set	143	3526428	7876	2524633	2523836	460.5	516.5	691.461917808219	0.0135470664928811	0.175800600513356	1.0121747139461	0.984346735688515	0.0250917975442396	-0.0149282424617107	-0.0304153982489528	1.79387777118039	FALSE
setAH2	Time0	9/12/2013 Marino_Dino_extra_set	144	3949210	10933	2824211	2823209	516.5	460.5	773.481917808219	0.0135470664928811	0.175800600513356	0.984346735688515	1.0121747139461	0.0250917975442396	-0.0149282424617107	0.0304153982489527	1.02979345104744	FALSE
setAH3	m.b. 10C	9/12/2013 Marino_Dino_extra_set	145	1108001	2408	794760	794475	142	973.5	217.664383561644	0.0238623950359425	0.787668368684559	1.18057224564182	0.995830358251045	0.000725577481844576	-0.00580435015823345	0.0363987904244712	4.24919119371817	FALSE
setAH4	m.b. 25C	9/12/2013 Marino_Dino_extra_set	146	2472016	11254	1764763	1764258	325	973.5	483.358356164384	0.102239899936131	0.180855972768289	1.00982097081103	0.995830358251045	0.165782360920753	0.0213883618435668	-0.0520226204596726	1.97373873176302	TRUE
setAH5	m.b. 30C	9/12/2013 Marino_Dino_extra_set	147	4602373	310441	3081859	3080970	568	973.5	844.101369863014	0.159373052626965	0.211677657290881	1.08942108070856	0.995830358251045	0.217429851897239	0.00230736831258051	-0.056804149605323	1.59476120064392	TRUE
setAH6	m.b. 37C	9/12/2013 Marino_Dino_extra_set	148	4209246	423555	2715408	2714722	478	973.5	743.759452054795	0.204876735718748	0.274913433703006	1.17283659686221	0.995830358251045	0.148821426074531	-0.0220053922144247	-0.0425632450804815	2.33918613425767	TRUE
setAH7	m.b. 40C	9/12/2013 Marino_Dino_extra_set	149	4539294	604769	2823322	2822482	506	973.5	773.282739726027	0.27743698943365	0.19186020155136	1.05501410200448	0.995830358251045	0.263736550150857	0.052680406369111	-0.0544699352768045	3.61100987595333	TRUE
setAH8	motility inner	9/12/2013 Marino_Dino_extra_set	150	5150485	1226	3675750	3674226	671.5	973.5	1006.63726027397	0.0862735063320764	0.695681856355005	1.15533377677808	0.995830358251045	0.146286468421692	0.0317812782937642	-0.0241736541079311	2.04757745821213	FALSE
setAH9	motility inner	9/12/2013 Marino_Dino_extra_set	151	3693407	1144	2635998	2634836	471	973.5	721.872876712329	0.0781923787668557	0.685578168082822	1.19203363693265	0.995830358251045	0.124821538689272	0.0365443720173351	-0.0225186351489628	2.54690229367136	FALSE
setAH10	motility inner	9/12/2013 Marino_Dino_extra_set	152	5454532	1152	3886676	3885264	711.5	973.5	1064.45589041096	0.138038675716159	0.716035535072251	1.21811971391187	0.995830358251045	0.164072364366463	0.076267313614784	-0.0148550501945085	2.7308931988623	FALSE
setAH13	motility outer	9/12/2013 Marino_Dino_extra_set	155	1576721	280	1126891	1126744	124	973.5	308.69698630137	0.108964222232914	1.63120312540667	2.30580842952409	0.995830358251045	0.13548975834818	0.0246700070148153	0.0280092624341345	7.14317446720649	FALSE
set4H1	Time0	10/23/2013 Marino_ML2_set4	156	2946522	2053	2108562	2107871	384	1611	577.498904109589	0.0568329604553942	0.159073361133065	0.985202998071919	0.980371193251067	0.065141863850879	-0.00613222919055109	-0.00672672391649989	1.1749981283921	FALSE
set4H2	Time0	10/23/2013 Marino_ML2_set4	157	3623278	2926	2593679	2592709	477	1515	710.331232876712	0.025786293753072	0.16738082799076	1	0.981543095292439	0.0641313895725411	0.0731183103285141	0.0362568763149617	1.72237214855102	FALSE
set4H3	m.b.  Choline chloride 358.1 mM	10/23/2013 Marino_ML2_set4	158	3869168	90	2657416	2656918	42	1994.5	727.922739726027	0.106088870131228	0.688130924336024	1.29956028185891	0.989658055778541	0.151228868894601	0.0419585641517163	0.100008144188798	14.1802541560675	FALSE
set4H4	m.b.  Choline chloride 179.05 mM	10/23/2013 Marino_ML2_set4	159	4052344	249	2984760	2982222	197	1994.5	817.047123287671	0.213035318877963	0.652569058497094	1.13508762303318	0.989658055778541	0.235293419995021	0.0127896744866857	0.0732912844988485	10.3117354969515	FALSE
set4H5	m.b.  Cholin acetate 153.15 mM	10/23/2013 Marino_ML2_set4	160	4341472	927	3124963	3123514	567	1994.5	855.757260273973	0.302435479916185	0.274091953469513	1.00189953291548	0.989658055778541	0.261259144480668	0.0482144277972876	-0.0163746160027725	4.28331119283363	TRUE
set4H6	m.b.  Cholin acetate 76.57 mM	10/23/2013 Marino_ML2_set4	161	4017702	889	2889843	2888737	533	1994.5	791.434794520548	0.283708743270637	0.170336044827813	0.987686738561148	0.989658055778541	0.22157922750335	0.0438688275304633	-0.026424677817642	3.57058986179561	TRUE
set4H7	m.b.  acetate 175 mM	10/23/2013 Marino_ML2_set4	162	4680103	1452	3371776	3370577	633	1994.5	923.445753424657	0.187790945296207	0.214552038578315	1.06529146025172	0.989658055778541	0.191817748391604	0.0611953301682932	0.0200039565082085	1.81683032937343	TRUE
set4H8	m.b.  acetate 87.5 mM	10/23/2013 Marino_ML2_set4	163	4782438	1274	3440738	3439700	633.5	1994.5	942.383561643836	0.153337603034052	0.236065864741535	1.09979559518767	0.989658055778541	0.161292772792788	-0.0155792482622352	-0.00656619617876288	1.77665612917707	TRUE
set4H9	m.b.  1-ethyl-3-methylimidazolium lysine 5 mM	10/23/2013 Marino_ML2_set4	164	2727712	705	1958445	1957833	371	1994.5	536.392602739726	0.264392975065242	0.180819097298395	1.03441003078583	0.989658055778541	0.325621553515092	0.103311626841538	0.0112724149694008	2.3661621829623	TRUE
set4H10	marine broth	10/23/2013 Marino_ML2_set4	165	4468278	1085	3205635	3204724	620.5	1994.5	878.006575342466	0.153730242944028	0.160590694993331	1.01533889861957	0.989658055778541	0.177574611731433	0.012098900836936	-0.0719494609439829	1.13147334345595	TRUE
set4H11	m.b.  Choline chloride 358.1 mM	10/23/2013 Marino_ML2_set4	166	4336101	32	2931657	2931438	9	1994.5	803.133698630137	0.128281801649939	0.63747396699862	1	0.989658055778541	0.062509159659018	0.0415456452431298	0.0728497533698985	15.8919581496535	FALSE
set4H12	m.b.  Choline chloride 179.05 mM	10/23/2013 Marino_ML2_set4	167	4239358	299	3104704	3102328	271	1994.5	849.952876712329	0.231804702466389	0.610362157098646	1.16992500144231	0.989658055778541	0.24692881042654	0.0106009878768388	0.0263025473588473	9.72499093769595	FALSE
set4H13	m.b.  Cholin acetate 153.15 mM	10/23/2013 Marino_ML2_set4	168	3693788	656	2654080	2653053	487.5	1994.5	726.863835616438	0.298055001007549	0.231608298560342	1.00653099821039	0.989658055778541	0.238070201197509	0.0481250715942603	-0.0343365859897931	3.62302226514509	TRUE
set4H14	m.b.  Cholin acetate 76.57 mM	10/23/2013 Marino_ML2_set4	169	2725278	551	1958227	1957645	357	1994.5	536.341095890411	0.21423289922901	0.180713922755604	1.01730760309512	0.989658055778541	0.175876528998219	0.0505959601020462	-0.0385368203464808	3.33179166865531	TRUE
set4H15	m.b.  acetate 175 mM	10/23/2013 Marino_ML2_set4	170	3936363	1191	2832950	2831927	531.5	1994.5	775.870410958904	0.167887278519458	0.197621869203904	1.03868046816406	0.989658055778541	0.219335428717654	0.0694798234123414	0.00955798674171231	1.67504563495373	TRUE
set4H16	m.b.  acetate 87.5 mM	10/23/2013 Marino_ML2_set4	171	4269066	1091	3069058	3068091	579	1994.5	840.572876712329	0.18014786562185	0.214045305684546	1.07185722190397	0.989658055778541	0.164928595018191	0.0135689547853637	-0.0257266042229624	1.58873186793854	TRUE
set4H17	m.b.  1-ethyl-3-methylimidazolium lysine 5 mM	10/23/2013 Marino_ML2_set4	172	4181800	1105	2999386	2998444	564.5	1994.5	821.491506849315	0.197525963935883	0.158955808900979	1.02466205423427	0.989658055778541	0.192588447615518	0.00266157406157715	-0.0197499120639034	1.211036458439	TRUE
set4H18	marine broth	10/23/2013 Marino_ML2_set4	173	5521695	1368	3961158	3959915	770	1994.5	1084.90821917808	0.152545881664276	0.15565281783903	1.01140476327225	0.989658055778541	0.132895733096407	0.0107216016895796	-0.0542657090205736	0.97117378901388	TRUE
set4H20	m.b.  1-ethyl-3-methylimidazolium acetate 15 mM	10/23/2013 Marino_ML2_set4	175	648186	134	479789	479686	72	1994.5	131.420821917808	0.102484633823928	1.26275054786991	1.43609911480667	0.989658055778541	0.067582208635623	0.0175328718177025	0.0412885161084917	9.44316995816881	FALSE
set4H21	m.b.  1-ethyl-3-methylimidazolium chloride 15 mM	10/23/2013 Marino_ML2_set4	176	5861471	362	5375279	5372818	38	1994.5	1472.00493150685	0.127885577519088	0.477467516380369	1.13750352374994	0.989658055778541	0.141102094384695	0.0117991785802499	0.0771036039765319	16.0404216012697	FALSE
set4H22	m.b.  1-ethyl-3-methylimidazolium chloride 7.5 mM	10/23/2013 Marino_ML2_set4	177	1050081	198	750130	749634	139	1994.5	205.379178082192	0.081641999038828	0.934200613829818	1.19930880822341	0.989658055778541	0.114305095098324	0.00165710794820794	0.0104522730344278	5.31432948265249	FALSE
set4H23	m.b.  Choline Lysine 10 mM	10/23/2013 Marino_ML2_set4	178	3756717	918	2696373	2695595	511	1994.5	738.519178082192	0.248401664610768	0.218485047964189	1.05645817291112	0.989658055778541	0.311991665210931	0.0767818700739269	0.0151924966799946	2.128581150228	TRUE
set4H24	marine broth	10/23/2013 Marino_ML2_set4	179	3868161	996	2770808	2769975	519	1994.5	758.897260273973	0.38536937471082	0.157926771029729	1.01792190799726	0.989658055778541	0.441711189314952	0.323575208390395	-0.100177370002017	0.959852058977347	FALSE
set4H25	m.b.  1-ethyl-3-methylimidazolium acetate 30 mM	10/23/2013 Marino_ML2_set4	180	4170971	1066	3489933	3489375	222	1994.5	955.993150684931	0.091049984343826	0.258647863604286	1.02856915219677	0.989658055778541	0.0772291477640065	0.081542337685592	0.0587989880873604	12.8866506046961	FALSE
set4H26	m.b.  1-ethyl-3-methylimidazolium acetate 15 mM	10/23/2013 Marino_ML2_set4	181	4523275	820	3315171	3313812	530	1994.5	907.893698630137	0.228879350248002	0.363858933450408	1.04212547567268	0.989658055778541	0.16421333371518	0.0110942181926431	-0.00226348040083265	9.185555910898	TRUE
set4H27	m.b.  1-ethyl-3-methylimidazolium chloride 15 mM	10/23/2013 Marino_ML2_set4	182	5270888	208	4768622	4765414	64	1994.5	1305.59287671233	0.117264905698673	0.515832759389296	1.13750352374994	0.989658055778541	0.100316992456057	0.0148624284064687	0.0754220350392874	15.2742540613219	FALSE
set4H28	m.b.  1-ethyl-3-methylimidazolium chloride 7.5 mM	10/23/2013 Marino_ML2_set4	183	4044529	784	2898731	2897494	545	1994.5	793.83397260274	0.260719643729387	0.23814326319957	0.96956810378604	0.989658055778541	0.255166839048148	0.0202699955016594	-0.0345095526641037	5.33070066390498	TRUE
set4H29	m.b.  Choline Lysine 10 mM	10/23/2013 Marino_ML2_set4	184	4331232	1172	3102295	3101385	595	1994.5	849.694520547945	0.184340832056493	0.175807155697733	1.01807157292202	0.989658055778541	0.220187791891666	0.0307647302169521	-0.0555270994274379	1.05703808809574	TRUE
set4H30	marine broth	10/23/2013 Marino_ML2_set4	185	4098343	1042	2940603	2939724	566	1994.5	805.403835616438	0.225798160564659	0.144151723266227	1.00181129344682	0.989658055778541	0.198318340120802	0.0986720022573688	-0.0700915008097884	1.23484418126667	TRUE
set4H31	Time0	10/23/2013 Marino_ML2_set4	186	4457123	3680	3192083	3190989	591	1400	874.243561643836	-0.0142051653453055	0.173299210532768	0.996940200250943	0.973730749289217	0.0384194905059827	0.0454527490749594	-0.0210332327031645	0.935486086550905	FALSE
set4H32	Time0	10/23/2013 Marino_ML2_set4	187	4102435	3873	2936437	2935470	546	1455.5	804.238356164384	-0.0037693354952882	0.125422215893498	0.967333811079678	0.99027174303812	0.0191418395438623	0.0571798392177592	0.00886357124110233	0.935445422338742	FALSE
set5H1	Time0	3/4/2014 Marino_ML2_set5	188	3186571	10925	2277982	2277133	413	3691.5	623.872054794521	-0.0115483863485949	0.155034289901379	0.994075166042895	1.00897281016421	-0.0470351526407056	0.0164618502300979	-0.00648579506039376	0.897772398221572	FALSE
set5H2	Time0	3/4/2014 Marino_ML2_set5	189	4039988	15819	2888974	2887984	524	3582	791.228493150685	0.0094210793027368	0.127917663279677	0.998946553410011	1.0035187701368	0.0290912985489791	-0.0558702254667749	0.0245985119911775	1.04760924508846	FALSE
set5H3	Time0	3/4/2014 Marino_ML2_set5	190	4121362	17163	2944298	2943165	531.5	3574	806.346575342466	-0.0154347995893024	0.126966925452254	0.992305608209999	1.00279476088124	0.0332199335183314	-0.0105096988516496	0.00959652356186702	0.87153254064919	FALSE
set5H4	Time0	3/4/2014 Marino_ML2_set5	191	3761257	14176	2688525	2687572	487.5	3608	736.321095890411	-0.0123356537391232	0.127709249998166	0.998235235203934	0.999561157398627	0.0366026027128645	0.0317217484490824	0.00766432808913928	0.732915536535623	FALSE
set5H5	a-Ketoglutaric (C)	3/4/2014 Marino_ML2_set5	192	4104385	2016	2957991	2957180	499.5	4101	810.186301369863	0.118235794676612	0.511971798004418	1.44993570726344	1.00311934184418	0.138128948548181	-0.0188532226953735	0.0191408384984469	2.27493088522061	FALSE
set5H6	acetate (C)	3/4/2014 Marino_ML2_set5	193	4137382	1865	2975178	2974251	533	4101	814.863287671233	0.121844064736943	0.282901212063887	1.18442457113743	1.00311934184418	0.121844066266006	-0.00253720504714366	-0.0112112059433248	1.62553184212916	TRUE
set5H7	Fumarate (C)	3/4/2014 Marino_ML2_set5	194	4380442	2266	3150630	3149663	554.5	4101	862.921369863014	0.118565856989304	0.342121026182125	1.26303440583379	1.00311934184418	0.108882236603184	-0.00262381818275606	0.0221625927121571	1.53609813436704	TRUE
set5H8	Trisodium citrate (C)	3/4/2014 Marino_ML2_set5	195	4129042	1275	2964442	2963472	545.5	4101	811.910136986301	0.176827009361374	0.180794200934296	1.06558834162758	1.00311934184418	0.159161895865581	0.0121938510646876	-0.032002064753035	1.01124656048293	TRUE
set5H9	L-Lactate (C)	3/4/2014 Marino_ML2_set5	196	3184530	1201	2282050	2281340	406.5	4101	625.024657534247	0.189322359006176	0.190173302087797	1.0630097975258	1.00311934184418	0.195747563683949	-0.0189196502238827	-0.0420206359090057	1.49253350981037	TRUE
set5H10	D,L-Lactate (C)	3/4/2014 Marino_ML2_set5	197	4084981	1597	2932084	2931233	525	4101	803.077534246575	0.205212548798442	0.173316686557632	1.05268031667618	1.00311934184418	0.181297555751932	0.00157991299947253	-0.0306148605452375	1.96470815786794	TRUE
set5H11	a-Ketoglutaric (C)	3/4/2014 Marino_ML2_set5	198	3734055	1345	2686284	2685506	465	4101	735.755068493151	0.128743137295064	0.417387493378102	1.32349539003432	1.00311934184418	0.100518138767996	-0.0183738229671776	0.00580972812510083	1.81489474678663	TRUE
set5H12	acetate (C)	3/4/2014 Marino_ML2_set5	199	3509699	1884	2525364	2524482	451	4101	691.638904109589	0.113523952480966	0.30985725698443	1.21723071622067	1.00311934184418	0.0702410213620657	0.00998723714766379	-0.0125893243983004	1.75333133535348	TRUE
set5H13	Fumarate (C)	3/4/2014 Marino_ML2_set5	200	4256843	2170	3065575	3064656	537	4101	839.631780821918	0.105677878947574	0.393180378870842	1.32716474325351	1.00311934184418	0.0675630548179782	-0.0237755239751148	0.0231536012828444	1.80432909631041	TRUE
set5H14	Trisodium citrate (C)	3/4/2014 Marino_ML2_set5	201	2760234	844	1981511	1980904	366	4101	542.713424657534	0.158415880397946	0.199477473265448	1.06413033741972	1.00311934184418	0.176321759031296	0.00530964350505592	-0.0342069369008477	1.29862733282621	TRUE
set5H15	L-Lactate (C)	3/4/2014 Marino_ML2_set5	202	3833679	1420	2750474	2749500	500	4101	753.287671232877	0.194323235724709	0.192529345266773	1.07885542071124	1.00311934184418	0.226038246008669	0.00721535025739923	-0.0381042318089827	1.42416595272832	TRUE
set5H16	D,L-Lactate (C)	3/4/2014 Marino_ML2_set5	203	4081659	1586	2927795	2926900	522	4101	801.890410958904	0.207804688839128	0.169033218539573	1.06871275008401	1.00311934184418	0.212549024492541	0.0222794465434951	-0.0375588845627332	2.04265662281267	TRUE
set5H17	m.b.  Nickel (II) chloride 1 mM	3/4/2014 Marino_ML2_set5	204	3854566	1243	2764788	2763829	508	4101	757.213424657534	0.196126317049409	0.143539542344946	1.0146467759644	1.00311934184418	0.123145525827979	0.0130843935497593	-0.0184734624104918	1.33024351930323	TRUE
set5H18	m.b.  Cobalt chloride 0.32 mM	3/4/2014 Marino_ML2_set5	205	4415520	1570	3168240	3166872	581.5	4101	867.636164383562	0.155558963824509	0.152341622067287	1.03308235495583	1.00311934184418	0.153017528956818	0.0202239656857415	-0.00405496257488628	3.17895437167557	TRUE
set5H19	m.b.  Cobalt chloride 0.64 mM	3/4/2014 Marino_ML2_set5	206	3873491	4257	2777775	2776695	515	4101	760.738356164384	0.0349097702093146	0.143928387520153	0.993976212372229	1.00311934184418	0.0612675736437596	0.00722785570540005	-0.0224068840541806	1.97364628818853	FALSE
set5H20	m.b.  copper (II) chloride 1 mM	3/4/2014 Marino_ML2_set5	207	4213760	1214	3021968	3020857	555.5	4101	827.632054794521	0.16620709164554	0.124161734077741	1.0050888766728	1.00311934184418	0.082396991220502	0.0593081827459882	-0.0269828854890119	0.900511353657881	TRUE
set5H21	m.b.  Nickel (II) chloride 1 mM	3/4/2014 Marino_ML2_set5	208	4281804	1340	3070710	3069583	561.5	4101	840.981643835616	0.179866960880142	0.146200420218142	1.03020406984369	1.00311934184418	0.152835897909193	0.0465623343343385	-0.0221162744468463	1.28192570985828	TRUE
set5H22	m.b.  Cobalt chloride 0.32 mM	3/4/2014 Marino_ML2_set5	209	4291676	1577	3080324	3079096	566	4101	843.587945205479	0.186651882623397	0.150302847747368	1.02663512650347	1.00311934184418	0.13233617960845	0.0432216810565491	0.0255179449603267	3.10076757269926	TRUE
set5H23	m.b.  Cobalt chloride 0.64 mM	3/4/2014 Marino_ML2_set5	210	3737529	3221	2679185	2678138	496	4101	733.736438356164	0.0701388123896337	0.139507311564596	1	1.00311934184418	0.108583591941696	0.0062666405676235	-0.0185227109495501	2.53451999725935	FALSE
set5H24	m.b.  copper (II) chloride 1 mM	3/4/2014 Marino_ML2_set5	211	4053417	1351	2908855	2907730	542	4101	796.638356164384	0.169647262845805	0.127309687349724	1.01284942226701	1.00311934184418	0.139971786072461	-0.0105734548555463	-0.0259241395495278	0.81958819112566	TRUE
set5H25	Time0	3/4/2014 Marino_ML2_set5	212	4499817	18211	3217091	3215893	587	3511.5	881.066575342466	0.0044770027251487	0.125658071639675	1.00898878322726	1.00658881718967	0.0217000960386746	-0.0686728842134647	-0.00904362753282295	1.02342125346974	FALSE
set5H26	Time0	3/4/2014 Marino_ML2_set5	213	4397322	17016	3142246	3141087	572	3523.5	860.571780821918	0.00167372962448407	0.124727142024433	1.01348322936362	0.999161954643361	0.00939192409926487	0.0406929901341236	0.0381624958661023	0.735900648359088	FALSE
set5H27	Time0	3/4/2014 Marino_ML2_set5	214	4152203	16562	2967212	2966131	532	3551	812.638630136986	-0.0308766195207041	0.125768031973241	0.989946335336077	1.00316034089333	-0.0102443826690322	0.0574873583152541	-0.0342877122130504	0.815628997978792	FALSE
set5H28	Time0	3/4/2014 Marino_ML2_set5	215	3474608	14577	2483688	2482683	451.5	3631	680.187123287671	0.0150681859688256	0.131764326782632	1.00585272624544	1	-0.00434753263488314	0.0545310179599431	-0.00277943552828797	0.807044553820724	FALSE
set5H29	a-Ketoglutaric (C)	3/4/2014 Marino_ML2_set5	216	3669720	1700	2641630	2640940	445.5	4101	723.545205479452	0.118699847400841	0.508122866580955	1.44366430277898	1.00311934184418	0.108606186364385	-0.0201870209872538	0.0248193335969406	2.05345570517981	FALSE
set5H30	acetate (C)	3/4/2014 Marino_ML2_set5	217	3101392	1370	2230218	2229481	402	4101	610.816712328767	0.121746235236231	0.29110102989207	1.17104554133623	1.00311934184418	0.124392101442263	-0.0145826906213058	0.0113289207889226	1.63496729881932	TRUE
set5H31	Fumarate (C)	3/4/2014 Marino_ML2_set5	218	4354419	2192	3132030	3131042	547	4101	857.819726027397	0.0954019187455819	0.346380184762042	1.26199312463313	1.00311934184418	0.0972161860997874	0.00711855275759784	0.0189151947295489	1.6518527170219	FALSE
set5H32	Trisodium citrate (C)	3/4/2014 Marino_ML2_set5	219	2980838	980	2141245	2140577	393.5	4101	586.459452054794	0.161243236699759	0.19176297787846	1.07454695336505	1.00311934184418	0.176531100595495	-0.00178228666691588	-0.0379180117040253	0.855273720384018	TRUE
set5H33	L-Lactate (C)	3/4/2014 Marino_ML2_set5	220	3849456	1599	2760310	2759346	491	4101	755.985205479452	0.212955039447519	0.178723413622544	1.07481477627219	1.00311934184418	0.200791677806249	0.0317085640533701	-0.0419015030937158	1.55066319712951	TRUE
set5H34	D,L-Lactate (C)	3/4/2014 Marino_ML2_set5	221	4112014	1554	2951720	2950736	529	4101	808.420821917808	0.19940209659076	0.182949525211854	1.0696809090012	1.00311934184418	0.185662047334135	0.00657190762871775	-0.0393778570313815	1.98868880931664	TRUE
set5H35	a-Ketoglutaric (C)	3/4/2014 Marino_ML2_set5	222	3073482	1100	2211972	2211347	378.5	4101	605.848493150685	0.120991750723859	0.424405110648672	1.33976478003314	1.00311934184418	0.128894745497795	-0.0223567427047284	-0.00127676632311432	1.86929297183453	TRUE
set5H36	acetate (C)	3/4/2014 Marino_ML2_set5	223	3962928	2124	2852168	2851223	507.5	4101	781.15698630137	0.125160070864689	0.310379968231746	1.22810607253084	1.00311934184418	0.0711169519670448	0.00384777963028704	-0.00315340956253201	1.78191642103864	TRUE
set5H37	Fumarate (C)	3/4/2014 Marino_ML2_set5	224	3366799	1652	2424154	2423403	422.5	4101	663.94602739726	0.102751569053001	0.391900152783859	1.32774542148268	1.00311934184418	0.102778802361713	0.0416730895399221	0.0200875367416663	1.7790030995676	TRUE
set5H38	Trisodium citrate (C)	3/4/2014 Marino_ML2_set5	225	2571132	782	1845386	1844738	341	4101	505.407671232877	0.155324967946369	0.196779740991091	1.06537600885202	1.00311934184418	0.175467788549837	-0.0668328526449082	-0.036344922216025	1.52119696397611	TRUE
set5H39	L-Lactate (C)	3/4/2014 Marino_ML2_set5	226	4188813	1543	3005623	3004623	550	4101	823.184383561644	0.191857849622168	0.1820849139946	1.08620814190392	1.00311934184418	0.189617293494349	0.0277129530264945	-0.0533566693108747	1.60681068150052	TRUE
set5H40	D,L-Lactate (C)	3/4/2014 Marino_ML2_set5	227	3159810	1198	2267743	2267081	405	4101	621.118082191781	0.188741211266957	0.179313248538542	1.0461291707292	1.00311934184418	0.209562883455568	0.000392043739583322	-0.0287342838334005	2.07470176149636	TRUE
set5H41	m.b.  Nickel (II) chloride 1 mM	3/4/2014 Marino_ML2_set5	228	3797340	1277	2724960	2724031	501	4101	746.309863013699	0.1418618524993	0.146897740569665	1.02448268519934	1.00311934184418	0.182965929766341	0.041784962833406	-0.0166930046144248	1.2651431902351	TRUE
set5H42	m.b.  Cobalt chloride 0.32 mM	3/4/2014 Marino_ML2_set5	229	3720360	1377	2669039	2667918	491	4101	730.936438356164	0.157207240718566	0.154365148632665	1.03004233082855	1.00311934184418	0.150070212313317	0.0740423972653749	-0.00430491379997572	3.11746679791141	TRUE
set5H43	m.b.  Cobalt chloride 0.64 mM	3/4/2014 Marino_ML2_set5	230	3832422	4615	2748866	2747633	507	4101	752.776164383562	0.0739948358960103	0.13906432377392	1.02523729149902	1.00311934184418	0.118580768778631	0.0152710373408793	-0.0229265367971416	1.56602513133404	FALSE
set5H44	m.b.  copper (II) chloride 1 mM	3/4/2014 Marino_ML2_set5	231	3798407	1167	2724679	2723475	504	4101	746.157534246575	0.120084829805294	0.135908647141473	1.0082676159836	1.00311934184418	0.129792962060794	0.0334672802414204	-0.0259891763846763	0.865489356022045	TRUE
set5H45	m.b.  Nickel (II) chloride 1 mM	3/4/2014 Marino_ML2_set5	232	4151806	1353	2980859	2979785	547.5	4101	816.379452054795	0.159933769940872	0.151741804767017	1.04592191261877	1.00311934184418	0.1749310274044	0.00335736575697982	-0.0126880250823092	1.23246147310457	TRUE
set5H46	m.b.  Cobalt chloride 0.32 mM	3/4/2014 Marino_ML2_set5	233	3766570	1480	2702906	2701705	499	4101	740.193150684932	0.16687486721401	0.152248568457551	1.03373085731255	1.00311934184418	0.144541816223661	0.0686058321651363	0.00246897606580571	2.95784644735375	TRUE
set5H47	m.b.  Cobalt chloride 0.64 mM	3/4/2014 Marino_ML2_set5	234	4368573	3868	3133051	3131752	581	4101	858.014246575342	0.0866861611510292	0.132197921174495	1	1.00311934184418	0.029245248254838	0.0571639475404472	-0.0363586559743069	2.50695397207322	FALSE
set5H48	m.b.  copper (II) chloride 1 mM	3/4/2014 Marino_ML2_set5	235	4223472	1424	3030340	3029223	567.5	4101	829.924109589041	0.145095818223724	0.133187746043923	1.00663309233245	1.00311934184418	0.129734188172033	0.035444833333505	-0.037004444309048	0.736268816222394	TRUE
set6IT001	Time0	3/4/2014 Marino_ML2_set6	236	1125922	3771	807653	807377	153	183	221.199178082192	0.00500560962751138	0.219756175944625	0.995277589757596	0.982722008568164	-0.011998590237488	0.0461940888231325	-0.00291299547781429	2.26842800677866	FALSE
set6IT002	Time0	3/4/2014 Marino_ML2_set6	237	1381801	5092	991122	990757	183	153	271.440273972603	0.00500560962751138	0.219756175944625	0.982722008568164	0.995277589757596	-0.011998590237488	0.0461940888231325	0.00291299547781431	1.96524204350299	FALSE
set6IT003	pyruvate	3/4/2014 Marino_ML2_set6	238	1576285	441	1138692	1138345	209	334	311.875342465753	0.165351107587049	0.247819126252524	1.10535300014623	0.984232684141683	0.151520142639794	0.00626148564512359	-0.0294098095327436	4.23894891687572	TRUE
set6IT004	succinate	3/4/2014 Marino_ML2_set6	239	1350644	515	975395	975107	176	334	267.152602739726	0.099012056012816	0.37150557362706	1.2081081953302	0.984232684141683	0.059043454882149	-0.0148986882343751	-0.00892231044249515	1.85272748926425	FALSE
set6IT005	Ethanol	3/4/2014 Marino_ML2_set6	240	1444938	408	1039795	1039449	189	334	284.780547945205	0.27080865402673	0.257766158406599	1.09953567355091	0.984232684141683	0.265967395547537	0.0255300401091023	-0.0495383950395005	4.20947403443087	TRUE
set6IT006	Glycerol	3/4/2014 Marino_ML2_set6	241	1415334	19995	1001720	1001308	178	334	274.33095890411	0.147906617717238	0.226354868991602	1.06926266243711	0.984232684141683	0.114280639396704	0.0302399715610117	-0.0374359803243255	1.9629839105847	TRUE
set6IT007	Tween 20	3/4/2014 Marino_ML2_set6	242	1443963	465	1036369	1036035	187	334	283.845205479452	0.141983044589079	0.208388178970558	1.03355255971103	0.984232684141683	0.100819248835524	-0.0221728980299485	-0.0274508371984905	2.30928002933067	TRUE
set6IT008	L-Malic	3/4/2014 Marino_ML2_set6	243	1590722	469	1145413	1145089	205	334	313.72301369863	0.13694229975857	0.282592025013567	1.12029423371771	0.984232684141683	0.121124321866709	-0.0160321091222512	-0.0211333784070117	1.78334216660223	TRUE
set6IT009	D-Trehalose	3/4/2014 Marino_ML2_set6	244	3727794	2008	2686246	2685486	482	334	735.749589041096	0.140144550178292	0.37561286056241	1.25359828917426	0.984232684141683	0.120592590714981	-0.00089395456405957	-0.0125394709781107	2.6337133967729	TRUE
set6IT010	L-Glutamic	3/4/2014 Marino_ML2_set6	245	3765644	2064	2715273	2714514	482	334	743.702465753425	0.0860824509795128	0.443375959462424	1.32192809488736	0.984232684141683	0.0470910241863258	-0.00833145276572839	0.00689123496573671	3.60172521645451	FALSE
set6IT011	L-Glutamine	3/4/2014 Marino_ML2_set6	246	3415600	1976	2459879	2459225	416	334	673.760273972603	0.0911129324518958	0.54349140259598	1.45788780357196	0.984232684141683	0.117792898706438	-0.00461126566243073	0.0135860798195122	3.14892361661252	FALSE
set6IT012	L-Proline	3/4/2014 Marino_ML2_set6	247	4032369	5250	2899993	2898985	537.5	334	794.242465753425	0.130170277861215	0.275184542099363	1.13464952669478	0.984232684141683	0.0723522145314416	-0.000106197703901027	-0.0224593651084401	2.18754146422339	TRUE
set6IT013	L-Phenylalanine	3/4/2014 Marino_ML2_set6	248	3855649	1407	2780495	2779685	509	334	761.557534246575	0.140114691090766	0.362414677231451	1.2291339992155	0.984232684141683	0.102900489387038	-0.009480337063582	-0.0311049522637049	2.63063773933982	TRUE
set6IT014	D-Alanine	3/4/2014 Marino_ML2_set6	249	3813239	3407	2745557	2744477	498	334	751.911506849315	0.152664009713579	0.231652452461026	1.10741294242098	0.984232684141683	0.147813119729186	0.00913994946041135	-0.0437117208563928	2.84100525211018	TRUE
set6IT015	casaminos	3/4/2014 Marino_ML2_set6	250	3782128	11208	2714400	2713547	509.5	334	743.437534246575	0.143271495850536	0.202153553001483	1.05082425907768	0.984232684141683	0.164196420470786	0.00472812349697993	-0.0340903266356442	1.86621356399226	TRUE
set6IT016	pyruvate	3/4/2014 Marino_ML2_set6	251	4065966	1225	2933748	2932753	529.5	334	803.49397260274	0.190630844539462	0.219830867459933	1.07728600091583	0.984232684141683	0.147150592512251	-0.0338879075011325	-0.0425000123058526	4.13255785432739	TRUE
set6IT017	succinate	3/4/2014 Marino_ML2_set6	252	3970912	1639	2864366	2863521	526.5	334	784.526301369863	0.130647667927133	0.310552072691867	1.1926450779424	0.984232684141683	0.0767859479187158	-0.0226766087962581	-0.0087363559049134	2.46302938257517	TRUE
set6IT018	Ethanol	3/4/2014 Marino_ML2_set6	253	3930819	1181	2826558	2825624	510	334	774.143561643836	0.269861235965164	0.234146730906246	1.08194161353618	0.984232684141683	0.26666163061458	0.00290425375808439	-0.035095311535235	4.3936516149354	TRUE
set6IT019	Glycerol	3/4/2014 Marino_ML2_set6	254	3990152	8254	2857372	2856248	511.5	334	782.533698630137	0.223507599034943	0.193879881337973	1.04182017569463	0.984232684141683	0.172804057954548	0.00427863253213908	-0.0516065257320987	2.49054706181173	TRUE
set6IT020	Tween 20	3/4/2014 Marino_ML2_set6	255	3583700	1208	2572016	2571237	471.5	334	704.448493150685	0.145780120247915	0.17700157791331	1.03417711531809	0.984232684141683	0.145856094811529	-0.0109378644803949	-0.0450493375838379	1.66881265175116	TRUE
set6IT021	L-Malic	3/4/2014 Marino_ML2_set6	256	4013419	1309	2889369	2888500	531	334	791.369863013699	0.143646088535939	0.236858416292376	1.08636028480318	0.984232684141683	0.0920267008894086	-0.0299787114255171	-0.0374784243084674	1.7938776648244	TRUE
set6IT022	D-Trehalose	3/4/2014 Marino_ML2_set6	257	4016927	2257	2895451	2894566	522.5	334	793.031780821918	0.146623098226481	0.344826843298273	1.21150410519371	0.984232684141683	0.136056378801305	0.00299607383912315	-0.0136883973845064	2.32073284993709	TRUE
set6IT023	L-Glutamic	3/4/2014 Marino_ML2_set6	258	3285790	1458	2368047	2367325	425.5	334	648.582191780822	0.092404315353788	0.412981314353453	1.30812229536233	0.984232684141683	0.0727055988911446	-0.000931927230114945	0.00130517344236452	3.06844368971692	FALSE
set6IT024	L-Glutamine	3/4/2014 Marino_ML2_set6	259	3529961	1335	2543004	2542305	430	334	696.521917808219	0.101449217357191	0.600106585824376	1.50623528945015	0.984232684141683	0.0971882234188592	-0.0128469838056502	0.00376903563119967	3.31007942397427	FALSE
set6IT025	L-Proline	3/4/2014 Marino_ML2_set6	260	3829360	3913	2754276	2753390	506	334	754.353424657534	0.0988982725688142	0.286869851827914	1.18298629354394	0.984232684141683	0.067981216506766	-0.0193864752399103	-0.0155801710285548	2.24207698371291	FALSE
set6IT026	L-Phenylalanine	3/4/2014 Marino_ML2_set6	261	4020868	1435	2900204	2899371	527	334	794.348219178082	0.144196829794577	0.370757274103019	1.2485763531401	0.984232684141683	0.10965876041793	0.00307998553747695	-0.0233303053855363	2.50920775939645	TRUE
set6IT027	D-Alanine	3/4/2014 Marino_ML2_set6	262	4085242	5728	2991125	2989931	505	334	819.159178082192	0.128533685139954	0.210317523046761	1.07275634243531	0.984232684141683	0.0991754043226316	-0.011041171522737	0.00412136470745987	7.65467165493712	TRUE
set6IT028	casaminos	3/4/2014 Marino_ML2_set6	263	3877049	9993	2782758	2781919	512.5	334	762.169589041096	0.1304784470683	0.199235011563705	1.05683122259668	0.984232684141683	0.147489491850927	-0.00879691948239912	-0.0463477002821319	1.96753845247556	TRUE
set6IT030	m.b.  Paraquat dichloride 0.002 mg/ml	3/4/2014 Marino_ML2_set6	265	3692062	2602	2660965	2659924	496	334	728.746301369863	0.215270291229956	0.192750996915891	1.04981912140864	0.984232684141683	0.173717240387254	0.0190555850182563	-0.0330570064144931	3.67493386327073	TRUE
set6IT031	m.b.  Thallium(I) acetate 0.016 mg/ml	3/4/2014 Marino_ML2_set6	266	3939947	2368	2834446	2833535	528	334	776.31095890411	0.189566159290521	0.208208593646725	1.06140054466414	0.984232684141683	0.191562446096398	0.00154504640235838	-0.0401140378392258	2.69105935679998	TRUE
set6IT032	m.b.  Cisplatin 0.025 mg/ml	3/4/2014 Marino_ML2_set6	267	3598893	3007	2586173	2582929	411.5	334	707.651780821918	0.353890037757247	0.226826253372267	1.05062607306997	0.984232684141683	0.378182214577169	0.0940888991551138	-0.0369910571774944	7.84049788641372	TRUE
set6IT033	m.b.  nitrite 10 mM	3/4/2014 Marino_ML2_set6	268	3323937	1995	2388335	2387606	441	334	654.138630136986	0.12270918753819	0.178895348976125	1.011055188509	0.984232684141683	0.181386403475762	0.0317678990623631	-0.0506754328981099	1.75996172358138	TRUE
set6IT034	m.b.  Chlorite 0.08 mM	3/4/2014 Marino_ML2_set6	269	4010020	1744	2888930	2887958	549	334	791.221369863014	0.093731211819269	0.202436154585878	1.0439433475876	0.984232684141683	0.0976239793952906	-0.0106150755833216	-0.0510639398507106	2.66518334709616	FALSE
set6IT035	m.b.  perchlorate 50 mM	3/4/2014 Marino_ML2_set6	270	3975593	1787	2873472	2872465	530	334	786.976712328767	0.198226821721733	0.210712177210825	1.06871275008401	0.984232684141683	0.157009630891263	0.0306286369462691	-0.0340212247150678	3.72568606189571	TRUE
set6IT036	m.b.  Chloride 1000 mM	3/4/2014 Marino_ML2_set6	271	3793565	1933	2725948	2725074	499.5	334	746.595616438356	0.0913729143238706	0.189350342487007	1.0421870713964	0.984232684141683	0.0956934825313975	-0.00828576012320844	-0.0476148025059297	1.86152703229773	FALSE
set6IT037	m.b.  Benzethonium chloride 0.025 mM	3/4/2014 Marino_ML2_set6	272	2355883	1221	1689179	1688465	331	334	462.593150684932	0.234814728959271	0.291154259478142	0.98564470702293	0.984232684141683	0.200561230192476	0.0536289252764029	-0.0306046576682993	2.21051259550925	TRUE
set6IT038	m.b.  benzoic 0.29 mg/ml	3/4/2014 Marino_ML2_set6	273	2071084	1618	1489163	1488665	280	334	407.853424657534	0.0957488424390005	0.221722195944351	1.01724848092218	0.984232684141683	0.143609146498291	0.00612711119839405	-0.0467120319654108	1.7003313390404	FALSE
set6IT040	m.b.  Paraquat dichloride 0.002 mg/ml	3/4/2014 Marino_ML2_set6	275	2460684	1192	1771112	1770411	334	334	485.044109589041	0.167498584444699	0.212593269977548	1.00458726949565	0.984232684141683	0.121984890442573	0.0447561563413637	-0.0508387975854456	3.07503113760866	TRUE
set6IT041	m.b.  Thallium(I) acetate 0.016 mg/ml	3/4/2014 Marino_ML2_set6	276	2899487	1283	2087007	2086363	388.5	334	571.606301369863	0.16400156600466	0.234442121397512	1.07534910471463	0.984232684141683	0.175378191569545	-0.0144247701601703	-0.052698775925503	3.17274351674324	TRUE
set6IT042	m.b.  Cisplatin 0.025 mg/ml	3/4/2014 Marino_ML2_set6	277	3105383	2488	2229858	2226748	330.5	334	610.067945205479	0.321375066635685	0.269583989979422	1.03355255971103	0.984232684141683	0.384271302886343	0.071538821333802	-0.0546911630036396	9.20420432211351	TRUE
set6IT043	m.b.  nitrite 10 mM	3/4/2014 Marino_ML2_set6	278	3231395	1616	2318528	2317769	426.5	334	635.005205479452	0.142551251140093	0.188725863132808	1.03649165609744	0.984232684141683	0.254727814678611	0.0400266606382641	-0.0531916301908481	1.98077967966806	TRUE
set6IT044	m.b.  Chlorite 0.08 mM	3/4/2014 Marino_ML2_set6	279	3405322	1333	2450108	2449241	465.5	334	671.024931506849	0.125561319917256	0.20329160060159	1.05444778402238	0.984232684141683	0.142275265058705	-0.0155294889633631	-0.0614230013862336	2.06233330628789	TRUE
set6IT045	m.b.  perchlorate 50 mM	3/4/2014 Marino_ML2_set6	280	3314541	1101	2393841	2392975	442	334	655.609589041096	0.18410436715308	0.228914735373484	1.0833283835989	0.984232684141683	0.191087631398362	0.0174548840425433	-0.0301848577545787	3.64478469545659	TRUE
set6IT046	m.b.  Chloride 1000 mM	3/4/2014 Marino_ML2_set6	281	3145553	1464	2257826	2257022	415.5	334	618.362191780822	0.0702880083964024	0.200354709561781	1.02476790514894	0.984232684141683	0.10072347303254	0.0262084757195991	-0.0371011830944802	2.20015144383483	FALSE
set6IT047	m.b.  Benzethonium chloride 0.025 mM	3/4/2014 Marino_ML2_set6	282	2787200	1760	1998869	1997981	388	334	547.392054794521	0.252062301765608	0.301051545348171	0.994263630450855	0.984232684141683	0.20468520805615	0.0477384218334764	-0.0212665740067008	2.68580598862325	TRUE
set6IT048	m.b.  benzoic 0.29 mg/ml	3/4/2014 Marino_ML2_set6	283	2237198	1822	1608177	1607615	304	334	440.442465753425	0.130483440590798	0.212749106561797	1.05444778402238	0.984232684141683	0.163496487439188	8.66320069610763e-05	-0.0437691973053548	2.4174600812467	TRUE
set7IT049	Time0	5/20/2014 Marino_ML2_set7	284	2769264	1384	1986348	1985653	370	1286.5	544.014520547945	-0.0144828626567694	0.144769345159357	0.976541027176012	0.969626350956482	-0.0554808894712253	0.0108715757625979	-0.0381313434928666	1.16321226968127	FALSE
set7IT050	Time0	5/20/2014 Marino_ML2_set7	285	3268192	1676	2346436	2345614	438	1215	642.63397260274	-0.0263570687602187	0.140494290623237	0.964080425745057	0.982512573271159	0.0530155670920053	0.0547971540400943	0.015335224227588	1.08280285277539	FALSE
set7IT051	Time0	5/20/2014 Marino_ML2_set7	286	3286797	1868	2358633	2357770	444.5	1205	645.964383561644	-0.0166225383784022	0.142658109382108	0.985500430304885	0.970968101718993	-0.00792643900943255	-0.0326748271589382	0.0251692470440543	1.35119149914501	FALSE
set7IT052	Time0	5/20/2014 Marino_ML2_set7	287	2974311	1432	2136013	2135227	402	1249	584.993698630137	-0.0249695445889689	0.145386115019163	0.993325994076692	0.971241007018577	0.00574207367495104	0.00378713528524203	0.0269416819672832	0.928452573948399	FALSE
set7IT053	m.b.  Zinc 0.5 mM	5/20/2014 Marino_ML2_set7	288	3115509	357	2243318	2242191	397	1652	614.298904109589	0.291944473788178	0.330309503998735	1.02358682031762	0.974352753732516	0.254452850395067	0.0517467348767596	-0.00363948496008461	5.80113105476611	TRUE
set7IT054	m.b.  Sisomicin 0.004 mg/ml	5/20/2014 Marino_ML2_set7	289	3524389	780	2529943	2528983	493	1652	692.872054794521	0.147354322720568	0.144796460434235	0.982536094258514	0.974352753732516	0.145312904337816	0.0635940338446477	-0.0159138108333389	0.845006386198384	TRUE
set7IT055	m.b.  Sisomicin 0.008 mg/ml	5/20/2014 Marino_ML2_set7	290	3215800	778	2307505	2306308	456	1652	631.865205479452	0.268923708657655	0.20322436266103	0.958179824305373	0.974352753732516	0.237293265143069	0.0176456784566803	0.0483204412189175	3.73195388691277	TRUE
set7IT056	m.b.  Polymyxin B sulfate 0.0004 mg/ml	5/20/2014 Marino_ML2_set7	291	3352027	758	2406468	2405662	441	1652	659.085479452055	0.262514917114905	0.208269057429314	1.01537522588692	0.974352753732516	0.206933538143258	0.0155644143411295	-0.0334847212396918	3.87557913208866	TRUE
set7IT057	m.b.  Benzalkonium Chloride 0.004 mg/ml	5/20/2014 Marino_ML2_set7	292	2985040	450	2136064	2135271	411	1652	585.005753424658	0.32669739966424	0.181180293725906	0.96874906601556	0.974352753732516	0.230833309297429	0.0533628998038382	-0.0396966261535763	1.52824099193193	TRUE
set7IT058	m.b.  Aluminum chloride 1 mM	5/20/2014 Marino_ML2_set7	293	3162916	1018	2268795	2267130	431	1652	621.131506849315	0.318151712277399	0.187328566258555	0.965047401165576	0.974352753732516	0.220571682112589	0.0654955241439272	-0.0162009078397432	2.27870538192214	TRUE
set7IT059	m.b.  Phosphomycin 1 mg/ml	5/20/2014 Marino_ML2_set7	294	3211047	1000	2302083	2301253	436	1652	630.480273972603	0.104010631168579	0.148311351498828	0.974909019037169	0.974352753732516	0.132194020187999	0.0565085037268206	-0.0179773762310905	1.11370823740565	TRUE
set7IT060	m.b.  Phosphomycin 2 mg/ml	5/20/2014 Marino_ML2_set7	295	3003042	924	2151686	2150918	407	1652	589.292602739726	0.0743649489594702	0.147049100966315	0.974004791467056	0.974352753732516	0.108330991907404	-0.0147750440789569	-0.0175443641127529	0.792510035869163	FALSE
set7IT061	m.b.  Bacitracin 0.5 mg/ml	5/20/2014 Marino_ML2_set7	296	2348405	744	1688921	1688129	312	1652	462.501095890411	0.142770241331364	0.16305007074355	0.976541027176012	0.974352753732516	0.156883658705037	-0.00516406809583748	0.0176593791680533	4.16195539450539	TRUE
set7IT062	m.b.  Bacitracin 1 mg/ml	5/20/2014 Marino_ML2_set7	297	3077183	1030	2207123	2205989	410	1652	604.380547945206	0.118736007265026	0.159277845703667	0.990641945301767	0.974352753732516	0.15584653769064	0.11612579834604	-0.0097684587919322	1.44846282065159	TRUE
set7IT063	m.b.  Fusidic 0.03 mg/ml	5/20/2014 Marino_ML2_set7	298	3315085	827	2378030	2377120	457	1652	651.265753424658	0.130493590911735	0.137545007057177	0.986127825418442	0.974352753732516	0.0881737748496428	0.018794792882515	0.00579600165775466	1.0532232204808	TRUE
set7IT064	marine broth	5/20/2014 Marino_ML2_set7	299	2997570	716	2151910	2151190	411	1652	589.367123287671	0.0804634272517822	0.156453689498945	0.994217647405994	0.974352753732516	0.139802986949392	0.00703202584054217	-0.0191674981103005	0.770726791268241	FALSE
set7IT065	m.b.  Dimethyl Sulfoxide 7.5 vol%	5/20/2014 Marino_ML2_set7	300	2837856	587	2037309	2036546	394.5	1652	557.957808219178	0.152659621672691	0.148921719758082	0.984652035666564	0.974352753732516	0.0792059791804926	-0.00643498497550704	-0.0339710210016089	1.40274749571741	TRUE
set7IT066	m.b.  Dimethyl Sulfoxide 9 vol%	5/20/2014 Marino_ML2_set7	301	3267887	628	2347975	2347107	451	1652	643.04301369863	0.122394324017565	0.152759310491269	1.01035018816957	0.974352753732516	0.155795370439749	-0.00374782658183126	-0.0311327019171066	0.870205773334124	TRUE
set7IT067	m.b.  Vancomycin 1 mg/ml	5/20/2014 Marino_ML2_set7	302	3098511	795	2219886	2218971	428	1652	607.937260273973	0.183872230108718	0.153366724616979	0.955605880641547	0.974352753732516	0.250960661934727	-0.00102580703963783	-0.00747840519616489	2.32805100329759	TRUE
set7IT068	m.b.  Cephalothin 0.01 mg/ml	5/20/2014 Marino_ML2_set7	303	2719941	732	1947097	1946300	365	1652	533.232876712329	0.104435648906783	0.150212534207372	0.969880011623665	0.974352753732516	0.123220408799446	0.00939345065139815	-0.00406260045522068	2.29918070801802	TRUE
set7IT069	m.b.  A22 0.04 mg/ml	5/20/2014 Marino_ML2_set7	304	2891198	820	2076982	2076263	411	1652	568.839178082192	0.135614174013657	0.141954966393607	0.964843554586382	0.974352753732516	0.10749415976942	-0.00987932054599845	0.0100461515691692	1.23294273915674	TRUE
set7IT070	m.b.  A22 0.08 mg/ml	5/20/2014 Marino_ML2_set7	305	2823153	731	2028416	2027685	399	1652	555.530136986301	0.115785683770906	0.152630023604611	1	0.974352753732516	0.16061890525916	0.0627158998431142	-0.00784926678914856	1.34943487887477	TRUE
set7IT071	m.b.  Ceftazidime 0.032 mg/ml	5/20/2014 Marino_ML2_set7	306	2865687	741	2053580	2052860	388	1652	562.427397260274	0.141336447793978	0.14702259152676	0.978304928900682	0.974352753732516	0.0814930581293201	-0.0122753569777177	-0.0218101592227006	1.29776329205808	TRUE
set7IT072	marine broth	5/20/2014 Marino_ML2_set7	307	2658678	617	1910512	1909841	371.5	1652	523.244109589041	0.111742228905186	0.151032110437887	0.987399963220366	0.974352753732516	0.0989084061135818	0.0192566308715818	-0.0312672922293509	0.852334949221169	TRUE
set7IT073	m.b.  Tetracycline 0.0125 mg/ml	5/20/2014 Marino_ML2_set7	308	2337820	565	1678279	1677675	319	1652	459.63698630137	0.0831144455384049	0.161760535834675	0.990349829966281	0.974352753732516	0.122890144598882	0.0568830440699203	-0.0226615946140056	0.896771334026007	FALSE
set7IT074	m.b.  Tetracycline 0.025 mg/ml	5/20/2014 Marino_ML2_set7	309	2511504	582	1798797	1798166	334	1652	492.648219178082	0.104438494722686	0.146939625462327	0.972692654004264	0.974352753732516	0.0664126716941363	-0.0100880741400457	-2.34969304836609e-05	1.62423630912326	TRUE
set7IT075	m.b.  Zinc 0.5 mM	5/20/2014 Marino_ML2_set7	310	2959135	458	2120509	2118563	402	1652	580.428219178082	0.284258442075197	0.266952846705178	0.991103599511604	0.974352753732516	0.23485923295365	0.0523457869801214	0.00127703925666276	3.43395131541931	TRUE
set7IT076	m.b.  Sisomicin 0.004 mg/ml	5/20/2014 Marino_ML2_set7	311	3379890	769	2429017	2428066	470.5	1652	665.223561643836	0.138005174842523	0.14526057375291	0.979584163445905	0.974352753732516	0.0475813987714586	0.0162450824618282	-0.0125670247760117	1.0497044002621	TRUE
set7IT077	m.b.  Sisomicin 0.008 mg/ml	5/20/2014 Marino_ML2_set7	312	3060252	737	2197990	2197028	437	1652	601.925479452055	0.256619084673615	0.180616441410765	0.9649530529008	0.974352753732516	0.198324714341778	0.0777835954482512	0.0491414451021698	2.02705291600509	TRUE
set7IT078	m.b.  Polymyxin B sulfate 0.0004 mg/ml	5/20/2014 Marino_ML2_set7	313	3262598	733	2346067	2345303	435.5	1652	642.548767123288	0.259759119633715	0.193780850826616	1.02257369173603	0.974352753732516	0.216228489268786	-0.00134609020995959	-0.0131583907185256	4.06000290317508	TRUE
set7IT079	m.b.  Benzalkonium Chloride 0.004 mg/ml	5/20/2014 Marino_ML2_set7	314	3529924	662	2525875	2524449	478.5	1652	691.629863013699	0.345192142131873	0.196409066929581	0.963474123974886	0.974352753732516	0.246944929779983	0.00928300941157327	-0.0382038280058317	1.7228689365386	TRUE
set7IT080	m.b.  Aluminum chloride 1 mM	5/20/2014 Marino_ML2_set7	315	3207475	965	2297656	2296455	429	1652	629.165753424658	0.327004536883653	0.170793147603336	0.976916386886958	0.974352753732516	0.281460481905537	0.0345798217879749	-0.00982533869859992	2.95733498514394	TRUE
set7IT081	m.b.  Phosphomycin 1 mg/ml	5/20/2014 Marino_ML2_set7	316	3027688	834	2170167	2169375	409.5	1652	594.349315068493	0.118653042678018	0.148576187656953	0.989492342181606	0.974352753732516	0.10450158515686	0.00641529151803665	-0.0129210199485937	1.13339296892669	TRUE
set7IT082	m.b.  Phosphomycin 2 mg/ml	5/20/2014 Marino_ML2_set7	317	3133855	889	2247114	2246278	427	1652	615.418630136986	0.0834781081555945	0.14923800447587	0.974909019037169	0.974352753732516	0.0923829139314383	0.0686773810840696	0.00648367737009413	0.817977998846774	FALSE
set7IT083	m.b.  Bacitracin 0.5 mg/ml	5/20/2014 Marino_ML2_set7	318	3155681	967	2265197	2264087	420	1652	620.297808219178	0.143188059228598	0.13994548221262	0.987436538536088	0.974352753732516	0.139878117274768	0.0106292446455958	-0.0178307669745809	3.30715777390884	TRUE
set7IT084	m.b.  Bacitracin 1 mg/ml	5/20/2014 Marino_ML2_set7	319	3091178	949	2217456	2216269	409	1652	607.19698630137	0.100656696353966	0.162777365716159	0.982756427698103	0.974352753732516	0.139387100550181	0.0171186507657066	-0.0105922958930142	0.998309249639996	TRUE
set7IT085	m.b.  Fusidic 0.03 mg/ml	5/20/2014 Marino_ML2_set7	320	2699331	640	1935484	1934760	368.5	1652	530.071232876712	0.0769697271858951	0.152944260435274	0.987060944292502	0.974352753732516	0.0676661765898817	-0.0055874904206805	-0.0251201126322047	1.16555390118147	FALSE
set7IT086	marine broth	5/20/2014 Marino_ML2_set7	321	3084422	672	2216051	2215220	424	1652	606.909589041096	0.127252999428733	0.149066429426603	0.996671982282246	0.974352753732516	0.127004737305595	-0.0355334825283617	-0.027373445545712	0.886337361447557	TRUE
set7IT087	m.b.  Dimethyl Sulfoxide 7.5 vol%	5/20/2014 Marino_ML2_set7	322	3429697	769	2465610	2464727	471	1652	675.267671232877	0.154749379962234	0.150998260582141	0.991756005905092	0.974352753732516	0.117990677960044	0.00534109798145555	-0.0217400068522603	1.1511939809654	TRUE
set7IT088	m.b.  Dimethyl Sulfoxide 9 vol%	5/20/2014 Marino_ML2_set7	323	2787738	569	2005067	2004379	383.5	1652	549.144931506849	0.131664880696521	0.158791738908292	1	0.974352753732516	0.117465756909899	0.010887983302618	-0.0281325841285568	1.29817546426619	TRUE
set7IT089	m.b.  Vancomycin 1 mg/ml	5/20/2014 Marino_ML2_set7	324	2860085	760	2047623	2046863	394.5	1652	560.784383561644	0.180583617183147	0.152295702880524	0.965784284662087	0.974352753732516	0.166324674907123	-0.0152666950270136	0.0129782018452318	1.92725496937678	TRUE
set7IT090	m.b.  Cephalothin 0.01 mg/ml	5/20/2014 Marino_ML2_set7	325	2984411	788	2140810	2139999	405	1652	586.301095890411	0.157257527614802	0.13815262394625	0.991386869695291	0.974352753732516	0.171056680494718	0.0659264759329132	-0.00528669598612546	1.99991860142387	TRUE
set7IT091	m.b.  A22 0.04 mg/ml	5/20/2014 Marino_ML2_set7	326	3319621	888	2384591	2383741	478.5	1652	653.079726027397	0.0902267271682173	0.138668676376807	0.977457431348911	0.974352753732516	0.0997788176261084	0.0339675147147219	-0.0188818982009422	0.900664467458908	FALSE
set7IT092	m.b.  A22 0.08 mg/ml	5/20/2014 Marino_ML2_set7	327	3117618	777	2239151	2238318	443	1652	613.237808219178	0.108384739175635	0.151651247009965	0.996352222984856	0.974352753732516	0.0636333245312845	0.0298900710460534	0.00231931977727861	0.929860082726345	TRUE
set7IT093	m.b.  Ceftazidime 0.032 mg/ml	5/20/2014 Marino_ML2_set7	328	3157604	890	2260494	2259665	423	1652	619.086301369863	0.153283154171307	0.14207419287871	0.97352778863881	0.974352753732516	0.0795132669173126	-0.0757967924239297	-0.000309680338853836	0.811421828036861	TRUE
set7IT094	marine broth	5/20/2014 Marino_ML2_set7	329	3218954	729	2315011	2314133	451	1652	634.00904109589	0.105642710252076	0.143620248709202	0.975546956275461	0.974352753732516	0.103012037505293	-0.0215714480240862	-0.0229435837823428	0.917457246647353	TRUE
set7IT095	m.b.  Tetracycline 0.0125 mg/ml	5/20/2014 Marino_ML2_set7	330	3185211	731	2285863	2284984	439.5	1652	626.02301369863	0.0987351028628479	0.147021115914203	0.981176125708345	0.974352753732516	0.0324557376147975	-0.000168231750926965	-0.0154835143584756	0.800232066822065	FALSE
set7IT096	m.b.  Tetracycline 0.025 mg/ml	5/20/2014 Marino_ML2_set7	331	3065893	701	2197303	2196411	423	1652	601.756438356164	0.109154032606435	0.153244775469057	0.971848959685851	0.974352753732516	0.115069241607334	0.0720091581847191	-0.00373094309136389	0.948705423417254	TRUE
set8IT003	m.b.  Carbenicillin 0.004 mg/ml	5/20/2014 Marino_ML2_set8	334	3314377	1156	2377816	2376782	444.5	424	651.173150684932	0.0599562852743408	0.165135560652723	0.977038851556689	0.96994276614382	0.0736209414955039	0.0259699994608033	0.0287989148763803	1.69586888297695	FALSE
set8IT004	m.b.  Nalidixic 0.032 mg/ml	5/20/2014 Marino_ML2_set8	335	3139809	719	2258746	2257925	435	424	618.609589041096	0.133078542101177	0.165275048979309	1.01526675665331	0.96994276614382	0.165805564921691	-0.00020628480945509	-0.00667057947842469	1.111169989634	TRUE
set8IT005	m.b.  methylglyoxal 0.008 vol%	5/20/2014 Marino_ML2_set8	336	3420823	794	2460581	2459596	475	424	673.861917808219	0.129932909706929	0.167928927635183	0.987994146739846	0.96994276614382	0.146351214984501	-0.016622321587827	-0.0301455424104772	1.62881984531516	TRUE
set8IT006	m.b.  5-Hydroxymethylfurfural 2.5 mM	5/20/2014 Marino_ML2_set8	337	3352858	796	2414564	2413601	469	424	661.260547945206	0.100752727726056	0.172068347330557	1	0.96994276614382	0.0717047153229805	0.0614036004689362	-0.0150569235799498	1.59244436993842	TRUE
set8IT007	m.b.  5-Hydroxymethylfurfural 5 mM	5/20/2014 Marino_ML2_set8	338	3398133	729	2442632	2441755	469.5	424	668.97397260274	0.10098800207574	0.168385840318696	0.986824611252266	0.96994276614382	0.0751063962974173	0.0158678106237429	-0.0168778004083328	1.08159803244755	TRUE
set8IT008	m.b.  Vanillin 1.25 mM	5/20/2014 Marino_ML2_set8	339	3497022	748	2511776	2510844	477	424	687.902465753425	0.097452518545504	0.166738994081687	1	0.96994276614382	0.123051901242472	0.0573588634390697	-0.020395266586105	1.24919093421859	FALSE
set8IT009	m.b.  Vanillin 2.5 mM	5/20/2014 Marino_ML2_set8	340	4047303	970	2904381	2903362	550	424	795.441643835616	0.0855018485400677	0.166676437903458	1	0.96994276614382	0.11234431816897	0.0248325865149597	-0.0240379791072794	1.37726206256647	FALSE
set8IT010	m.b.  Furfuryl Alcohol 0.125 vol%	5/20/2014 Marino_ML2_set8	341	3673642	849	2637681	2636758	510	424	722.399452054795	0.127953369480045	0.17351517563319	1	0.96994276614382	0.138251282840267	0.00393267877887009	-0.0341682037940209	1.54698128182594	TRUE
set8IT011	m.b.  syringaldehyde 1.25 mM	5/20/2014 Marino_ML2_set8	342	3527865	766	2532642	2531709	488	424	693.618904109589	0.0930725200449214	0.156581420303447	0.983880334636723	0.96994276614382	0.0549402725151178	0.000755905525666764	-0.0309106202875615	1.34096757979939	FALSE
set8IT012	m.b.  syringaldehyde 2.5 mM	5/20/2014 Marino_ML2_set8	343	4380804	1006	3147451	3146308	603	424	862.002191780822	0.0609979669319541	0.167367202565417	0.988613239698195	0.96994276614382	0.106777241032662	0.0140914355522352	-0.0307232647575811	1.21505488418748	FALSE
set8IT013	m.b.  Choline chloride 358.1 mM	5/20/2014 Marino_ML2_set8	344	4202257	783	2999227	2997744	535	424	821.299726027397	0.269592526156884	0.321364629572707	1	0.96994276614382	0.22379612166149	0.0663768142719753	-0.0209905002969871	3.39116871604429	TRUE
set8IT014	m.b.  Cholin acetate 153.15 mM	5/20/2014 Marino_ML2_set8	345	3919398	1001	2813553	2812409	531	424	770.52301369863	0.159733880417978	0.162353852295666	0.994482995032435	0.96994276614382	0.163154929177112	0.00530103851590343	-0.0471233540670794	1.11251786414607	TRUE
set8IT015	marine broth	5/20/2014 Marino_ML2_set8	346	4283511	1001	3077943	3076736	591	424	842.941369863014	0.0630725342792341	0.172080602312523	1.01026833545383	0.96994276614382	0.0830664669494029	0.0234155331792059	-0.0181410321632468	1.0040818812589	FALSE
set8IT016	m.b.  Carbenicillin 0.004 mg/ml	5/20/2014 Marino_ML2_set8	347	4435170	1629	3181282	3179864	598	424	871.195616438356	0.0570252419474687	0.168619357578324	0.981140972748684	0.96994276614382	0.0556077126577398	-0.0088258897831414	0.0145501922216587	1.3915903647161	FALSE
set8IT017	m.b.  Nalidixic 0.032 mg/ml	5/20/2014 Marino_ML2_set8	348	4300561	996	3095559	3094395	599	424	847.779452054795	0.100556421900717	0.170003516115838	1	0.96994276614382	0.135669831184495	-0.00370434413066788	-0.0230950306793835	1.22138492465888	TRUE
set8IT018	m.b.  methylglyoxal 0.008 vol%	5/20/2014 Marino_ML2_set8	349	3924183	906	2823226	2822205	548	424	773.206849315068	0.0879644087128772	0.167631428964305	1	0.96994276614382	0.119351387532918	-0.00595381201742163	-0.037206233987125	1.23853201956133	FALSE
set8IT019	m.b.  5-Hydroxymethylfurfural 2.5 mM	5/20/2014 Marino_ML2_set8	350	4275704	1011	3073324	3072253	600	424	841.713150684932	0.0686223237752052	0.165879297074215	1	0.96994276614382	0.0352367243092339	0.0174157971975945	-0.0223728146526342	1.29634835153564	FALSE
set8IT020	m.b.  5-Hydroxymethylfurfural 5 mM	5/20/2014 Marino_ML2_set8	351	4054705	1006	2913351	2912195	551.5	424	797.861643835616	0.087429839098783	0.169742336447496	0.981721266281692	0.96994276614382	0.0455549819228315	-0.0142576254307826	-0.0238118598114559	1.36722704225033	FALSE
set8IT021	m.b.  Vanillin 1.25 mM	5/20/2014 Marino_ML2_set8	352	4207225	963	3023929	3022729	587	424	828.144931506849	0.107115825031702	0.165232555334183	1	0.96994276614382	0.09526825060694	0.0531743698749317	-0.0424387190349709	1.19085789496514	TRUE
set8IT022	m.b.  Vanillin 2.5 mM	5/20/2014 Marino_ML2_set8	353	4061995	916	2916822	2915805	550	424	798.850684931507	0.0706517045060925	0.172901871020112	1.00946032924907	0.96994276614382	0.070496902148643	0.00753914592233649	-0.0409271664791828	1.28238648626999	FALSE
set8IT023	m.b.  Furfuryl Alcohol 0.125 vol%	5/20/2014 Marino_ML2_set8	354	3769779	829	2704545	2703555	512.5	424	740.7	0.136940308524751	0.170653672650077	1.00242673739454	0.96994276614382	0.129985979393386	0.0203018826864003	-0.0388629876167961	1.46676354499983	TRUE
set8IT024	m.b.  syringaldehyde 1.25 mM	5/20/2014 Marino_ML2_set8	355	3987266	931	2861743	2860708	548.5	424	783.755616438356	0.104200990505117	0.166249325561942	1	0.96994276614382	0.0783623245992215	0.0507089641990361	-0.0328491638502179	1.06604252248605	TRUE
set8IT025	m.b.  syringaldehyde 2.5 mM	5/20/2014 Marino_ML2_set8	356	4318352	1042	3102783	3101617	600	424	849.758082191781	0.0935606779497528	0.163013793698092	0.983511877211431	0.96994276614382	0.14189179520021	0.00584133485878545	-0.0322211387276606	1.2680489547657	FALSE
set8IT026	m.b.  Choline chloride 358.1 mM	5/20/2014 Marino_ML2_set8	357	4548296	1024	3241314	3239651	572	424	887.575616438356	0.284985988674071	0.306244859379964	1.00501807476662	0.96994276614382	0.227577274792368	0.0320550270614683	-0.0195367437749055	3.52608325281808	TRUE
set8IT027	m.b.  Cholin acetate 153.15 mM	5/20/2014 Marino_ML2_set8	358	4166857	1086	2990797	2989513	567.5	424	819.044657534247	0.141881161972485	0.167996851787223	0.996873899013281	0.96994276614382	0.150668584179043	0.0575239828113356	-0.0299818524500755	1.16935447237305	TRUE
set8IT028	marine broth	5/20/2014 Marino_ML2_set8	359	4559432	1093	3275645	3274504	626	424	897.124383561644	0.0801793663652213	0.163769964826788	1.00283715930353	0.96994276614382	0.0260461453625201	0.0364201452736768	-0.0197534709829468	0.915165556752322	FALSE
set8IT029	L-Arginine (N)	5/20/2014 Marino_ML2_set8	360	4170193	1081	2996948	2995773	575	424	820.759726027397	0.149406960329818	0.168326053831664	1	0.96994276614382	0.121908094256859	-0.0152622806769701	-0.0346008277656895	1.84502007084252	TRUE
set8IT030	L-Glutamic (N)	5/20/2014 Marino_ML2_set8	361	4055618	1043	2916067	2915093	552	424	798.655616438356	0.0957074729210255	0.195363508834235	1.02455710424398	0.96994276614382	0.14320276213945	-0.000611804961252232	-0.0138149031634565	1.68734876721724	FALSE
set8IT031	L-Asparagine (N)	5/20/2014 Marino_ML2_set8	362	3795322	1031	2727170	2726145	524	424	746.88904109589	0.0987894365951223	0.167795383136488	1.00486575517182	0.96994276614382	0.127607988599412	0.003383497837431	-0.015620353370558	1.10448902165446	FALSE
set8IT032	L-Glutamine (N)	5/20/2014 Marino_ML2_set8	363	3859939	904	2775988	2774994	526.5	424	760.272328767123	0.145590116769196	0.178621914115454	1.00534332107431	0.96994276614382	0.15340984597278	0.0404264306284769	-0.0216049634821131	2.89567770086202	TRUE
set8IT033	Glycine (N)	5/20/2014 Marino_ML2_set8	364	3750871	984	2697970	2697033	509	424	738.913150684931	0.0765851699582695	0.209777640325451	1.01543004056961	0.96994276614382	0.119834732142576	0.00015484638400981	-0.0174732117576252	2.70862951918295	FALSE
set8IT034	L-Proline (N)	5/20/2014 Marino_ML2_set8	365	3903421	889	2805847	2804811	534	424	768.441369863014	0.126358816126769	0.167872077804899	0.987288948250447	0.96994276614382	0.152040192685648	-0.0129561311269858	-0.0268443425805541	2.47622528834784	TRUE
set8IT035	L-Phenylalanine (N)	5/20/2014 Marino_ML2_set8	366	3944613	981	2832820	2831859	549.5	424	775.851780821918	0.17146993100346	0.179791961467424	1.00303087304938	0.96994276614382	0.188083543575608	0.0238623464953046	-0.039335060276612	1.18532799072	TRUE
set8IT036	D-Alanine (N)	5/20/2014 Marino_ML2_set8	367	3708991	1098	2667847	2666862	512	424	730.647123287671	0.149300588671515	0.193366653886642	1.00295331738935	0.96994276614382	0.157775571692238	-0.0312090062365142	-0.0426054407242363	2.25402085818203	TRUE
set8IT037	casaminos (N)	5/20/2014 Marino_ML2_set8	368	3471031	822	2492192	2491328	469	424	682.555616438356	0.094285521075852	0.191039482148185	1.00176692617419	0.96994276614382	0.141183428483758	0.0455603146943327	-0.0327282136369295	1.10139901065734	FALSE
set8IT038	D-Glucosamine Hydrochloride (N)	5/20/2014 Marino_ML2_set8	369	4020189	1200	2899719	2898726	529	424	794.171506849315	0.147089190329999	0.28498077009503	1.12177917145692	0.96994276614382	0.142026315226873	0.00477134300810616	-0.0347420473878404	4.34782632359508	TRUE
set8IT039	Ammonium chloride (N)	5/20/2014 Marino_ML2_set8	370	4082431	904	2937996	2936906	556	424	804.631780821918	0.118026834442603	0.162893661485421	0.981287739737829	0.96994276614382	0.130965599406335	0.0769239681113235	-0.0225180712606801	4.12505885882433	TRUE
set8IT040	L-Arginine (N)	5/20/2014 Marino_ML2_set8	371	4362743	1056	3135811	3134558	607.5	424	858.78301369863	0.127346239410234	0.167199869063342	0.986872566014389	0.96994276614382	0.159012795682246	0.035355620826771	-0.0359016755358636	1.93846465794702	TRUE
set8IT041	L-Glutamic (N)	5/20/2014 Marino_ML2_set8	372	3944968	1042	2837816	2836751	537	424	777.192054794521	0.0772397536681013	0.199779614232701	1.02338292743795	0.96994276614382	0.134989310081371	-0.00316191238431895	-0.018219400224585	1.89032781473247	FALSE
set8IT042	L-Asparagine (N)	5/20/2014 Marino_ML2_set8	373	4286634	1011	3079581	3078406	600	424	843.398904109589	0.0856350335616311	0.16986321086734	1.00521770927102	0.96994276614382	0.127667106604512	-6.51993306845835e-05	-0.0116462173244324	1.02835236605886	FALSE
set8IT043	L-Glutamine (N)	5/20/2014 Marino_ML2_set8	374	4238718	1108	3047278	3046175	575.5	424	834.568493150685	0.130898078270446	0.18363861041758	1.00371350279907	0.96994276614382	0.181663901670461	0.0265891410049275	-0.0260478036780464	3.06240401431941	TRUE
set8IT044	Glycine (N)	5/20/2014 Marino_ML2_set8	375	4099764	1051	2946638	2945490	560	424	806.983561643836	0.11583268421553	0.195504738902315	1.0163018123291	0.96994276614382	0.08372523329209	0.0265730994586257	-0.0188075497895714	2.72942965091852	TRUE
set8IT045	L-Proline (N)	5/20/2014 Marino_ML2_set8	376	3959004	893	2843364	2842300	538.5	424	778.712328767123	0.155377661069438	0.168737675778169	0.990038889949798	0.96994276614382	0.166486802423697	0.0385825723137283	-0.0188714109795558	2.87746263642307	TRUE
set8IT046	L-Phenylalanine (N)	5/20/2014 Marino_ML2_set8	377	3957581	1013	2845033	2843955	550.5	424	779.165753424658	0.139906541479933	0.187569720437209	1.01365644448158	0.96994276614382	0.148432752957474	-0.015182649959845	-0.0222947896219372	1.41434085904349	TRUE
set8IT047	D-Alanine (N)	5/20/2014 Marino_ML2_set8	378	3619111	991	2601920	2600981	497	424	712.597534246575	0.148257618075953	0.177172749304504	1	0.96994276614382	0.145477982231707	0.0117090167754921	-0.0445085157986483	2.15337017132872	TRUE
set8IT048	casaminos (N)	5/20/2014 Marino_ML2_set8	379	4000817	994	2873520	2872581	542	424	787.008493150685	0.0928012313141022	0.183946300577748	1.01329682261346	0.96994276614382	0.154538013256095	0.0641834256280467	-0.0144197766381614	1.00246654359608	FALSE
