name	short	t0set	num	nMapped	nPastEnd	nGenic	nUsed	gMed	gMedt0	gMean	cor12	mad12	mad12c	mad12c_t0	opcor	adjcor	gccor	maxFit	u
set1IT049	Nickel (II) chloride 0.6 mM	3/3/2015 acidovorax_3H11_ML3a_set1	1	2927410	4951	1770228	1749378	228	1412	444.56874205845	0.275538389539476	0.220588472826359	1.15247750814182	1.12459467491747	0.164695060123666	0.0456442360759855	0.0507449536223933	3.54277492531902	TRUE
set1IT050	Cobalt chloride 0.16 mM	3/3/2015 acidovorax_3H11_ML3a_set1	2	2887408	4930	1738403	1718466	219	1412	436.713087674714	0.303908241544803	0.218788030843168	1.15002868014436	1.12459467491747	0.152143424582546	0.0153143949861397	0.0329623687146866	3.77875018285448	TRUE
set1IT051	Cobalt chloride 0.32 mM	3/3/2015 acidovorax_3H11_ML3a_set1	3	2877937	4828	1732284	1711472	232	1412	434.935705209657	0.293913401486	0.220124712694109	1.14367393158861	1.12459467491747	0.181391599789822	-0.0208182779210634	0.0231594742085745	2.88107684218495	TRUE
set1IT052	copper (II) chloride 1 mM	3/3/2015 acidovorax_3H11_ML3a_set1	4	2608025	4075	1572121	1552763	215	1412	394.603049555273	0.258604129535012	0.207588625478145	1.15567330653276	1.12459467491747	0.149346008489549	0.0585080705191304	0.0420734021904522	2.77431967406489	TRUE
set1IT053	sodium fluoride 25 mM	3/3/2015 acidovorax_3H11_ML3a_set1	5	2558112	4224	1532137	1512441	222	1412	384.356035578145	0.217318788627133	0.212290878573805	1.14765540442878	1.12459467491747	0.166567008909448	0.0154692459646544	0.0319362878507623	1.90139355122328	TRUE
set1IT054	Zinc 1 mM	3/3/2015 acidovorax_3H11_ML3a_set1	6	1945686	3790	1161877	1144679	161	1412	290.896823379924	0.0204243531688044	0.470743702250007	1.22766894810952	1.12459467491747	0.01503080338324	-0.0257052907749235	-0.0402500689339843	2.47881345753448	FALSE
set1IT055	LB	3/3/2015 acidovorax_3H11_ML3a_set1	7	2972364	5409	1802680	1781946	228	1412	452.845235069886	0.321907577755501	0.217938993064597	1.14451810666499	1.12459467491747	0.197228438049511	0.0358799183463618	0.0220567336720891	4.0586299753301	TRUE
set1IT056	nitrite 10 mM	3/3/2015 acidovorax_3H11_ML3a_set1	8	3076387	5163	1848488	1824414	267	1412	463.637611181703	0.191905832449204	0.200656748669094	1.17889250840967	1.12459467491747	0.131389050912288	0.0125575805975434	0.0627297080078515	2.00625949249581	TRUE
set1IT057	Sisomicin 0.0005 mg/ml	3/3/2015 acidovorax_3H11_ML3a_set1	9	2549494	4222	1539926	1521170	208	1412	386.574332909784	0.308343554512814	0.201697106450841	1.16181937618675	1.12459467491747	0.217238287143083	-0.0175079284385622	0.0459308544938281	3.29498904278254	TRUE
set1IT058	Chlorate 20 mM	3/3/2015 acidovorax_3H11_ML3a_set1	10	2847138	4771	1721606	1700815	234	1412	432.227445997459	0.27937215495871	0.207815258132275	1.14177091660972	1.12459467491747	0.174681441618211	0.0747761353732704	0.0434143273570602	3.55101772472314	TRUE
set1IT059	Polymyxin B sulfate 0.0001 mg/ml	3/3/2015 acidovorax_3H11_ML3a_set1	11	2051159	3238	1242552	1228541	160	1412	312.208640406607	0.241705788621642	0.263518824760662	1.19229819285735	1.12459467491747	0.125524829362466	0.0183538635865751	0.00543045286479238	3.3951754480449	TRUE
set1IT060	LB	3/3/2015 acidovorax_3H11_ML3a_set1	12	2231885	3563	1351450	1335525	172	1412	339.396442185515	0.251395229127306	0.24447315341386	1.15527822547791	1.12459467491747	0.137176573255439	0.0425462698828944	0.0297952290505869	3.7094654735224	TRUE
set1IT061	D-Glucose (C)	3/3/2015 acidovorax_3H11_ML3a_set1	13	3049676	4173	1821250	1798165	262	1412	456.966963151207	0.31827043645137	0.206320752222283	1.18927196680431	1.12459467491747	0.22394841150538	0.130607505969048	0.0304382232043298	3.11810993053524	TRUE
set1IT062	D-Fructose (C)	3/3/2015 acidovorax_3H11_ML3a_set1	14	3609243	3361	2159990	2131692	307	1412	541.726048284625	0.221885450154358	0.204349839664817	1.16634802577662	1.12459467491747	0.200595775343484	0.154552305159767	0.0342915324717968	2.25285609685413	TRUE
set1IT063	Sucrose (C)	3/3/2015 acidovorax_3H11_ML3a_set1	15	2990469	2883	1782524	1758678	253	1412	446.932147395172	0.312687421842649	0.211907318942921	1.1545731277217	1.12459467491747	0.197082667834709	0.0972016234155773	0.0370041362534879	1.93784643584454	TRUE
set1IT064	L-Arabinose (C)	3/3/2015 acidovorax_3H11_ML3a_set1	16	2688114	2725	1604195	1583588	237	1412	402.436594663278	0.264091043315172	0.206514312819558	1.16841165437215	1.12459467491747	0.2211343296117	0.172554908607136	0.0379506665566305	1.46065117801586	TRUE
set1IT065	D-Galactose (C)	3/3/2015 acidovorax_3H11_ML3a_set1	17	1860291	1755	1109931	1095813	162	1412	278.478526048285	0.239206676965086	0.216243444307682	1.16191903070953	1.12459467491747	0.19360177283774	0.113318299826152	0.0279374945592418	1.6736066706745	TRUE
set1IT066	D-Ribose (C)	3/3/2015 acidovorax_3H11_ML3a_set1	18	2850270	2464	1695402	1674039	244	1412	425.422871664549	0.291375063161962	0.206991431713426	1.16992500144231	1.12459467491747	0.215222053028523	0.0927029159538307	0.0196595211954862	4.16659741146058	TRUE
set1IT067	a-Ketoglutaric (C)	3/3/2015 acidovorax_3H11_ML3a_set1	19	2642369	963	1963463	1953601	93	1412	496.467852604828	0.227088053992457	0.307942054567809	1.21732416107091	1.12459467491747	0.186642055295749	0.11127013118488	-0.00828146546086062	11.1826274338762	TRUE
set1IT068	D-Gluconic Acid (C)	3/3/2015 acidovorax_3H11_ML3a_set1	20	2287332	2093	1475148	1460134	148	1412	371.063278271919	0.322624124864644	0.271655886532462	1.21094949671528	1.12459467491747	0.203716916431283	0.102825628293623	0.0273886066633268	8.28607580257546	TRUE
set1IT069	Citric Acid (C)	3/3/2015 acidovorax_3H11_ML3a_set1	21	272291	498	163612	161295	21	1412	40.989834815756	0.0185512592394229	1.46475671061268	1.84108987431786	1.12459467491747	-0.057836436245559	0.0271228190331503	-0.00475599425468985	6.28894501281567	FALSE
set1IT070	D-Lactate (C)	3/3/2015 acidovorax_3H11_ML3a_set1	22	2205836	2834	1307188	1291007	184	1412	328.083100381194	0.297097970413137	0.232462383110967	1.19962318936608	1.12459467491747	0.196651370851542	0.17032092659693	-0.0223013133534274	2.25834981477587	TRUE
set1IT071	L-Lactate (C)	3/3/2015 acidovorax_3H11_ML3a_set1	23	2565864	3039	1529015	1509496	220	1412	383.607623888183	0.248757259747497	0.219060259470627	1.17493961758723	1.12459467491747	0.223497803715846	0.117400368683751	0.00263171789543096	1.44561965140408	TRUE
set1IT072	D,L-Lactate (C)	3/3/2015 acidovorax_3H11_ML3a_set1	24	2703192	3458	1602158	1582303	232	1412	402.110038119441	0.296586681392558	0.206647593802505	1.17129375097647	1.12459467491747	0.244908690324704	0.145737652214391	-0.0140310840947394	1.85790780697969	TRUE
set1IT073	pyruvate (C)	3/3/2015 acidovorax_3H11_ML3a_set1	25	2328409	2787	1399063	1381411	197	1412	351.057433290978	0.323941850245508	0.215556940935068	1.14600385098641	1.12459467491747	0.287448986957348	0.132082230935876	0.0140049075874117	4.6850962465492	TRUE
set1IT074	succinate (C)	3/3/2015 acidovorax_3H11_ML3a_set1	26	2152881	2952	1290639	1274249	182	1412	323.824396442186	0.288863682366599	0.223083430324446	1.14194386059188	1.12459467491747	0.208147293206321	0.097957357938084	0.00805466244649181	4.3715729120509	TRUE
set1IT075	D-Mannitol (C)	3/3/2015 acidovorax_3H11_ML3a_set1	27	2341768	2314	1400302	1383242	202	1412	351.522744599746	0.249901043962525	0.209047999907252	1.16627091097314	1.12459467491747	0.272310912909668	0.133084680995733	0.0413717566163183	3.50834833252925	TRUE
set1IT076	D-Glucose (C)	3/3/2015 acidovorax_3H11_ML3a_set1	28	3003492	2779	1791283	1768859	258	1412	449.519440914867	0.349040741593177	0.195715570063083	1.15445070729556	1.12459467491747	0.258905074943142	0.132768673894787	0.0338502405811951	2.44193913587992	TRUE
set1IT077	D-Fructose (C)	3/3/2015 acidovorax_3H11_ML3a_set1	29	2605910	2612	1558648	1538583	229	1412	390.999491740788	0.216355589912093	0.201948193753899	1.15381227842893	1.12459467491747	0.176203390261705	0.134197238168199	0.0452012456518961	1.3757910513468	TRUE
set1IT078	Sucrose (C)	3/3/2015 acidovorax_3H11_ML3a_set1	30	2738235	2526	1633030	1612624	237	1412	409.815501905972	0.283242020924143	0.224381689349026	1.14667275068492	1.12459467491747	0.227032882974806	0.12060176817177	0.0334164646331333	1.98808500499418	TRUE
set1IT079	L-Arabinose (C)	3/3/2015 acidovorax_3H11_ML3a_set1	31	3179506	3305	1895700	1871821	278	1412	475.685133418043	0.322204805462069	0.1841717606745	1.13617811714939	1.12459467491747	0.227752285783426	0.207863276473069	0.0307869884648647	1.38699342714559	TRUE
set1IT080	D-Galactose (C)	3/3/2015 acidovorax_3H11_ML3a_set1	32	2818818	2818	1685574	1664193	246	1412	422.920711562897	0.266183841938932	0.210856941625106	1.18701462135327	1.12459467491747	0.220032762119936	0.142223947328445	0.034146390058873	2.82810357819127	TRUE
set1IT081	D-Ribose (C)	3/3/2015 acidovorax_3H11_ML3a_set1	33	2270420	2092	1353688	1336454	201	1412	339.632528589581	0.297458574233268	0.201745205311894	1.15211011036097	1.12459467491747	0.205190241870033	0.0012810496656769	0.0211605953338118	3.82535515095622	TRUE
set1IT082	a-Ketoglutaric (C)	3/3/2015 acidovorax_3H11_ML3a_set1	34	2485787	998	1858044	1849177	78	1412	469.930622617535	0.193107157323957	0.306365550805709	1.2259728619274	1.12459467491747	0.14886026421753	0.0777784846124764	-0.00307862963261645	11.2915485983985	TRUE
set1IT083	D-Gluconic Acid (C)	3/3/2015 acidovorax_3H11_ML3a_set1	35	2461272	2063	1551140	1534611	179	1412	389.990088945362	0.34042959911017	0.244106846028617	1.17184198358964	1.12459467491747	0.281468951076956	0.09740467887889	0.029374603700223	7.85028310914317	TRUE
set1IT084	D-Lactate (C)	3/3/2015 acidovorax_3H11_ML3a_set1	36	2568744	3481	1522487	1502815	221	1412	381.909783989835	0.322917509649208	0.213747537570709	1.1488454146128	1.12459467491747	0.287281149166981	0.168565556446931	-0.0264546680288132	1.34626289734417	TRUE
set1IT085	L-Lactate (C)	3/3/2015 acidovorax_3H11_ML3a_set1	37	2018987	2881	1197862	1182566	173	1412	300.525031766201	0.271160993114762	0.221818055118718	1.14535414891258	1.12459467491747	0.228675495841052	0.189891630451502	-0.0314557054143827	1.65081191455261	TRUE
set1IT086	D,L-Lactate (C)	3/3/2015 acidovorax_3H11_ML3a_set1	38	2597523	3970	1543851	1524115	223	1412	387.322744599746	0.283887281644401	0.204239673362915	1.16876426836001	1.12459467491747	0.256541287805695	0.138878248149167	-0.00237017943319018	1.5916694593385	TRUE
set1IT087	pyruvate (C)	3/3/2015 acidovorax_3H11_ML3a_set1	39	3187691	3966	1907820	1884182	274	1412	478.826429479034	0.354973978125588	0.211169474144092	1.13861414370827	1.12459467491747	0.306491358122392	0.166696649033178	-0.0044634608870314	4.56196848834631	TRUE
set1IT088	succinate (C)	3/3/2015 acidovorax_3H11_ML3a_set1	40	2065711	2702	1236039	1220290	176	1412	310.111817026684	0.244639668301511	0.236072565939963	1.14793996768548	1.12459467491747	0.190426315676826	0.0559447827282595	0.00280621184216938	3.96867115968484	TRUE
set1IT089	propionate (C)	3/3/2015 acidovorax_3H11_ML3a_set1	41	2132624	2251	1269836	1252708	185	1412	318.350190597205	0.249146262883273	0.219676139768456	1.14086590113114	1.12459467491747	0.190580106508263	0.0791251760925272	0.0286121942741725	7.97843000276664	TRUE
set1IT090	D-Mannitol (C)	3/3/2015 acidovorax_3H11_ML3a_set1	42	2409189	2678	1437089	1418391	211	1412	360.455146124523	0.282349172671658	0.211002612619994	1.13750352374994	1.12459467491747	0.207244100149737	0.0487654254650593	0.0341213281011046	1.27007004843476	TRUE
set1IT091	Time0	3/3/2015 acidovorax_3H11_ML3a_set1	43	2752120	4931	1656024	1634797	241	1167	415.450317662008	-0.00391326875318203	0.201636574144879	1.14044847329738	1.12592029361842	-0.000230512599887182	0.0335698759390541	-0.0375681837459513	1.49587551823243	FALSE
set1IT092	Time0	3/3/2015 acidovorax_3H11_ML3a_set1	44	2553708	4766	1535105	1515186	224	1196	385.053621346887	0.031882395468008	0.181571103396996	1.14204801068081	1.12366379589531	-0.0239650881744465	-0.0782763585068624	0.0056459039868358	2.05639443627007	FALSE
set1IT093	Time0	3/3/2015 acidovorax_3H11_ML3a_set1	45	2751425	5165	1654531	1633213	242	1163	415.047776365947	0.0261400897599087	0.16830856794858	1.13559071357634	1.12273095841279	-0.0659959665941217	-0.000736102195416752	0.00840142209075518	2.10957500941169	FALSE
set1IT094	Time0	3/3/2015 acidovorax_3H11_ML3a_set1	46	2675104	4911	1606590	1585864	236	1182	403.01499364676	0.0215287674623208	0.193661787445117	1.13430109171159	1.11083368761775	0.0503013642928187	0.045131364843574	0.0301254824853038	2.22227286773688	FALSE
set1IT095	Time0	3/3/2015 acidovorax_3H11_ML3a_set1	47	2681663	5319	1608843	1587846	236	1177	403.518678526048	0.0101230587827415	0.17222363188874	1.13750352374994	1.12036548985807	0.0337512563426597	0.00452681230683871	-0.0395731523406745	1.45451383001527	FALSE
set1IT096	Time0	3/3/2015 acidovorax_3H11_ML3a_set1	48	2561758	4662	1538580	1519061	225	1189	386.038373570521	-0.000819514392108205	0.178562904179934	1.12124191963796	1.12553088208386	0.0608300634076169	0.0802251428197491	0.00207081927411767	1.13978460233073	FALSE
set2IT001	D-Glucose (C)	5/11/2015 acidovorax_3H11_ML3a_set2	49	2469356	2294	1467073	1448250	204	646	368.043202033037	0.479788368189452	0.209757217957222	1.150401156078	1.12875260804208	0.427498045337304	0.290088582481366	-0.0371842646856547	2.92933655537219	FALSE
set2IT002	D-Fructose (C)	5/11/2015 acidovorax_3H11_ML3a_set2	50	2950150	2799	1761515	1738596	258	646	441.828716645489	0.272826273465311	0.184802125538648	1.12025024777176	1.12875260804208	0.272654367033136	0.108711337341293	0.0122259773383932	1.27442387002344	TRUE
set2IT003	Sucrose (C)	5/11/2015 acidovorax_3H11_ML3a_set2	51	3136564	3203	1887197	1862802	131	646	473.393138500635	0.0855887054983585	1.46373920949219	2.70685611694276	1.12875260804208	-0.00439534520226456	0.0183825213291216	-0.0218389995155685	7.32276222258007	FALSE
set2IT004	L-Arabinose (C)	5/11/2015 acidovorax_3H11_ML3a_set2	52	2677065	2456	1593400	1573277	233	646	399.81626429479	0.299631222462988	0.198789717369653	1.16227142889888	1.12875260804208	0.244722512521933	0.0750447042149928	0.00850729293883202	1.45412672446491	TRUE
set2IT005	D-Galactose (C)	5/11/2015 acidovorax_3H11_ML3a_set2	53	2880229	2593	1716888	1695070	250	646	430.767471410419	0.337599102149953	0.184823894371251	1.12755529994588	1.12875260804208	0.258762673107606	0.170655528382209	0.0142630739797923	1.48172482177654	TRUE
set2IT006	D-Lactate (C)	5/11/2015 acidovorax_3H11_ML3a_set2	54	3244855	3785	1936475	1911906	281	646	485.871918678526	0.23034066540055	0.193686699731867	1.14999487754265	1.12875260804208	0.218915472458422	0.166862701470447	0.012834462676484	1.46004707329009	TRUE
set2IT007	L-Lactate (C)	5/11/2015 acidovorax_3H11_ML3a_set2	55	2751163	3000	1639021	1618025	241	646	411.188055908513	0.285883682543939	0.189458298203153	1.16992500144231	1.12875260804208	0.227060466894252	0.10752275693763	0.0115466032268216	1.14627522671122	TRUE
set2IT008	D,L-Lactate (C)	5/11/2015 acidovorax_3H11_ML3a_set2	56	3197896	3306	1910157	1885582	281	646	479.182210927573	0.266157537315551	0.187025750283697	1.13778982957645	1.12875260804208	0.219382697699656	0.144206104834259	0.0247015426815676	1.40125564524812	TRUE
set2IT009	pyruvate (C)	5/11/2015 acidovorax_3H11_ML3a_set2	57	2427362	2488	1449374	1431343	211	646	363.746632782719	0.29694871563071	0.185869121525639	1.15134100297136	1.12875260804208	0.26532305680192	0.184645020956583	0.0177438489374182	1.56810225127216	TRUE
set2IT010	succinate (C)	5/11/2015 acidovorax_3H11_ML3a_set2	58	2203185	2885	1312074	1295083	188	646	329.118932655654	0.269208004022671	0.254307533293802	1.16811251232191	1.12875260804208	0.212947038438801	0.0965586437091216	-0.0297770676294964	3.71531096631607	TRUE
set2IT011	D-Mannitol (C)	5/11/2015 acidovorax_3H11_ML3a_set2	59	2474128	2391	1469657	1450794	213	646	368.689707750953	0.222475228058121	0.307472067186473	1.1963972128035	1.12875260804208	0.1840163922366	0.137320667808934	0.00479252948584697	1.83668561344947	TRUE
set2IT012	Glycerol (C)	5/11/2015 acidovorax_3H11_ML3a_set2	60	3029589	2848	1803089	1780343	261	646	452.437865311309	0.293043238305063	0.186135252565598	1.11967734019503	1.12875260804208	0.271491750738448	0.212834753827164	-0.0127078652076936	1.25055225088728	TRUE
set2IT013	D-Sorbitol (C)	5/11/2015 acidovorax_3H11_ML3a_set2	61	3958739	3642	2365523	2335630	347	646	593.552731893266	0.285987551796724	0.187203871659795	1.16096404744368	1.12875260804208	0.276053949975864	0.149054510775315	0.0369288525884765	1.32114208172284	TRUE
set2IT014	Tween 20 (C)	5/11/2015 acidovorax_3H11_ML3a_set2	62	3233702	2920	1927703	1904554	282	646	484.003557814485	0.318903399078414	0.191440867283242	1.14857406730862	1.12875260804208	0.257374210711338	0.100432290094253	0.0357916533565118	1.39721838761096	TRUE
set2IT015	L-Malic (C)	5/11/2015 acidovorax_3H11_ML3a_set2	63	3404482	4109	2035931	2010176	288	646	510.845235069886	0.288742203214199	0.1987337820887	1.14306482751939	1.12875260804208	0.23318927133825	0.111509582624325	0.0248992545876753	3.22716053082324	TRUE
set2IT016	L-Asparagine (C)	5/11/2015 acidovorax_3H11_ML3a_set2	64	3493684	5570	2092440	2066072	304	646	525.050063532402	0.239009505831815	0.193757183010165	1.14889682265495	1.12875260804208	0.201356580785676	0.12521654022426	0.0317062872968584	1.86264563511046	TRUE
set2IT017	L-Glutamine (C)	5/11/2015 acidovorax_3H11_ML3a_set2	65	3115741	4359	1861744	1838333	272	646	467.174841168996	0.274396982280209	0.185001824953258	1.14519791553994	1.12875260804208	0.271762691048752	0.192129562430102	0.0335601057093195	2.93859136866533	TRUE
set2IT020	casaminos (C)	5/11/2015 acidovorax_3H11_ML3a_set2	68	2957217	2592	1768076	1745773	265	646	443.652604828463	0.236837880316443	0.177521480651874	1.13882183779513	1.12875260804208	0.143626956502393	0.137397752627743	0.0670224819321279	1.60543802552619	TRUE
set2IT021	D-Mannose (C)	5/11/2015 acidovorax_3H11_ML3a_set2	69	2598251	2420	1549802	1530228	226	646	388.87623888183	0.318480841073614	0.190000526943664	1.15051129387811	1.12875260804208	0.292004905946535	0.143749797359671	0.0461250126054565	1.52810405084959	TRUE
set2IT022	Nickel (II) chloride 0.6 mM	5/11/2015 acidovorax_3H11_ML3a_set2	70	3006151	4331	1817673	1797363	250	646	456.763151207116	0.268136257484331	0.250493327111587	1.16084917404262	1.12875260804208	0.202102501619711	0.121361480910667	0.0566655180124765	2.14865207820542	TRUE
set2IT023	Cobalt chloride 0.32 mM	5/11/2015 acidovorax_3H11_ML3a_set2	71	2542092	4154	1530540	1512356	212	646	384.334434561626	0.228287412312383	0.224545107484157	1.14570833113868	1.12875260804208	0.139568297040911	0.0593446891986492	0.0425969849426685	2.07937802238775	TRUE
set2IT024	copper (II) chloride 1 mM	5/11/2015 acidovorax_3H11_ML3a_set2	72	2735127	4038	1648230	1630088	226	646	414.253621346887	0.276635621500371	0.294086221092842	1.15406674123516	1.12875260804208	0.218947569069853	-0.00702018951155961	0.0311105868508578	3.31782872320606	TRUE
set2IT025	copper (II) chloride 2 mM	5/11/2015 acidovorax_3H11_ML3a_set2	73	3400491	5403	2062324	2037719	273	646	517.844726810673	0.181800564225311	0.361168861579504	1.28854160364579	1.12875260804208	0.110632345566318	0.0545214892398892	0.0115306429271337	3.93938780216355	TRUE
set2IT026	Paraquat dichloride 0.01 mg/ml	5/11/2015 acidovorax_3H11_ML3a_set2	74	3464913	4666	2109503	2085787	274	646	530.060228716645	0.203928972366094	0.388742785299935	1.23072266473376	1.12875260804208	0.197282462690782	0.0214615920096769	0.0332870272167072	3.13366109246205	TRUE
set2IT027	Paraquat dichloride 0.025 mg/ml	5/11/2015 acidovorax_3H11_ML3a_set2	75	3599802	5096	2186982	2163118	285	646	549.712325285896	0.14670022562462	0.507098041958452	1.31901536140846	1.12875260804208	0.0928786030995268	0.0783950605258195	0.00736325329744982	2.97155055043399	FALSE
set2IT028	Cisplatin 0.0025 mg/ml	5/11/2015 acidovorax_3H11_ML3a_set2	76	3146460	4446	1903357	1882640	250	646	478.434561626429	0.205890744521952	0.399597290759551	1.23562221936075	1.12875260804208	0.132066656772958	0.0182768527530121	0.0119823495627112	2.69337533061428	TRUE
set2IT029	Cisplatin 0.005 mg/ml	5/11/2015 acidovorax_3H11_ML3a_set2	77	3403930	4292	2067975	2043743	281	646	519.375603557814	0.189861574622717	0.453016749756498	1.2481692924036	1.12875260804208	0.11348626294563	0.0442141384778822	0.0117744372342756	2.87136108925657	TRUE
set2IT030	Cisplatin 0.01 mg/ml	5/11/2015 acidovorax_3H11_ML3a_set2	78	2805073	3515	1705255	1684247	222	646	428.017026683609	0.128928008067507	0.631491596711031	1.41232050469925	1.12875260804208	0.0884276734903508	8.04400232920528e-05	0.0163893659420673	3.01309757950268	FALSE
set2IT031	Zinc 1 mM	5/11/2015 acidovorax_3H11_ML3a_set2	79	2945825	4338	1771370	1751860	242	646	445.199491740788	0.280175708766727	0.282565712473962	1.17515368148887	1.12875260804208	0.223678238242189	0.106607879598873	0.0562787918084423	2.29498250397705	TRUE
set2IT032	LB	5/11/2015 acidovorax_3H11_ML3a_set2	80	2726198	4116	1651772	1633841	224	646	415.207369758577	0.209546855312544	0.364810701278803	1.18935931392736	1.12875260804208	0.198799096055096	0.000786720659838555	0.0160849897678502	2.79206131912041	TRUE
set2IT033	nitrite 10 mM	5/11/2015 acidovorax_3H11_ML3a_set2	81	2015087	2790	1214393	1199658	168	646	304.868614993647	0.179188903713447	0.297221514198308	1.16841925741835	1.12875260804208	0.134231233154904	0.039841217361228	0.0408209414805451	2.64049272359565	TRUE
set2IT034	Sisomicin 0.001 mg/ml	5/11/2015 acidovorax_3H11_ML3a_set2	82	2855324	4164	1728798	1709907	234	646	434.537992376112	0.231284908423962	0.306219163377014	1.18702006370333	1.12875260804208	0.143760999518771	0.0852855729976303	0.00676457484113341	3.08664162122905	TRUE
set2IT035	Chlorite 0.1 mM	5/11/2015 acidovorax_3H11_ML3a_set2	83	3013295	4300	1831026	1810815	244	646	460.181702668361	0.221458517065359	0.341822889127366	1.20778547085542	1.12875260804208	0.190988346785707	0.0714463217099374	0.0601396382198816	3.48073926845601	TRUE
set2IT036	perchlorate 10 mM	5/11/2015 acidovorax_3H11_ML3a_set2	84	2682584	4107	1615591	1596037	220	646	405.600254129606	0.258876965324789	0.291258941114671	1.19618737592251	1.12875260804208	0.173267707785138	0.00270143279069266	-0.00764972491755896	2.2418071214676	TRUE
set2IT037	perchlorate 25 mM	5/11/2015 acidovorax_3H11_ML3a_set2	85	2913531	4309	1758484	1737366	247	646	441.516137229987	0.249297487673902	0.250237195529978	1.13911739371529	1.12875260804208	0.200717827671857	0.0498292706118985	-0.00727501282818324	2.02552925804511	TRUE
set2IT038	Polymyxin B sulfate 0.0001 mg/ml	5/11/2015 acidovorax_3H11_ML3a_set2	86	3188721	3440	1938218	1917196	253	646	487.21626429479	0.102064984190987	0.723319356995028	1.61326945178023	1.12875260804208	0.106604081279606	-0.0295977005336238	-0.00769563240729414	5.71315464132754	FALSE
set2IT039	LB	5/11/2015 acidovorax_3H11_ML3a_set2	87	3298315	4691	1998476	1976409	275	646	502.264040660737	0.243013506414299	0.296346307825498	1.19432902541008	1.12875260804208	0.10917180240388	0.0874878712295769	0.023779748823496	2.74900746069305	TRUE
set2IT040	Benzalkonium Chloride 0.001 mg/ml	5/11/2015 acidovorax_3H11_ML3a_set2	88	3202466	4652	1959032	1935185	219	646	491.787801778907	0.130352641030314	1.02967262791346	1.9263574962605	1.12875260804208	0.0943637410639629	-0.000924008212207124	-0.00808386792682601	5.33393230244422	FALSE
set2IT041	Aluminum chloride 2 mM	5/11/2015 acidovorax_3H11_ML3a_set2	89	2947660	4246	1773936	1753250	254	646	445.552731893266	0.270182977688428	0.218144550583252	1.15370373819784	1.12875260804208	0.185568860195982	0.0735075238377227	0.0430248989383098	2.09203815700325	TRUE
set2IT042	Aluminum chloride 4 mM	5/11/2015 acidovorax_3H11_ML3a_set2	90	2762836	4222	1662379	1641878	236	646	417.249809402795	0.210069010947174	0.217135881046899	1.15836993591787	1.12875260804208	0.199958380281676	0.0163379253110223	0.0102110814254285	2.21414871337045	TRUE
set2IT043	Phosphomycin 0.02 mg/ml	5/11/2015 acidovorax_3H11_ML3a_set2	91	2749206	3884	1658979	1639324	233	646	416.600762388818	0.246786931910058	0.255522230557073	1.16700460697147	1.12875260804208	0.190720500367463	0.0705687145527507	0.0497526997466753	2.24309933792687	TRUE
set2IT044	Phosphomycin 0.06 mg/ml	5/11/2015 acidovorax_3H11_ML3a_set2	92	2807151	4331	1694427	1674782	229	646	425.611689961881	0.270488750763188	0.270877782819652	1.1749305538309	1.12875260804208	0.178091958207345	0.0898198117226204	0.040882758406776	2.59802112019081	TRUE
set2IT045	Bacitracin 0.008 mg/ml	5/11/2015 acidovorax_3H11_ML3a_set2	93	2248338	3398	1360145	1344758	189	646	341.742820838628	0.209604838470239	0.288566355362598	1.18442457113743	1.12875260804208	0.137515685795468	0.0583086805561492	0.0549144299335902	2.53766966115231	TRUE
set2IT046	Time0	5/11/2015 acidovorax_3H11_ML3a_set2	94	2500683	4669	1503859	1485473	222	429	377.502668360864	0.0358671949335536	0.194480639049811	1.14119986535036	1.12101540096137	0.0378464179181773	0.0525435411860288	0.0329981748488398	1.37301330505642	FALSE
set2IT047	Time0	5/11/2015 acidovorax_3H11_ML3a_set2	95	2309027	3936	1389650	1373116	204	443	348.949428208386	0.0068847483714334	0.207393851077415	1.14082095815661	1.13112527271413	0.0132645486020221	-0.0160598921839734	0.0447488494653506	1.99375183438092	FALSE
set2IT048	Time0	5/11/2015 acidovorax_3H11_ML3a_set2	96	2560313	4563	1538882	1519759	224	427	386.215756035578	0.0663350207821566	0.189649173881671	1.13750352374994	1.12418097228986	0.0666409013590286	0.0566646515748205	-0.0719026388011625	1.51856792904168	FALSE
set3IT049	Bacitracin 0.016 mg/ml	5/11/2015 acidovorax_3H11_ML3a_set3	97	3705319	5479	2231534	2205171	311	890	560.399237611182	0.264192290984174	0.248469991843268	1.16409754102508	1.13771233762328	0.133669982775074	0.090870647497885	0.00100397433586436	2.67642618903992	TRUE
set3IT050	Bacitracin 0.032 mg/ml	5/11/2015 acidovorax_3H11_ML3a_set3	98	3502139	5044	2117154	2091837	290	890	531.597712833545	0.250293070819481	0.271832982271658	1.15645614236101	1.13771233762328	0.164254430256508	0.00149771564538942	0.00446409937048969	2.69896681834602	TRUE
set3IT051	Fusidic 0.001 mg/ml	5/11/2015 acidovorax_3H11_ML3a_set3	99	3537003	5303	2130509	2105680	303	890	535.115628970775	0.293148606950032	0.24154091976787	1.15124187147175	1.13771233762328	0.174904666182915	0.0481830060486501	0.0105599523414355	2.03476704209141	TRUE
set3IT052	LB	5/11/2015 acidovorax_3H11_ML3a_set3	100	3113179	4518	1878918	1857123	261	890	471.949936467598	0.243169243674648	0.24264079422269	1.15571709923891	1.13771233762328	0.145660005882324	0.0264370705572683	0.0416638026178626	2.16025355721208	TRUE
set3IT053	A22 0.025 mg/ml	5/11/2015 acidovorax_3H11_ML3a_set3	101	2954738	4241	1785413	1765085	246	890	448.560355781449	0.246854094407134	0.239884714865353	1.18346688861408	1.13771233762328	0.215306544985001	0.0181493895305626	0.0415210433159552	3.28917141356579	TRUE
set3IT054	Time0	5/11/2015 acidovorax_3H11_ML3a_set3	102	3378377	6090	2027605	2002153	296	601	508.806353240152	-0.0159259267196201	0.164244835772246	1.12954393011643	1.14845718230138	0.0136216820666469	-6.51273969714243e-05	0.0199513798276403	1.34088009566622	FALSE
set3IT055	Time0	5/11/2015 acidovorax_3H11_ML3a_set3	103	3416056	6248	2054192	2028966	302	594	515.620330368488	0.00434964705790945	0.170619266191263	1.15754127698648	1.11671591658964	0.0410480187868483	-0.0245369471843737	-0.00113721295338094	1.28872354895702	FALSE
set3IT056	Time0	5/11/2015 acidovorax_3H11_ML3a_set3	104	3404913	6014	2045121	2019671	299	594	513.258195679797	-0.0244824766834023	0.168211285038305	1.12880355696025	1.14128906757604	0.0251989988880556	-0.0173386352580266	-0.00789192113062742	1.52587538374603	FALSE
set3IT057	LB 23C	5/11/2015 acidovorax_3H11_ML3a_set3	105	3037305	5064	1811859	1788833	268	890	454.59542566709	0.23674795657822	0.171330991664474	1.13750352374994	1.13771233762328	0.19793277435451	0.149841380819036	0.0181399024152326	1.21118427638981	TRUE
set3IT058	LB 23C	5/11/2015 acidovorax_3H11_ML3a_set3	106	3277847	5165	1957346	1932071	289	890	490.996442185515	0.268313903623847	0.165867687081067	1.12227941398785	1.13771233762328	0.240176577366628	0.139336663446071	0.0248329666850247	1.76992015097893	TRUE
set3IT059	LB 30C	5/11/2015 acidovorax_3H11_ML3a_set3	107	3664090	5472	2182823	2154142	321	890	547.43125794155	0.278354798792241	0.160419468351947	1.14625011927364	1.13771233762328	0.245946755986749	0.171139713196951	0.0346662762592347	2.92857706689333	TRUE
set3IT060	LB 30C	5/11/2015 acidovorax_3H11_ML3a_set3	108	2479197	3764	1476439	1456485	213	890	370.135959339263	0.329064797945361	0.175578376340323	1.13251317152372	1.13771233762328	0.299210826806481	0.215422061947305	-0.00663822236217144	1.23273004770499	TRUE
set3IT061	Chloramphenicol 0.0005 mg/ml	5/19/2015 acidovorax_3H11_ML3a_set3	109	3042134	4702	1837235	1814530	255	889	461.125794155019	0.168622980181277	0.176443281465228	1.17554323147773	1.13732344348327	0.0845615942322523	0.123600737663625	0.0237979551150235	1.63973193370338	TRUE
set3IT062	Chloramphenicol 0.001 mg/ml	5/19/2015 acidovorax_3H11_ML3a_set3	110	3937484	6093	2344769	2317082	337	889	588.839135959339	0.132661688793208	0.177791423962857	1.149176635874	1.13732344348327	0.0777422321299832	0.107913398720851	0.0200608652609672	7.07505223181645	TRUE
set3IT063	Tetracycline 0.00005 mg/ml	5/19/2015 acidovorax_3H11_ML3a_set3	111	3273583	5100	1957083	1932322	287	889	491.060228716645	0.161702604753068	0.19139775574648	1.14485646877221	1.13732344348327	0.135293146217653	0.0535267828122494	-0.00697841668060092	2.05106965200267	TRUE
set3IT064	Tetracycline 0.0001 mg/ml	5/19/2015 acidovorax_3H11_ML3a_set3	112	3130784	4189	1972441	1952626	229	889	496.220076238882	0.265644878361987	0.198093373044848	1.16737327613744	1.13732344348327	0.190783313752736	0.108789975306603	-0.00384760710541178	7.98432056991984	TRUE
set3IT065	LB	5/19/2015 acidovorax_3H11_ML3a_set3	113	2714962	4249	1606925	1587251	229	889	403.367471410419	0.131281728025319	0.196991940828249	1.14699754105646	1.13732344348327	0.114883783704655	0.0534812772582144	0.0155046996167903	1.69062684313141	TRUE
set3IT066	methylglyoxal 0.004 vol%	5/19/2015 acidovorax_3H11_ML3a_set3	114	2834174	8118	1634941	1624236	83	889	412.766454891995	0.0629153754567443	1.3054321026476	2.58496250072116	1.13732344348327	0.0620485490449815	0.00754153461347914	0.00750896234931531	6.84542503677206	FALSE
set3IT067	2-Furfuraldehyde 0.06 vol%	5/19/2015 acidovorax_3H11_ML3a_set3	115	2635678	3953	1582552	1562571	230	889	397.095552731893	0.140572463383364	0.202263472635431	1.15600631301114	1.13732344348327	0.146130254381533	0.0617340306604046	0.0287493921911774	1.87167599468491	TRUE
set3IT068	5-Hydroxymethylfurfural 5 mM	5/19/2015 acidovorax_3H11_ML3a_set3	116	2357942	3341	1409875	1392457	209	889	353.864548919949	0.186151394985967	0.195036636972237	1.14999487754265	1.13732344348327	0.117432191880547	0.126811696446635	0.0379425010126287	1.31041791720663	TRUE
set3IT069	syringaldehyde 2.5 mM	5/19/2015 acidovorax_3H11_ML3a_set3	117	2568451	3955	1549083	1529536	219	889	388.700381194409	0.236207992111391	0.219452497559659	1.17833724125851	1.13732344348327	0.162212373951538	0.049636265785875	0.0413211513969706	2.32139706132883	TRUE
set3IT070	LB	5/19/2015 acidovorax_3H11_ML3a_set3	118	3043342	4285	1790124	1768786	250	889	449.500889453621	0.145171946285176	0.183730435279933	1.1469672316016	1.13732344348327	0.10154648308343	0.0964953051756266	0.0360429756675185	2.85416911727412	TRUE
set3IT071	Time0	5/19/2015 acidovorax_3H11_ML3a_set3	119	2903274	5119	1744035	1722250	256	631	437.674714104193	0.0181558271810581	0.164509189361314	1.13966665890495	1.14316551287247	-0.0033628438237647	0.0727494819767998	0.0496100509336378	1.43098640461752	FALSE
set3IT072	Time0	5/19/2015 acidovorax_3H11_ML3a_set3	120	2658133	4792	1595306	1575124	231	657	400.285641677255	0.0113917817349845	0.177051597333761	1.14452407608353	1.13566476120693	0.0142330060715428	-0.020394092245518	-0.0798496181248267	1.45226692863182	FALSE
set3IT073	Time0	5/19/2015 acidovorax_3H11_ML3a_set3	121	2451657	4393	1473825	1455339	213	677	369.844726810673	0.0465802958441591	0.171780990516574	1.13142346663966	1.13693268312577	0.0310450811731919	-0.019585625382	0.0104370337823899	1.10699558369165	FALSE
set3IT074	Time0	5/19/2015 acidovorax_3H11_ML3a_set3	122	2128901	3708	1280106	1264425	189	698	321.327827191868	0.03270660301709	0.188104624504068	1.15200309344505	1.12838079121003	-0.00435310775312867	0.0999467284509982	0.00778062196016351	1.51826127598978	FALSE
set3IT075	Nickel (II) chloride 0.8 mM	5/19/2015 acidovorax_3H11_ML3a_set3	123	2446491	3646	1467359	1448439	216	889	368.09123252859	0.157748438035385	0.248875467950956	1.18741499802496	1.13732344348327	0.146268899221802	0.0869481227886133	0.0525193739825462	2.20597136565461	TRUE
set3IT076	Cobalt chloride 0.32 mM	5/19/2015 acidovorax_3H11_ML3a_set3	124	3165580	5267	1901672	1877391	263	889	477.100635324015	0.238934804160734	0.236598033390334	1.16992500144231	1.13732344348327	0.139301229022152	0.0363501916743136	0.0466864195611891	4.90175752133747	TRUE
set3IT077	Cobalt chloride 0.4 mM	5/19/2015 acidovorax_3H11_ML3a_set3	125	2583264	4568	1554437	1533917	224	889	389.813722998729	0.159988216390372	0.285786200768122	1.2142842367869	1.13732344348327	0.0847048203049837	-0.0317469767640484	0.0198412027893708	4.82032484608923	TRUE
set3IT078	sodium fluoride 20 mM	5/19/2015 acidovorax_3H11_ML3a_set3	126	2891468	4671	1739969	1718347	251	889	436.682846251588	0.223736919890331	0.20893895908588	1.16933972958834	1.13732344348327	0.131245803459864	-0.0103581092574474	-0.00183337083978913	2.5706423681243	TRUE
set3IT079	sodium fluoride 35 mM	5/19/2015 acidovorax_3H11_ML3a_set3	127	3388891	5990	2036984	2011406	292	889	511.157814485388	0.21548009558753	0.188952766012246	1.15846446890091	1.13732344348327	0.121572545437084	0.0515114974825284	0.000848427911999997	3.28747251074822	TRUE
set3IT080	sodium fluoride 50 mM	5/19/2015 acidovorax_3H11_ML3a_set3	128	2773590	4448	1664737	1643389	245	889	417.633799237611	0.164050598794233	0.190131525960573	1.16201124944774	1.13732344348327	0.0353111201426581	0.0724323435036518	0.030654904368652	1.81264197503729	TRUE
set3IT081	Thallium(I) acetate 0.0006 mg/ml	5/19/2015 acidovorax_3H11_ML3a_set3	129	2490947	3928	1492790	1473623	217	889	374.49123252859	0.115371413107467	0.193453351995447	1.14379979005639	1.13732344348327	0.0867214328862242	0.0527578745767487	0.064373204964902	1.19563158247275	TRUE
set3IT082	Thallium(I) acetate 0.001 mg/ml	5/19/2015 acidovorax_3H11_ML3a_set3	130	2472695	4221	1481889	1462145	216	889	371.574332909784	0.0855863128567096	0.207029622289885	1.15617466692532	1.13732344348327	0.0229831322314277	0.0353036532628538	0.0193033909032623	1.64700862348998	FALSE
set3IT083	nitrate 20 mM	5/19/2015 acidovorax_3H11_ML3a_set3	131	2533495	3979	1512108	1493437	217	889	379.526556543837	0.127294738642762	0.210001327985796	1.15042957557491	1.13732344348327	0.0820376747266526	0.0609151301227177	0.019000147424037	2.10681665856936	TRUE
set3IT084	nitrate 45 mM	5/19/2015 acidovorax_3H11_ML3a_set3	132	2606158	4583	1555621	1535880	225	889	390.312579415502	0.18439210656562	0.197505593106411	1.16521155806087	1.13732344348327	0.143814942166378	0.0623113985087314	0.00281591620375301	5.57030762336879	TRUE
set3IT085	nitrate 100 mM	5/19/2015 acidovorax_3H11_ML3a_set3	133	2095463	3443	1256081	1239989	179	889	315.11791613723	0.116113792086486	0.276529862614643	1.19107098929553	1.13732344348327	0.0782812475046936	0.0935980100805098	-0.0403750367718447	2.49810460207014	TRUE
set3IT086	LB	5/19/2015 acidovorax_3H11_ML3a_set3	134	2629769	4301	1554585	1535698	221	889	390.266327827192	0.142022983128007	0.193938163330361	1.14657988840962	1.13732344348327	0.0833633542619433	0.0501109932055748	0.0218623573602781	2.21306934709233	TRUE
set3IT087	Sisomicin 0.004 mg/ml	5/19/2015 acidovorax_3H11_ML3a_set3	135	3435957	5616	2059637	2033704	302	889	516.824396442186	0.131862236880244	0.193719523640058	1.18645390166094	1.13732344348327	0.105557969319481	-0.00990388245915322	0.025173101397623	2.75468669900521	TRUE
set3IT088	Benzethonium chloride 0.006 mM	5/19/2015 acidovorax_3H11_ML3a_set3	136	1980430	2576	1235185	1222032	126	889	310.554510800508	0.185005782425056	0.586684662976975	1.43235851152497	1.13732344348327	0.140338353553363	0.102764644264395	-0.031993332575871	9.54171446657258	FALSE
set3IT089	Dimethyl Sulfoxide 6 vol%	5/19/2015 acidovorax_3H11_ML3a_set3	137	2293103	3321	1375547	1357535	203	889	344.989834815756	0.15948857975873	0.198281057283351	1.13905124664972	1.13732344348327	0.14690667758976	0.112971897379277	-0.0375419981468722	2.42791766113824	TRUE
set3IT090	LB	5/19/2015 acidovorax_3H11_ML3a_set3	138	2471008	3764	1456348	1438318	205	889	365.519186785261	0.162090496343683	0.191308893016991	1.14316106450661	1.13732344348327	0.0896384137058977	0.0955110047287804	-0.0350672967992257	1.90274693848487	TRUE
set3IT091	inner cut, LB soft agar motility assay	5/11/2015 acidovorax_3H11_ML3a_set3	139	3193997	3853	1915533	1890699	253	890	480.482592121982	0.109181217840039	0.528764285295221	1.46437869697092	1.13771233762328	0.0436807216910552	0.0647825911938683	0.0056004909193785	4.02079612606677	FALSE
set3IT092	inner cut, LB soft agar motility assay	5/11/2015 acidovorax_3H11_ML3a_set3	140	2780662	3263	1653003	1631310	204	890	414.56416772554	0.12495530852287	0.544413001293609	1.48324200627912	1.13771233762328	-0.00259072760809283	-0.00715319530839002	0.0143499896583325	4.73334307651288	FALSE
set3IT093	inner cut, LB soft agar motility assay	5/11/2015 acidovorax_3H11_ML3a_set3	141	2928534	5558	1729938	1706897	225	890	433.773062261753	0.102775000508061	0.504544843699554	1.43562612942763	1.13771233762328	0.0139083718061263	0.0281660535483939	-0.00661719286973815	3.8473050783944	FALSE
set3IT094	inner cut, R2A soft agar motility assay	5/11/2015 acidovorax_3H11_ML3a_set3	142	2821500	3925	1612262	1591835	228	890	404.532401524778	0.171019452137408	0.356039035107323	1.2604600209767	1.13771233762328	0.067807669647559	0.0617677637673265	0.000564090254344761	3.92579317908197	TRUE
set3IT095	inner cut, R2A soft agar motility assay	5/11/2015 acidovorax_3H11_ML3a_set3	143	2578070	3865	1419227	1402278	202	890	356.360355781449	0.147362903382107	0.345139590551363	1.24827535400469	1.13771233762328	0.131488560203268	0.0904547749868412	-0.0170828337930235	3.67494778231312	TRUE
set3IT096	inner cut, R2A soft agar motility assay	5/11/2015 acidovorax_3H11_ML3a_set3	144	2316281	2334	1242600	1227469	165	890	311.936213468869	0.149932640336727	0.435646036047502	1.28010791919274	1.13771233762328	0.0806599973927051	0.10062972515716	-0.0287637148412973	5.48692897345882	TRUE
set4IT049	Cephalothin 0.005 mg/ml	5/19/2015 acidovorax_3H11_ML3a_set4	145	4099076	6283	2418626	2388554	341	576	607.002287166455	0.195985345382233	0.18490732285493	1.15561524867847	1.13332325088336	0.182939791273706	0.0641494861726354	-0.0191027266149827	1.97886299490703	TRUE
set4IT050	Cephalothin 0.01 mg/ml	5/19/2015 acidovorax_3H11_ML3a_set4	146	3932239	6422	2324127	2295497	331	576	583.35374841169	0.162400974517481	0.191238559744894	1.15676479169816	1.13332325088336	0.122019016380664	-0.00796362521424838	-0.0238264566788143	1.83006641358261	TRUE
set4IT051	Cephalothin 0.025 mg/ml	5/19/2015 acidovorax_3H11_ML3a_set4	147	3824277	6284	2263463	2235608	321	576	568.13418043202	0.146603165467568	0.197245916170808	1.16406990798708	1.13332325088336	0.120684776951207	0.0812115329910624	-0.0253411357737842	1.79460240018247	TRUE
set4IT052	D-Cycloserine 0.05 mg/ml	5/19/2015 acidovorax_3H11_ML3a_set4	148	3347530	2829	2207577	2194868	91	576	557.780940279543	0.232049419104722	0.384882803754228	1.29882060794542	1.13332325088336	0.134335154761728	0.070627491474483	-0.0709502479247004	9.69385955834005	TRUE
set4IT053	Doxycycline hyclate 0.000025 mg/ml	5/19/2015 acidovorax_3H11_ML3a_set4	149	3419128	3258	2266966	2248672	185	576	571.454129606099	0.214460128455135	0.203348344283218	1.14700536228849	1.13332325088336	0.14984449976414	0.0629788276770588	-0.0333306604301392	9.46153135272414	TRUE
set4IT054	Ceftazidime 0.01 mg/ml	5/19/2015 acidovorax_3H11_ML3a_set4	150	3813443	6167	2253204	2225021	319	576	565.443710292249	0.146861083452929	0.19515592170603	1.16066516717405	1.13332325088336	0.118830129402131	0.0503664680593893	-0.0186278385700177	2.10804958799327	TRUE
set4IT055	LB	5/19/2015 acidovorax_3H11_ML3a_set4	151	3734779	5629	2208399	2181783	312	576	554.455654383736	0.177750454205572	0.189629350217588	1.14438990933518	1.13332325088336	0.14050033344772	0.00287757648043017	-0.0105611063200518	1.99876365432254	TRUE
set4IT056	Time0	5/19/2015 acidovorax_3H11_ML3a_set4	152	3501570	6351	2107917	2080787	309	266	528.78958068615	0.00483999127812162	0.188638985181049	1.13208370480837	1.12635475600304	-0.0478783463812668	-0.0334189625563601	-0.00990581640559065	1.82667718682197	FALSE
set4IT057	Time0	5/19/2015 acidovorax_3H11_ML3a_set4	153	3004291	5452	1808570	1786132	266	309	453.909021601016	0.00483999127812162	0.188638985181049	1.12635475600304	1.13208370480837	-0.0478783463812668	-0.0334189625563601	0.00990581640559065	2.04547055030309	FALSE
set4IT058	LB, pH5	6/10/2015 acidovorax_3H11_ML3a_set4	154	3313349	5274	1988485	1962667	291	1049	498.771791613723	0.287192697549193	0.171185473639556	1.13750352374994	1.13347208191894	0.20713649618469	0.0771026472416158	0.0453341957604732	1.23852379254461	TRUE
set4IT059	LB, pH5	6/10/2015 acidovorax_3H11_ML3a_set4	155	3560167	5847	2140457	2112732	311	1049	536.907750952986	0.287155100794233	0.174409913622557	1.14950186767117	1.13347208191894	0.172029344443201	0.0757431671442575	0.0521599608063218	2.28017029670361	TRUE
set4IT060	LB, pH6	6/10/2015 acidovorax_3H11_ML3a_set4	156	2868110	4513	1713492	1692240	254	1049	430.048284625159	0.181101723314309	0.168320599960349	1.14097742753722	1.13347208191894	0.175156655520559	0.140041668772925	0.0779093462221889	1.04750000373915	TRUE
set4IT061	LB, pH6	6/10/2015 acidovorax_3H11_ML3a_set4	157	3450786	5382	2061454	2035416	305	1049	517.259466327827	0.182515924978855	0.174449941110448	1.14911357319302	1.13347208191894	0.201401403435902	0.119470291664598	0.0721566437774163	1.23476089194647	TRUE
set4IT062	LB, pH7	6/10/2015 acidovorax_3H11_ML3a_set4	158	4484436	6895	2677605	2642981	396	1049	671.659720457433	0.164222416086428	0.166371172588808	1.13958397630286	1.13347208191894	0.190966589244414	0.134955955552861	0.0480650255841873	1.05585920660668	TRUE
set4IT063	LB, pH7	6/10/2015 acidovorax_3H11_ML3a_set4	159	3684303	5793	2203091	2174801	327	1049	552.681321473952	0.152269200053424	0.176647678499748	1.14684138832927	1.13347208191894	0.172672782015813	0.184243369684647	0.0423406997016018	0.983954031344557	TRUE
set4IT064	LB, pH8	6/10/2015 acidovorax_3H11_ML3a_set4	160	3402238	5191	2033507	2008147	303	1049	510.329606099111	0.200319310898962	0.165368633890306	1.13328635286466	1.13347208191894	0.252862167130517	0.187977985190114	0.0486102255107914	1.14648134293635	TRUE
set4IT065	LB, pH8	6/10/2015 acidovorax_3H11_ML3a_set4	161	3123389	5035	1867271	1843683	278	1049	468.534434561626	0.158860358309517	0.173199853334773	1.13256638961374	1.13347208191894	0.14030599896132	0.148591471447785	0.0610181422277219	1.02054697692603	TRUE
set4IT066	LB, pH9	6/10/2015 acidovorax_3H11_ML3a_set4	162	3401328	5123	2030861	2004591	302	1049	509.425921219822	0.18474790341718	0.17692019745465	1.14268841716851	1.13347208191894	0.167361675487516	0.192502517847989	0.0478588612090332	1.0734128963389	TRUE
set4IT067	LB, pH9	6/10/2015 acidovorax_3H11_ML3a_set4	163	3244179	4287	1940628	1915643	282	1049	486.821601016518	0.296170049329477	0.206082374566052	1.1567072168709	1.13347208191894	0.163391732076986	0.0959160354941973	0.00861945242216954	2.9485170074683	TRUE
set4IT068	LB, pH10	6/10/2015 acidovorax_3H11_ML3a_set4	164	2535401	2801	1558820	1540554	193	1049	391.500381194409	0.297299032219756	0.399765016817594	1.2701858263522	1.13347208191894	0.129105621122556	0.149315732132576	0.00905996466601086	6.48549469161012	TRUE
set4IT069	LB, pH10	6/10/2015 acidovorax_3H11_ML3a_set4	165	2768086	3377	1700007	1679595	216	1049	426.834815756036	0.282531365800208	0.412212747443316	1.28445193922134	1.13347208191894	0.205445077270272	0.0863214557832168	0.0123573821163268	6.55253150351854	TRUE
set4IT070	L-Arginine (N)	6/10/2015 acidovorax_3H11_ML3a_set4	166	2902546	3248	1733965	1712636	248	1049	435.231512071156	0.302253895190758	0.217723896692532	1.15754127698648	1.13347208191894	0.281389052520968	0.119618404759442	0.0279648876513148	4.55673036167441	TRUE
set4IT071	L-Histidine (N)	6/10/2015 acidovorax_3H11_ML3a_set4	167	2953944	3285	1758122	1736267	255	1049	441.236848792884	0.298184002031147	0.238381924869565	1.15424887985186	1.13347208191894	0.273712918029728	0.0818761569568955	0.0204898547553447	1.47794321284379	TRUE
set4IT072	L-Serine (N)	6/10/2015 acidovorax_3H11_ML3a_set4	168	2831819	2683	1687606	1666192	249	1049	423.428716645489	0.275026447386633	0.175533892020258	1.14432059321607	1.13347208191894	0.250802261935237	0.161785995175576	0.0461397629247241	1.38482065056554	TRUE
set4IT073	L-Threonine (N)	6/10/2015 acidovorax_3H11_ML3a_set4	169	2752068	4086	1636133	1616122	226	1049	410.704447268107	0.31071262971096	0.269974231444563	1.19509346750328	1.13347208191894	0.207089748496731	0.0410893548266552	0.0191474320007069	4.02883095407389	TRUE
set4IT074	L-Asparagine (N)	6/10/2015 acidovorax_3H11_ML3a_set4	170	2598459	4225	1557659	1538849	223	1049	391.06709021601	0.160404411793946	0.507623444578743	1.33134239807284	1.13347208191894	0.117344583630344	0.0400513833303786	0.0203040626328453	3.6331688695142	FALSE
set4IT075	L-Glutamine (N)	6/10/2015 acidovorax_3H11_ML3a_set4	171	2785933	4173	1663245	1642492	246	1049	417.40584498094	0.280848967123612	0.203132744821084	1.16161928112622	1.13347208191894	0.25913091066064	0.0743255008128419	0.0516100975144497	2.1958277145659	TRUE
set4IT076	Glycine (N)	6/10/2015 acidovorax_3H11_ML3a_set4	172	553348	479	389102	383024	20	1049	97.3377382465057	0.0873674655792459	1.31105278986226	1.74750643799972	1.13347208191894	0.00342413663201968	0.0382175759478948	-0.0319377313089066	11.9459339125455	FALSE
set4IT077	L-Proline (N)	6/10/2015 acidovorax_3H11_ML3a_set4	173	2888715	3739	1715922	1693922	251	1049	430.475730622618	0.268350004170045	0.179992885448955	1.13535553813541	1.13347208191894	0.228082291634444	0.11999529428786	0.0512663136472784	1.49834795364629	TRUE
set4IT078	L-Alanine (N)	6/10/2015 acidovorax_3H11_ML3a_set4	174	2055960	3191	1225448	1210193	171	1049	307.545870393901	0.134482337972976	0.482985408895785	1.2942514292132	1.13347208191894	0.133059132396277	0.0274030009105056	0.0526407527661569	2.69511266289214	TRUE
set4IT079	L-Valine (N)	6/10/2015 acidovorax_3H11_ML3a_set4	175	2243290	3134	1368151	1351259	189	1049	343.394917407878	0.0746693084138855	0.59266332184053	1.3864117005815	1.13347208191894	0.0360905503877509	0.0417824399330296	0.0146066390078448	3.62484720803982	FALSE
set4IT080	L-Isoleucine (N)	6/10/2015 acidovorax_3H11_ML3a_set4	176	2823746	3691	1683233	1662596	244	1049	422.514866581957	0.256883122836118	0.30639541006381	1.17356545417027	1.13347208191894	0.203856017586145	0.0573118971150046	0.0302858485788005	2.50123685615423	TRUE
set4IT081	L-Leucine (N)	6/10/2015 acidovorax_3H11_ML3a_set4	177	2610007	2790	1558384	1539702	224	1049	391.283862770013	0.300197549376968	0.276363982809624	1.17716756078583	1.13347208191894	0.231135962187452	0.110707753710631	0.0367861705005929	2.31272356458744	TRUE
set4IT082	L-Methionine (N)	6/10/2015 acidovorax_3H11_ML3a_set4	178	2416889	3003	1443506	1419573	190	1049	360.755527318933	0.0977774531676822	0.736295240416886	1.64471425033501	1.13347208191894	0.0494038543625517	0.0258743443384546	0.0219046056478718	5.49303880444458	FALSE
set4IT083	L-Phenylalanine (N)	6/10/2015 acidovorax_3H11_ML3a_set4	179	2840203	4445	1689795	1668297	249	1049	423.963659466328	0.282229999643876	0.168327481646121	1.14153456438045	1.13347208191894	0.225932313713379	0.113184736095424	0.0435870652876382	1.0188779875816	TRUE
set4IT084	L-tyrosine (N)	6/10/2015 acidovorax_3H11_ML3a_set4	180	2779134	3629	1672640	1652708	235	1049	420.002033036849	0.319875228583492	0.196505599762525	1.16072827443278	1.13347208191894	0.17657117872344	0.0521405525893786	0.0175847099661425	2.97395551478066	TRUE
set4IT085	D-Serine (N)	6/10/2015 acidovorax_3H11_ML3a_set4	181	1485112	2426	897180	885783	126	1049	225.103684879288	0.0364518650401175	0.583113845237309	1.29495162099571	1.13347208191894	-0.0145133389758621	0.0262092275968124	-0.00550680161009801	5.68811337702829	FALSE
set4IT086	D-Alanine (N)	6/10/2015 acidovorax_3H11_ML3a_set4	182	2441511	4235	1467642	1448664	210	1049	368.148411689962	0.173713051832305	0.387118907243793	1.24915373176421	1.13347208191894	0.154035338992701	0.0386279992704876	0.0692272645618935	2.97482500326381	TRUE
set4IT088	casaminos (N)	6/10/2015 acidovorax_3H11_ML3a_set4	184	1364476	2058	815443	804981	119	1049	204.569504447268	0.0790301733240845	0.484270165831505	1.25962687778688	1.13347208191894	0.105141401424207	0.0649319538053715	0.0277697217032624	2.01574876735483	FALSE
set4IT089	Parabanic Acid (N)	6/10/2015 acidovorax_3H11_ML3a_set4	185	2528338	5525	1514862	1498080	196	1049	380.706480304956	0.164177046517454	0.527455810247567	1.31180188287414	1.13347208191894	0.203153566785902	0.0700383432618546	0.013750203102189	4.22392288120411	FALSE
set4IT090	Uridine (N)	6/10/2015 acidovorax_3H11_ML3a_set4	186	2578473	3453	1538593	1519439	222	1049	386.134434561626	0.315484602383798	0.236126305068061	1.16046467219325	1.13347208191894	0.266660472951732	0.097046877610931	0.0481722440236878	1.90593145949648	TRUE
set4IT091	Cytosine (N)	6/10/2015 acidovorax_3H11_ML3a_set4	187	3129385	8836	1853482	1832830	232	1049	465.776365946633	0.1738122035407	0.723721187311931	1.65021425800769	1.13347208191894	0.139677596560257	0.0081458531202175	-0.00668489181652218	4.56253055187675	FALSE
set4IT092	Ammonium chloride (N)	6/10/2015 acidovorax_3H11_ML3a_set4	188	2828033	9694	1726267	1707382	211	1049	433.896315120712	0.258370742721748	0.487882021306379	1.36576369796259	1.13347208191894	0.171607230362977	0.0526039275957937	0.0347913327727095	6.19372426465835	TRUE
set4IT093	Time0	6/10/2015 acidovorax_3H11_ML3a_set4	189	2932130	5281	1760334	1737571	256	796	441.568233799238	-0.00929508338438209	0.165877486001143	1.11547721741994	1.13279809863497	0.0453459566272179	0.032371657156491	0.00330731357168877	1.05517077658074	FALSE
set4IT094	Time0	6/10/2015 acidovorax_3H11_ML3a_set4	190	2962191	5311	1778755	1755622	259	789	446.155527318933	-0.00100990960974707	0.163364812947968	1.12228438101267	1.13456835418396	0.0671118133292335	-0.0521259504860808	0.0271033448180315	1.41226438822923	FALSE
set4IT095	Time0	6/10/2015 acidovorax_3H11_ML3a_set4	191	3307820	5906	1984885	1959360	290	759	497.931385006353	0.0166359292440686	0.156445732533524	1.11934795932163	1.12795181316569	0.0528182728228204	-0.0242277829332496	0.0375922178881849	1.25603172661668	FALSE
set4IT096	Time0	6/10/2015 acidovorax_3H11_ML3a_set4	192	2806808	5131	1682141	1660070	243	806	421.87293519695	0.0408672670249329	0.158615451386737	1.13750352374993	1.12498912650417	0.0323602346861134	0.012451672885398	-0.0734446748001352	1.19757809295612	FALSE
