Reproduction of Kundrat et al. 2020, Sci. Rep. 10:15775
======================================================================
Generated figures:
  /Users/stevens/Dropbox/REPLICATE-PROJECT/LUCID-second100/s100-072-analytical-track-structure-formulas/figures/fig1_SB.png
  /Users/stevens/Dropbox/REPLICATE-PROJECT/LUCID-second100/s100-072-analytical-track-structure-formulas/figures/fig2_SSB.png
  /Users/stevens/Dropbox/REPLICATE-PROJECT/LUCID-second100/s100-072-analytical-track-structure-formulas/figures/fig3_DSB.png
  /Users/stevens/Dropbox/REPLICATE-PROJECT/LUCID-second100/s100-072-analytical-track-structure-formulas/figures/fig4_DSBclusters.png
  /Users/stevens/Dropbox/REPLICATE-PROJECT/LUCID-second100/s100-072-analytical-track-structure-formulas/figures/fig5_DSBsites.png

Sample yields per ion / damage class at [0.5, 1, 5, 20, 100, 200] keV/um:
Fig 1 — Strand breakage (SB) ion=H  LET=[0.5, 1.0, 5.0, 20.0, 100.0, 200.0] total=[168.165, 166.97, 158.47, 155.951, 137.854, 118.709] direct=[63.689, 63.522, 62.082, 61.105, 63.336, 63.593] indirect=[104.8, 103.981, 97.903, 90.104, 59.034, 24.106]
Fig 1 — Strand breakage (SB) ion=He LET=[0.5, 1.0, 5.0, 20.0, 100.0, 200.0] total=[168.316, 167.173, 157.783, 156.674, 137.934, 112.369] direct=[63.728, 63.603, 62.655, 59.987, 62.859, 63.352] indirect=[104.595, 103.792, 98.803, 89.673, 71.227, 51.601]
Fig 1 — Strand breakage (SB) ion=Li LET=[0.5, 1.0, 5.0, 20.0, 100.0, 200.0] total=[168.414, 167.397, 158.891, 156.769, 144.99, 126.98] direct=[63.72, 63.578, 62.41, 60.736, 63.152, 62.736] indirect=[104.514, 103.705, 98.64, 90.568, 77.478, 62.876]
Fig 1 — Strand breakage (SB) ion=Be LET=[0.5, 1.0, 5.0, 20.0, 100.0, 200.0] total=[168.229, 167.057, 158.01, 157.879, 146.013, 131.181] direct=[63.688, 63.533, 62.281, 60.079, 62.722, 62.093] indirect=[104.199, 103.319, 98.354, 90.388, 78.737, 66.759]
Fig 1 — Strand breakage (SB) ion=B  LET=[0.5, 1.0, 5.0, 20.0, 100.0, 200.0] total=[168.418, 167.443, 159.834, 156.952, 147.195, 134.038] direct=[63.711, 63.566, 62.381, 60.477, 62.656, 61.887] indirect=[104.098, 103.212, 98.405, 91.255, 80.013, 69.188]
Fig 1 — Strand breakage (SB) ion=C  LET=[0.5, 1.0, 5.0, 20.0, 100.0, 200.0] total=[168.37, 167.398, 160.069, 156.294, 146.834, 134.401] direct=[63.714, 63.574, 62.446, 60.278, 62.55, 61.792] indirect=[103.856, 102.933, 98.285, 90.367, 79.803, 69.786]
Fig 1 — Strand breakage (SB) ion=N  LET=[0.5, 1.0, 5.0, 20.0, 100.0, 200.0] total=[168.46, 167.586, 161.246, 155.67, 147.676, 136.355] direct=[63.735, 63.609, 62.631, 60.215, 62.431, 61.801] indirect=[103.753, 102.827, 98.325, 90.064, 80.42, 71.195]
Fig 1 — Strand breakage (SB) ion=O  LET=[0.5, 1.0, 5.0, 20.0, 100.0, 200.0] total=[167.979, 166.816, 158.547, 156.227, 146.553, 135.626] direct=[63.772, 63.663, 62.814, 60.622, 62.085, 61.137] indirect=[103.338, 102.346, 97.933, 90.579, 79.898, 71.051]
Fig 1 — Strand breakage (SB) ion=Ne LET=[0.5, 1.0, 5.0, 20.0, 100.0, 200.0] total=[167.964, 166.88, 159.544, 155.702, 147.024, 137.198] direct=[63.731, 63.602, 62.592, 60.118, 62.075, 61.368] indirect=[103.163, 102.187, 98.21, 90.606, 80.148, 72.381]
Fig 2 — Single-strand breaks (SSB) ion=H  LET=[0.5, 1.0, 5.0, 20.0, 100.0, 200.0] total=[154.222, 152.933, 142.706, 136.001, 88.822, 30.703] direct=[57.687, 57.209, 55.43, 51.614, 50.244, 49.756] indirect=[100.341, 99.289, 92.497, 83.942, 52.322, 21.407]
Fig 2 — Single-strand breaks (SSB) ion=He LET=[0.5, 1.0, 5.0, 20.0, 100.0, 200.0] total=[154.082, 152.815, 143.53, 136.482, 105.218, 71.201] direct=[58.597, 57.747, 56.348, 53.308, 44.676, 37.966] indirect=[100.216, 99.25, 93.657, 84.152, 63.664, 43.727]
Fig 2 — Single-strand breaks (SSB) ion=Li LET=[0.5, 1.0, 5.0, 20.0, 100.0, 200.0] total=[154.01, 152.784, 143.977, 137.402, 115.374, 91.31] direct=[59.25, 58.785, 55.265, 53.925, 48.428, 41.806] indirect=[100.164, 99.218, 93.657, 84.744, 70.342, 55.319]
Fig 2 — Single-strand breaks (SSB) ion=Be LET=[0.5, 1.0, 5.0, 20.0, 100.0, 200.0] total=[153.602, 152.238, 143.399, 137.763, 117.533, 98.2] direct=[59.291, 58.881, 55.799, 53.045, 49.504, 43.875] indirect=[99.76, 98.745, 93.437, 84.571, 71.744, 59.428]
Fig 2 — Single-strand breaks (SSB) ion=B  LET=[0.5, 1.0, 5.0, 20.0, 100.0, 200.0] total=[153.506, 152.21, 144.374, 137.416, 118.958, 101.878] direct=[59.315, 58.936, 56.261, 52.971, 49.845, 44.836] indirect=[99.556, 98.527, 93.476, 85.371, 72.888, 61.803]
Fig 2 — Single-strand breaks (SSB) ion=C  LET=[0.5, 1.0, 5.0, 20.0, 100.0, 200.0] total=[153.082, 151.682, 143.807, 136.901, 118.426, 102.558] direct=[59.295, 58.932, 56.623, 52.274, 49.583, 45.023] indirect=[99.219, 98.137, 93.154, 84.637, 72.79, 62.55]
Fig 2 — Single-strand breaks (SSB) ion=N  LET=[0.5, 1.0, 5.0, 20.0, 100.0, 200.0] total=[152.844, 151.406, 143.557, 136.735, 119.369, 104.789] direct=[59.321, 58.984, 56.931, 52.055, 49.913, 45.843] indirect=[99.017, 97.917, 93.051, 84.426, 73.349, 63.917]
Fig 2 — Single-strand breaks (SSB) ion=O  LET=[0.5, 1.0, 5.0, 20.0, 100.0, 200.0] total=[152.335, 150.74, 142.537, 136.676, 119.037, 105.254] direct=[59.219, 58.863, 56.94, 52.491, 49.408, 45.474] indirect=[98.459, 97.286, 92.518, 84.955, 72.891, 63.865]
Fig 2 — Single-strand breaks (SSB) ion=Ne LET=[0.5, 1.0, 5.0, 20.0, 100.0, 200.0] total=[152.037, 150.692, 145.539, 137.236, 119.022, 106.475] direct=[59.137, 58.769, 56.913, 52.37, 49.424, 46.014] indirect=[98.116, 96.936, 92.482, 84.886, 73.096, 65.141]
Fig 3 — Double-strand breaks (DSB) ion=H  LET=[0.5, 1.0, 5.0, 20.0, 100.0, 200.0] total=[6.901, 6.997, 7.721, 10.276, 23.053, 38.381] direct=[2.816, 2.838, 3.075, 4.316, 13.794, 28.606] indirect=[2.296, 2.344, 2.568, 3.025, 4.311, 5.362]
Fig 3 — Double-strand breaks (DSB) ion=He LET=[0.5, 1.0, 5.0, 20.0, 100.0, 200.0] total=[6.889, 6.973, 7.602, 9.692, 16.853, 20.357] direct=[2.873, 2.928, 3.277, 4.279, 8.299, 12.481] indirect=[2.265, 2.301, 2.479, 2.866, 3.797, 3.948]
Fig 3 — Double-strand breaks (DSB) ion=Li LET=[0.5, 1.0, 5.0, 20.0, 100.0, 200.0] total=[6.931, 7.035, 7.702, 9.537, 14.927, 18.087] direct=[2.898, 2.96, 3.3, 4.133, 6.963, 9.6] indirect=[2.271, 2.31, 2.497, 2.863, 3.572, 3.796]
Fig 3 — Double-strand breaks (DSB) ion=Be LET=[0.5, 1.0, 5.0, 20.0, 100.0, 200.0] total=[6.878, 6.954, 7.533, 9.357, 14.441, 16.914] direct=[2.841, 2.879, 3.148, 3.977, 6.843, 8.976] indirect=[2.25, 2.282, 2.452, 2.819, 3.55, 3.746]
Fig 3 — Double-strand breaks (DSB) ion=B  LET=[0.5, 1.0, 5.0, 20.0, 100.0, 200.0] total=[6.892, 6.978, 7.6, 9.445, 14.223, 16.365] direct=[2.829, 2.862, 3.129, 3.993, 6.72, 8.526] indirect=[2.249, 2.28, 2.446, 2.808, 3.552, 3.753]
Fig 3 — Double-strand breaks (DSB) ion=C  LET=[0.5, 1.0, 5.0, 20.0, 100.0, 200.0] total=[6.879, 6.956, 7.554, 9.443, 14.361, 16.275] direct=[2.823, 2.85, 3.086, 3.957, 6.842, 8.529] indirect=[2.265, 2.301, 2.479, 2.831, 3.512, 3.696]
Fig 3 — Double-strand breaks (DSB) ion=N  LET=[0.5, 1.0, 5.0, 20.0, 100.0, 200.0] total=[6.879, 6.957, 7.558, 9.46, 14.333, 16.133] direct=[2.822, 2.847, 3.079, 3.957, 6.85, 8.451] indirect=[2.267, 2.304, 2.481, 2.83, 3.505, 3.693]
Fig 3 — Double-strand breaks (DSB) ion=O  LET=[0.5, 1.0, 5.0, 20.0, 100.0, 200.0] total=[6.868, 6.94, 7.534, 9.496, 14.234, 15.788] direct=[2.815, 2.836, 3.063, 3.996, 6.819, 8.223] indirect=[2.264, 2.3, 2.477, 2.828, 3.482, 3.641]
Fig 3 — Double-strand breaks (DSB) ion=Ne LET=[0.5, 1.0, 5.0, 20.0, 100.0, 200.0] total=[6.858, 6.923, 7.485, 9.454, 14.414, 15.929] direct=[2.808, 2.822, 2.997, 3.902, 6.92, 8.26] indirect=[2.283, 2.324, 2.512, 2.855, 3.478, 3.65]
Fig 4 — DSB clusters ion=H  LET=[0.5, 1.0, 5.0, 20.0, 100.0, 200.0] total=[0.07, 0.07, 0.072, 0.129, 2.849, 14.697] direct=[0.018, 0.018, 0.018, 0.033, 1.513, 10.755] indirect=[0.004, 0.004, 0.004, 0.007, 0.073, 0.269]
Fig 4 — DSB clusters ion=He LET=[0.5, 1.0, 5.0, 20.0, 100.0, 200.0] total=[0.07, 0.07, 0.075, 0.127, 1.051, 2.566] direct=[0.018, 0.018, 0.02, 0.042, 0.433, 1.426] indirect=[0.004, 0.004, 0.004, 0.007, 0.039, 0.1]
Fig 4 — DSB clusters ion=Li LET=[0.5, 1.0, 5.0, 20.0, 100.0, 200.0] total=[0.07, 0.07, 0.072, 0.101, 0.723, 1.797] direct=[0.018, 0.018, 0.018, 0.027, 0.273, 0.854] indirect=[0.004, 0.004, 0.004, 0.007, 0.028, 0.065]
Fig 4 — DSB clusters ion=Be LET=[0.5, 1.0, 5.0, 20.0, 100.0, 200.0] total=[0.07, 0.07, 0.073, 0.108, 0.635, 1.494] direct=[0.018, 0.018, 0.019, 0.032, 0.236, 0.672] indirect=[0.004, 0.004, 0.005, 0.007, 0.027, 0.058]
Fig 4 — DSB clusters ion=B  LET=[0.5, 1.0, 5.0, 20.0, 100.0, 200.0] total=[0.07, 0.07, 0.074, 0.108, 0.606, 1.353] direct=[0.018, 0.018, 0.019, 0.03, 0.222, 0.611] indirect=[0.004, 0.004, 0.005, 0.008, 0.027, 0.053]
Fig 4 — DSB clusters ion=C  LET=[0.5, 1.0, 5.0, 20.0, 100.0, 200.0] total=[0.07, 0.071, 0.076, 0.121, 0.603, 1.316] direct=[0.018, 0.018, 0.019, 0.032, 0.218, 0.586] indirect=[0.004, 0.004, 0.005, 0.007, 0.027, 0.054]
Fig 4 — DSB clusters ion=N  LET=[0.5, 1.0, 5.0, 20.0, 100.0, 200.0] total=[0.07, 0.071, 0.078, 0.127, 0.596, 1.261] direct=[0.018, 0.018, 0.02, 0.036, 0.223, 0.56] indirect=[0.004, 0.004, 0.005, 0.008, 0.026, 0.05]
Fig 4 — DSB clusters ion=O  LET=[0.5, 1.0, 5.0, 20.0, 100.0, 200.0] total=[0.07, 0.071, 0.076, 0.122, 0.612, 1.278] direct=[0.018, 0.018, 0.02, 0.037, 0.228, 0.558] indirect=[0.004, 0.004, 0.004, 0.007, 0.024, 0.047]
Fig 4 — DSB clusters ion=Ne LET=[0.5, 1.0, 5.0, 20.0, 100.0, 200.0] total=[0.07, 0.071, 0.078, 0.13, 0.616, 1.258] direct=[0.018, 0.018, 0.02, 0.037, 0.223, 0.536] indirect=[0.004, 0.004, 0.004, 0.006, 0.026, 0.05]
Fig 5 — DSB sites  ion=H  LET=[0.5, 1.0, 5.0, 20.0, 100.0, 200.0] total=[6.905, 7.0, 7.694, 10.051, 21.356, 34.56] direct=[2.818, 2.841, 3.08, 4.27, 12.877, 25.887] indirect=[2.294, 2.341, 2.561, 3.012, 4.279, 5.316]
Fig 5 — DSB sites  ion=He LET=[0.5, 1.0, 5.0, 20.0, 100.0, 200.0] total=[6.866, 6.935, 7.496, 9.512, 15.665, 16.638] direct=[2.83, 2.861, 3.117, 4.077, 8.192, 10.433] indirect=[2.263, 2.298, 2.473, 2.857, 3.758, 3.844]
Fig 5 — DSB sites  ion=Li LET=[0.5, 1.0, 5.0, 20.0, 100.0, 200.0] total=[6.911, 7.003, 7.612, 9.362, 14.226, 15.731] direct=[2.835, 2.868, 3.112, 3.926, 7.017, 8.959] indirect=[2.269, 2.307, 2.492, 2.857, 3.547, 3.724]
Fig 5 — DSB sites  ion=Be LET=[0.5, 1.0, 5.0, 20.0, 100.0, 200.0] total=[6.88, 6.953, 7.481, 9.132, 13.837, 15.129] direct=[2.84, 2.875, 3.126, 3.912, 6.645, 8.239] indirect=[2.249, 2.28, 2.447, 2.81, 3.525, 3.684]
Fig 5 — DSB sites  ion=B  LET=[0.5, 1.0, 5.0, 20.0, 100.0, 200.0] total=[6.909, 6.997, 7.58, 9.226, 13.637, 14.893] direct=[2.84, 2.876, 3.126, 3.91, 6.535, 7.951] indirect=[2.249, 2.28, 2.444, 2.8, 3.527, 3.697]
Fig 5 — DSB sites  ion=C  LET=[0.5, 1.0, 5.0, 20.0, 100.0, 200.0] total=[6.894, 6.976, 7.548, 9.255, 13.772, 14.793] direct=[2.831, 2.862, 3.096, 3.891, 6.64, 7.949] indirect=[2.265, 2.301, 2.476, 2.822, 3.485, 3.643]
Fig 5 — DSB sites  ion=N  LET=[0.5, 1.0, 5.0, 20.0, 100.0, 200.0] total=[6.911, 7.002, 7.601, 9.292, 13.704, 14.804] direct=[2.834, 2.867, 3.107, 3.902, 6.631, 7.95] indirect=[2.269, 2.306, 2.481, 2.821, 3.477, 3.646]
Fig 5 — DSB sites  ion=O  LET=[0.5, 1.0, 5.0, 20.0, 100.0, 200.0] total=[6.917, 7.013, 7.637, 9.361, 13.604, 14.53] direct=[2.836, 2.87, 3.123, 3.948, 6.619, 7.783] indirect=[2.267, 2.304, 2.479, 2.822, 3.456, 3.598]
Fig 5 — DSB sites  ion=Ne LET=[0.5, 1.0, 5.0, 20.0, 100.0, 200.0] total=[6.922, 7.021, 7.659, 9.412, 13.716, 14.671] direct=[2.829, 2.858, 3.092, 3.914, 6.706, 7.864] indirect=[2.288, 2.33, 2.516, 2.85, 3.449, 3.602]
