name	short	t0set	num	nMapped	nPastEnd	nGenic	nUsed	gMed	gMedt0	gMean	cor12	mad12	mad12c	mad12c_t0	opcor	adjcor	gccor	maxFit	u
set1IT001	Nickel (II) chloride 1 mM	2/19/2015 fluoroDangl_ML3_set1	1	3424677	10545	2033312	2024993	296	709	458.246888436298	0.106767492986711	0.197619527376991	1.29507687523793	1.28105054911251	0.0199178301078254	-0.0409431803583543	-0.0216756986437987	2.41740593942523	TRUE
set1IT002	Cobalt chloride 0.16 mM	2/19/2015 fluoroDangl_ML3_set1	2	3763283	9517	2093186	2081721	286	709	471.084181941616	0.150583416376039	0.210526634974454	1.311836563005	1.28105054911251	0.103777414374156	0.0348126288341875	-0.0233720338318771	9.95318372771803	TRUE
set1IT003	sodium fluoride 50 mM	2/19/2015 fluoroDangl_ML3_set1	3	3842140	11574	2289320	2279864	333	709	515.923059515728	0.088702116432409	0.193911567348838	1.32192809488736	1.28105054911251	0.0909053589825357	-0.00549973981528292	0.0200173275475452	3.4085494422177	FALSE
set1IT004	Thallium(I) acetate 0.0625 mg/ml	2/19/2015 fluoroDangl_ML3_set1	4	3002090	7938	1786132	1778583	247	709	402.485403937542	0.174654213093301	0.233009505368951	1.33014860169233	1.28105054911251	0.0938622920672031	-0.0122007417594137	-0.0173949588036588	4.55787789168522	TRUE
set1IT005	Zinc 0.64 mM	2/19/2015 fluoroDangl_ML3_set1	5	3259170	10155	1938171	1930024	282	709	436.755827110206	0.0664286345767223	0.193228349755123	1.3054010841672	1.28105054911251	0.0364068561214352	0.0754744617862454	-0.0243187603967093	0.994941156693557	FALSE
set1IT006	LB	2/19/2015 fluoroDangl_ML3_set1	6	4487670	14462	2667851	2656990	386	709	601.264992079656	0.039896651641507	0.179223382395603	1.29545588352617	1.28105054911251	0.0455774195924428	0.0290698153299207	0.00811934083633525	0.979300337790736	FALSE
set1IT007	nitrate 200 mM	2/19/2015 fluoroDangl_ML3_set1	7	4184690	13267	2476841	2466277	341	709	558.107490382439	0.171481853118419	0.208076028251733	1.30485458152842	1.28105054911251	0.170221021896241	-0.00619536115568255	-0.0059175655150714	3.43935140244542	TRUE
set1IT008	Chlorite 2 mM	2/19/2015 fluoroDangl_ML3_set1	8	4048271	12637	2410659	2400687	351	709	543.264765784114	0.0335544499075957	0.191919740834161	1.2796172900294	1.28105054911251	0.0375019001900153	0.0421137436397899	-0.0161614965869974	1.20236919822679	FALSE
set1IT009	Chlorite 4 mM	2/19/2015 fluoroDangl_ML3_set1	9	6092658	17497	3648255	3633411	515	709	822.224711473184	0.132072199519911	0.171244620124436	1.27871602806606	1.28105054911251	0.158922540375172	-0.00296196289317985	-0.026589722741086	4.57627059171111	TRUE
set1IT010	Chlorite 8 mM	2/19/2015 fluoroDangl_ML3_set1	10	4141882	1465	3608265	3597935	37	709	814.196650825979	0.0249707684236463	0.381276118987262	1.30580842952409	1.28105054911251	0.0143161913750099	-0.02969916651673	-0.0186859856213696	13.0545936749026	FALSE
set1IT011	LB	2/19/2015 fluoroDangl_ML3_set1	11	3663312	11636	2181648	2172481	318	709	491.622765331523	0.0584838363744747	0.18621529372209	1.29926749747619	1.28105054911251	0.0365916095315825	0.00838348443583626	-0.0452690719429794	1.00150965018103	FALSE
set1IT012	Benzethonium chloride 0.048 mM	2/19/2015 fluoroDangl_ML3_set1	12	5232191	5100	3248617	3223601	73	709	729.486535415252	0.0859636836442357	0.90056855696014	1.84130225398094	1.28105054911251	0.0834444816953737	0.0164292966652952	-0.00418685332078321	11.3171900915125	FALSE
set1IT013	Benzalkonium Chloride 0.012 mg/ml	2/19/2015 fluoroDangl_ML3_set1	13	6170241	18952	3660025	3642070	517	709	824.18420457117	0.196368721041576	0.200867458224649	1.27684020535883	1.28105054911251	0.175853403008077	-0.043822802230399	0.0821799782222154	3.17097321496525	TRUE
set1IT014	Fusidic 0.24 mg/ml	2/19/2015 fluoroDangl_ML3_set1	14	4739618	14894	2819604	2807673	410	709	635.3638832315	0.0904554283189565	0.18211957085379	1.27722828741655	1.28105054911251	0.0207546921233428	0.0164014444616746	-0.0254428338025736	2.04847698243886	FALSE
set1IT015	Dimethyl Sulfoxide 4 vol%	2/19/2015 fluoroDangl_ML3_set1	15	4735314	12829	2819719	2807635	388	709	635.355284000905	0.124945062859068	0.186904125821247	1.28757659009659	1.28105054911251	0.135509258691362	-0.0147525751850738	-0.0215446924338629	3.06575694276532	TRUE
set1IT016	LB	2/19/2015 fluoroDangl_ML3_set1	16	6160428	19978	3663231	3648225	537	709	825.577053632043	0.056681651691991	0.173623008942427	1.28743971850207	1.28105054911251	0.0631021111452695	0.00775525529472831	-0.0115533149572436	0.995875807528556	FALSE
set1IT017	A22 0.08 mg/ml	2/19/2015 fluoroDangl_ML3_set1	17	6178206	19575	3672205	3656552	535	709	827.461416610093	0.0393096299584739	0.177076822427639	1.28163162471112	1.28105054911251	0.0902903915197852	0.0498177774405945	-0.0022113938002786	1.04171909938917	FALSE
set1IT018	A22 0.16 mg/ml	2/19/2015 fluoroDangl_ML3_set1	18	3911457	11396	2326519	2316867	334	709	524.296673455533	0.114616231645181	0.193968608702486	1.29582434095146	1.28105054911251	0.13247319900177	0.0146110077496687	-0.00030765570046575	1.09881757151396	TRUE
set1IT019	D-Cycloserine 0.1 mg/ml	2/19/2015 fluoroDangl_ML3_set1	19	4089071	13297	2431796	2421826	352	709	548.048427245983	0.0943443255004744	0.178901706305887	1.30766740176219	1.28105054911251	0.0660138066251836	-0.0149987573995536	-0.0292796738672269	1.14896332244587	FALSE
set1IT020	Neomycin 0.04 mg/ml	2/19/2015 fluoroDangl_ML3_set1	20	4460641	12322	2652131	2638939	336	709	597.180131251414	0.289951013509919	0.221566849381742	1.30256277002043	1.28105054911251	0.227041884329118	0.074300470817387	-0.0851628914045831	5.10714103537293	TRUE
set1IT021	D-Glucose (C)	2/18/2015 fluoroDangl_ML3_set1	21	3892481	5909	2315520	2305934	335	515	521.822584295089	0.149985114787541	0.202124081925339	1.29335894269059	1.27818663106634	0.139733315678176	0.0109521131395703	-0.0130664196263143	1.15525355656902	TRUE
set1IT022	D-Fructose (C)	2/18/2015 fluoroDangl_ML3_set1	22	4524242	10646	2689589	2678619	388	515	606.159538357094	0.189392873631344	0.187437922066016	1.30324667382129	1.27818663106634	0.170990197707628	0.060051557059719	0.00077341044794903	2.11836459332598	TRUE
set1IT023	Sucrose (C)	2/18/2015 fluoroDangl_ML3_set1	23	3917376	5756	2331637	2322127	338	515	525.486988006336	0.131084843109051	0.196033732578975	1.2842084289382	1.27818663106634	0.104839492634488	0.0343134085685366	-0.0140275877173629	1.28970955771352	TRUE
set1IT024	L-Arabinose (C)	2/18/2015 fluoroDangl_ML3_set1	24	4461568	9635	2651301	2640384	383	515	597.507128309572	0.158153830811473	0.196150659290568	1.30189034165082	1.27818663106634	0.103189973397292	-0.00917770756797083	-0.0150682442686958	2.02505718935306	TRUE
set1IT025	D-Xylose (C)	2/18/2015 fluoroDangl_ML3_set1	25	4477165	11308	2659509	2648591	381	515	599.364335822584	0.16745580246034	0.190180750440245	1.29067716090292	1.27818663106634	0.140618934137645	-0.0138299965851617	-0.00553128087066529	2.05835888200291	TRUE
set1IT026	D-Galactose (C)	2/18/2015 fluoroDangl_ML3_set1	26	3890119	6827	2313891	2304560	335	515	521.511654220412	0.136305041207321	0.19011146134423	1.29896694644405	1.27818663106634	0.0859451898040273	0.00674508383046652	-0.0105576936278513	1.21734061772538	TRUE
set1IT027	D-Ribose (C)	2/18/2015 fluoroDangl_ML3_set1	27	5953584	15080	3536008	3521662	511	515	796.936410952704	0.139217751104988	0.185661168855156	1.31500037429629	1.27818663106634	0.141002703639849	0.0139949677783787	-0.00221656115006927	1.73214434845004	TRUE
set1IT028	a-Ketoglutaric (C)	2/18/2015 fluoroDangl_ML3_set1	28	6403704	16367	3808510	3792895	551	515	858.315229689975	0.145502330760539	0.175925256833101	1.31178806457099	1.27818663106634	0.0893723209343589	0.0103861357048757	0.0071381678680462	0.869199984979512	TRUE
set1IT029	D-Gluconic Acid (C)	2/18/2015 fluoroDangl_ML3_set1	29	3533940	8255	2101280	2092640	300	515	473.555102964472	0.113523540875124	0.212039161024531	1.28986688565506	1.27818663106634	0.0782035142402439	0.0124508821198836	-0.00935090956495988	1.03184380719825	TRUE
set1IT030	D-Glucose-6-Phosphate (C)	2/18/2015 fluoroDangl_ML3_set1	30	4303647	11479	2537393	2526885	363	515	571.822810590631	0.189095546049865	0.215397196289041	1.31315788525963	1.27818663106634	0.130248400570545	0.0355919723384154	0.0108915546676498	2.78273869425179	TRUE
set1IT031	acetate (C)	2/18/2015 fluoroDangl_ML3_set1	31	4604090	12232	2736502	2725341	392	515	616.732518669382	0.147210584618048	0.224535179029785	1.31216912842503	1.27818663106634	0.144494564805771	0.0598515051152552	0.0180307766727347	1.7476015624349	TRUE
set1IT032	Fumarate (C)	2/18/2015 fluoroDangl_ML3_set1	32	5268487	14695	3131369	3118503	449	515	705.703326544467	0.18777025860985	0.212170767817531	1.3032780377797	1.27818663106634	0.132064388762108	0.0458683215474116	-0.00647738690393171	1.93145971240527	TRUE
set1IT033	2-Deoxy-D-Ribose (C)	2/18/2015 fluoroDangl_ML3_set1	33	5471009	20797	3245172	3232173	462	515	731.426340801086	0.225632022572544	0.186079460820693	1.30485458152842	1.27818663106634	0.170621426442137	0.0326503304395435	-0.015586969872143	2.05280654425504	TRUE
set1IT034	Trisodium citrate (C)	2/18/2015 fluoroDangl_ML3_set1	34	5885607	16852	3406153	3391337	239	515	767.444444444444	0.170729394003536	0.213537821662938	1.33257533908687	1.27818663106634	0.142463677697027	0.0367968192241106	0.0209553258147502	10.6362543876831	TRUE
set1IT035	D-Lactate (C)	2/18/2015 fluoroDangl_ML3_set1	35	6190815	12111	3684529	3669337	533	515	830.354605114279	0.152922563729917	0.187173253244845	1.28950661719499	1.27818663106634	0.112905113359734	0.00413317841976739	0.00011992893441893	1.232443526695	TRUE
set1IT036	L-Lactate (C)	2/18/2015 fluoroDangl_ML3_set1	36	5794513	10221	3449386	3434993	497	515	777.323602625028	0.127769831944412	0.181828862168843	1.29839258042657	1.27818663106634	0.0619803611839704	-0.0056795615611693	-0.00527710575247257	1.12807430332476	TRUE
set1IT037	D,L-Lactate (C)	2/18/2015 fluoroDangl_ML3_set1	37	2020623	3612	1203834	1198697	172	515	271.259787282191	0.10281348598946	0.221125669052636	1.29998554200669	1.27818663106634	0.0834793997261962	-0.0317709896152549	0.000634369210782068	1.28260093999279	TRUE
set1IT038	pyruvate (C)	2/18/2015 fluoroDangl_ML3_set1	38	4693587	8966	2792108	2780837	401	515	629.291016066984	0.165091010780214	0.190427419801053	1.31396471657694	1.27818663106634	0.169886342832234	0.06701707988361	5.57197538032964e-05	3.43787234756052	TRUE
set1IT039	succinate (C)	2/18/2015 fluoroDangl_ML3_set1	39	2878530	9077	1708187	1701316	245	515	385.000226295542	0.111376406704599	0.198968517474378	1.26367717485351	1.27818663106634	0.0990342519422472	-0.0314751983443271	-0.00654231067846575	1.22271599449458	TRUE
set1IT040	Xylitol (C)	2/18/2015 fluoroDangl_ML3_set1	40	3137033	8888	1863028	1855507	265	515	419.892962208644	0.217170248347865	0.199665605838285	1.29803488857637	1.27818663106634	0.133478547102272	0.00929316416399422	-0.00598484489734316	2.76044415925231	TRUE
set1IT041	D-Glucose (C)	2/18/2015 fluoroDangl_ML3_set1	41	3419480	5374	2035046	2026654	293	515	458.622765331523	0.161610984028085	0.19686337464809	1.29099623533547	1.27818663106634	0.0767245022874383	0.00637924112237968	-0.00660072326587078	1.67453185584369	TRUE
set1IT042	D-Fructose (C)	2/18/2015 fluoroDangl_ML3_set1	42	3319037	8039	1974785	1966947	284	515	445.111337406653	0.12918883394891	0.211825665272111	1.29278174922785	1.27818663106634	0.171819374390076	0.0286435660776429	-0.00509986492617032	2.08856446651589	TRUE
set1IT043	Sucrose (C)	2/18/2015 fluoroDangl_ML3_set1	43	3484115	5068	2076228	2067691	299	515	467.909255487667	0.125773927204132	0.1880030852805	1.3184475261524	1.27818663106634	0.101419482170367	0.0869732147903244	-0.0146650344595606	1.05653420677187	TRUE
set1IT044	L-Arabinose (C)	2/18/2015 fluoroDangl_ML3_set1	44	2704356	5522	1607659	1601002	231	515	362.299615297579	0.178353666708523	0.198541237875683	1.29444735846526	1.27818663106634	0.144662054439503	0.014109681757461	-0.0140845456107695	1.9085400392576	TRUE
set1IT045	Time0	2/18/2015 fluoroDangl_ML3_set1	45	2357450	7674	1397562	1392431	194	320	315.100927811722	0.0110643421137387	0.210504648228719	1.26710407014284	1.27753397552891	0.00535358364598556	-0.016706301102694	-0.00447293870444909	1.76088048468962	FALSE
set1IT046	Time0	2/18/2015 fluoroDangl_ML3_set1	46	3877230	12532	2300207	2291659	320	194	518.592215433356	0.0110643421137387	0.210504648228719	1.27753397552891	1.26710407014284	0.00535358364598556	-0.016706301102694	0.00447293870444909	1.90333016754653	FALSE
set1IT047	Time0	2/19/2015 fluoroDangl_ML3_set1	47	3473178	11384	2060734	2053002	287	421	464.585200271555	-0.0329549727381266	0.187761512982725	1.2829339632715	1.2871262123447	0.0241260336598006	0.0302743757078134	-0.0161607432058793	1.5337503302332	FALSE
set1IT048	Time0	2/19/2015 fluoroDangl_ML3_set1	48	5142436	16937	3051949	3040746	421	287	688.107264086898	-0.0329549727381266	0.187761512982725	1.2871262123447	1.2829339632715	0.0241260336598006	0.0302743757078134	0.0161607432058793	1.02057690546857	FALSE
set2IT049	D-Xylose (C)	2/18/2015 fluoroDangl_ML3_set2	49	2566721	6482	1524888	1518679	220	439	343.670287395338	0.150398252403041	0.213746261039479	1.29218075149331	1.27358370304867	0.222368961360342	-0.026331821630117	0.00174227740830818	2.33524685291617	TRUE
set2IT050	D-Galactose (C)	2/18/2015 fluoroDangl_ML3_set2	50	2303714	4305	1370252	1364657	199	439	308.81579542883	0.11532225154524	0.207853222927659	1.30666133823405	1.27358370304867	0.0768077196836515	-0.00801736477701472	-0.0038649613982555	1.47321532279764	TRUE
set2IT051	D-Ribose (C)	2/18/2015 fluoroDangl_ML3_set2	51	2936283	6889	1745503	1738403	254	439	393.392849060874	0.119758435063988	0.202924867520476	1.28215756619476	1.27358370304867	0.115471751302579	-0.0267920121247042	-0.0038694223934662	1.10533047193285	TRUE
set2IT052	a-Ketoglutaric (C)	2/18/2015 fluoroDangl_ML3_set2	52	2116382	5435	1258455	1253145	184	439	283.581126951799	0.116147621051587	0.213586470432571	1.29373120305671	1.27358370304867	0.121098958819658	0.0355346764891846	-0.006028108681754	0.851427426750609	TRUE
set2IT053	D-Gluconic Acid (C)	2/18/2015 fluoroDangl_ML3_set2	53	2607882	6305	1550444	1543923	224	439	349.382892057026	0.145083724677356	0.211178732605813	1.27885937299548	1.27358370304867	0.115222575694724	0.036736631223722	-0.0089652601800824	1.6000935634967	TRUE
set2IT054	D-Glucose-6-Phosphate (C)	2/18/2015 fluoroDangl_ML3_set2	54	2969442	7481	1533453	1527387	215	439	345.640868974881	0.210158758634209	0.212139946851717	1.29545588352617	1.27358370304867	0.219523705802603	0.0487230620564894	-0.000914252478667266	4.52712896999139	TRUE
set2IT055	acetate (C)	2/18/2015 fluoroDangl_ML3_set2	55	2437704	6691	1447580	1441203	208	439	326.137813985064	0.160289348310029	0.246845124641161	1.27684020535883	1.27358370304867	0.164681028393114	0.0639727273682975	-0.0193972655910219	1.77129004911543	TRUE
set2IT056	Fumarate (C)	2/18/2015 fluoroDangl_ML3_set2	56	3187194	8717	1893477	1885583	271	439	426.69902692917	0.130152581698422	0.255116722498785	1.33219643034119	1.27358370304867	0.139968492232336	0.0444483431969221	-0.0224351179766832	1.90300414046508	TRUE
set2IT057	2-Deoxy-D-Ribose (C)	2/18/2015 fluoroDangl_ML3_set2	57	3019747	11888	1792383	1785177	254	439	403.977596741344	0.155907578282453	0.216291145938567	1.31950135749282	1.27358370304867	0.191698443238597	0.017564562822385	-0.0138081456343947	1.92023272906182	TRUE
set2IT058	Trisodium citrate (C)	2/18/2015 fluoroDangl_ML3_set2	58	2836493	7683	1626635	1619966	129	439	366.591083955646	0.142634966029667	0.245439136842666	1.30408678212718	1.27358370304867	0.15799590802631	0.0220248866793157	0.0275654484315795	10.3533623881003	TRUE
set2IT059	D-Lactate (C)	2/18/2015 fluoroDangl_ML3_set2	59	2048889	4127	1217945	1213056	176	439	274.50916496945	0.15286172641766	0.215081785060168	1.28662122615141	1.27358370304867	0.0849877284037327	-0.00278065199014061	0.00891384775408028	1.25576764018876	TRUE
set2IT060	L-Lactate (C)	2/18/2015 fluoroDangl_ML3_set2	60	2572566	4642	1530224	1524048	221	439	344.885268160217	0.144791001470658	0.20178534622752	1.29896694644405	1.27358370304867	0.0977713548441949	-0.0205888712969833	-0.00685284972036769	1.27994698304972	TRUE
set2IT061	D,L-Lactate (C)	2/18/2015 fluoroDangl_ML3_set2	61	2944570	6033	1751619	1744443	255	439	394.75967413442	0.106604504644959	0.210675624249902	1.29915283679876	1.27358370304867	0.0975228452093632	0.00285279354631131	-0.00155806525438794	1.83485736813544	TRUE
set2IT062	pyruvate (C)	2/18/2015 fluoroDangl_ML3_set2	62	3236865	6324	1923151	1915367	278	439	433.439013351437	0.173279200327302	0.195118373294404	1.29176612437711	1.27358370304867	0.101518936126377	0.0326829138481671	0.00935980918260235	2.98364693712756	TRUE
set2IT063	succinate (C)	2/18/2015 fluoroDangl_ML3_set2	63	1742803	5319	1033978	1029732	149	439	233.023761031908	0.103889531631889	0.215003466528768	1.28856949794093	1.27358370304867	0.087437701980391	-0.00899946322596699	-0.0115802777822447	1.64915702139811	TRUE
set2IT064	Xylitol (C)	2/18/2015 fluoroDangl_ML3_set2	64	2940031	8224	1747208	1740102	250	439	393.777325186694	0.191709097377844	0.220867003726145	1.31451062332488	1.27358370304867	0.191972195155302	0.0350886540027745	0.00245904849290905	2.48188560484809	TRUE
set2IT065	D-Mannitol (C)	2/18/2015 fluoroDangl_ML3_set2	65	2717374	3982	1618339	1611878	232	439	364.760805612129	0.16712971854329	0.199120977519392	1.29824909841785	1.27358370304867	0.178753867628505	0.00571969968858391	-0.00206055812671522	1.39462910369411	TRUE
set2IT066	m-Inositol (C)	2/18/2015 fluoroDangl_ML3_set2	66	2805073	6252	1668009	1661372	239	439	375.96107716678	0.162921313696962	0.21102592089755	1.28010791919274	1.27358370304867	0.104743158929871	0.00542346759565072	-0.00303961098282558	1.13049240739022	TRUE
set2IT067	D-Galacturonic Acid (C)	2/18/2015 fluoroDangl_ML3_set2	67	2525727	3742	1504410	1498233	218	439	339.04344874406	0.154997286012029	0.216086323191407	1.28950661719499	1.27358370304867	0.115128983003077	-0.041818770588983	-0.0122363984781031	1.60787863468309	TRUE
set2IT068	Ethanol (C)	2/18/2015 fluoroDangl_ML3_set2	68	2655600	6973	1578758	1572322	227	439	355.809459153655	0.119765518681554	0.212288467115961	1.31932629969908	1.27358370304867	0.141257010670456	0.036544128683892	-0.0104051594240509	1.17890893820649	TRUE
set2IT069	Glycerol (C)	2/18/2015 fluoroDangl_ML3_set2	69	1910523	3929	1136120	1131549	163	439	256.064494229464	0.150613949577091	0.223920606905015	1.29335894269059	1.27358370304867	0.143373328650362	0.0355352343419196	-0.0112702427068853	1.22713840419214	TRUE
set2IT070	D-Sorbitol (C)	2/18/2015 fluoroDangl_ML3_set2	70	2344044	6126	1391650	1386004	199	439	313.646526363431	0.183520192645046	0.21041397444229	1.30116953472056	1.27358370304867	0.12112673912432	0.0234775318723807	-0.0118575504817768	2.09857800102834	TRUE
set2IT071	L-Malic (C)	2/18/2015 fluoroDangl_ML3_set2	71	1847616	5620	1097693	1093067	159	439	247.356189183073	0.0741666767556299	0.225703168851246	1.30595713797558	1.27358370304867	0.0971948581440158	0.0464708466941369	-0.012827302693501	1.52594201943381	FALSE
set2IT072	D-Trehalose (C)	2/18/2015 fluoroDangl_ML3_set2	72	3210016	7669	1909690	1901990	272	439	430.4118578864	0.142073356924353	0.205634991086457	1.30333087601003	1.27358370304867	0.117856670208998	0.00901420766795692	-0.0119628192086944	1.1057992453166	TRUE
set2IT073	L-Arginine (C)	2/18/2015 fluoroDangl_ML3_set2	73	2796556	9242	1656760	1649757	237	439	373.332654446707	0.171844045051521	0.201587578355069	1.30562628255826	1.27358370304867	0.165989292029105	0.0149522315329274	-0.00851341283165655	1.51411904802936	TRUE
set2IT074	L-Histidine (C)	2/18/2015 fluoroDangl_ML3_set2	74	2349688	7477	1392446	1387054	201	439	313.884136682507	0.171931736833875	0.198551879838894	1.32970544547908	1.27358370304867	0.103735870117141	0.0275634094258678	-0.0334516723645488	1.53451923988227	TRUE
set2IT075	L-Asparagine (C)	2/18/2015 fluoroDangl_ML3_set2	75	2198161	6776	1303920	1298565	186	439	293.859470468432	0.11488110337568	0.211906586403831	1.27301849440642	1.27358370304867	0.148163220977284	-0.0296439824684471	-0.0172977654289534	1.41767439450061	TRUE
set2IT076	L-Glutamine (C)	2/18/2015 fluoroDangl_ML3_set2	76	2845167	8588	1680189	1672886	241	439	378.566644037112	0.106355574377337	0.208494312149711	1.30444066815852	1.27358370304867	0.119855851023719	0.0264824832595641	-0.0104312453503822	2.83802242359226	TRUE
set2IT078	L-Alanine (C)	2/18/2015 fluoroDangl_ML3_set2	78	3382886	8146	2012382	2003910	291	439	453.475899524779	0.109256232022147	0.208740347203208	1.29462074889163	1.27358370304867	0.100586779852704	0.041387365686406	-0.00455615594939686	1.113027097798	TRUE
set2IT079	L-Valine (C)	2/18/2015 fluoroDangl_ML3_set2	79	3481748	9025	2027348	2019894	264	439	457.093007467753	0.220480954218604	0.471448097629938	1.39993060688864	1.27358370304867	0.170482255789231	0.00775623338965016	-0.0100430237634368	8.33142809459248	TRUE
set2IT081	L-Leucine (C)	2/18/2015 fluoroDangl_ML3_set2	81	1203237	3434	714443	711499	103	439	161.009051821679	0.145823012676979	0.269007791534114	1.30666133823405	1.27358370304867	0.118046274865154	0.0634572951859372	-0.00537266821612993	1.93073561252033	TRUE
set2IT083	D-Alanine (C)	2/18/2015 fluoroDangl_ML3_set2	83	3104016	6350	1846888	1839429	265	439	416.254582484725	0.143128056444611	0.197940148677247	1.30932805810773	1.27358370304867	0.121075328523229	0.0134619463361796	-0.0104499689802274	1.00610424031591	TRUE
set2IT084	Gly-Glu (C)	2/18/2015 fluoroDangl_ML3_set2	84	2203603	7592	1308847	1303460	181	439	294.967187146413	0.247876991383096	0.224925603675144	1.30306906763605	1.27358370304867	0.241660895733903	0.0405094603445216	0.00274870882472184	4.52513417251899	TRUE
set2IT085	L-Citrulline (C)	2/18/2015 fluoroDangl_ML3_set2	85	1910273	5910	1132497	1127553	160	439	255.16021724372	0.172100385068482	0.223043434749818	1.28330680086006	1.27358370304867	0.165148235709714	0.0384888816639325	-0.00951156371495724	2.53482030236539	TRUE
set2IT086	D-Mannitol (C)	2/18/2015 fluoroDangl_ML3_set2	86	2431838	4052	1445936	1439783	209	439	325.816474315456	0.137628717907644	0.218982955997954	1.30256277002043	1.27358370304867	0.110246151759855	0.0303428105308416	-0.00662332024283017	1.44053244506104	TRUE
set2IT087	m-Inositol (C)	2/18/2015 fluoroDangl_ML3_set2	87	3715751	8193	2210190	2201153	319	439	498.111111111111	0.153530382073981	0.198400390164645	1.30769208959177	1.27358370304867	0.16669642295547	-0.0281512977695292	-0.000716289024996897	1.16261053819004	TRUE
set2IT088	D-Galacturonic Acid (C)	2/18/2015 fluoroDangl_ML3_set2	88	1524745	2637	907507	903707	131	439	204.504865354153	0.136356970159291	0.236089089346845	1.30954437043153	1.27358370304867	0.144857071311147	0.0376031539684415	-0.0190252344091317	1.3899781311203	TRUE
set2IT089	Ethanol (C)	2/18/2015 fluoroDangl_ML3_set2	89	2416496	6535	1436250	1430249	207	439	323.658972618239	0.160176004225377	0.223610388002479	1.26793320524663	1.27358370304867	0.159941667903379	0.0206175632388504	-0.0202489372430849	1.40320675929185	TRUE
set2IT090	Glycerol (C)	2/18/2015 fluoroDangl_ML3_set2	90	1335829	2587	794435	791080	114	439	179.017877347816	0.0944885913969995	0.244243662252357	1.29245089381053	1.27358370304867	0.103810390631259	-0.0158352877163701	-0.00983552056336466	1.22569665961816	FALSE
set2IT091	D-Sorbitol (C)	2/18/2015 fluoroDangl_ML3_set2	91	2649077	6636	1576624	1570110	225	439	355.3088934148	0.176354891476901	0.215622863021327	1.31056823272282	1.27358370304867	0.139609654042481	0.0858999619065138	-0.00121855747024221	1.79697420195899	TRUE
set2IT092	L-Malic (C)	2/18/2015 fluoroDangl_ML3_set2	92	2235693	6614	1327678	1322150	191	439	299.196650825979	0.125586258308695	0.208414192802871	1.27612440527424	1.27358370304867	0.080196593593421	0.0419710836442721	-0.0140800050370745	1.06595275032264	TRUE
set2IT093	D-Trehalose (C)	2/18/2015 fluoroDangl_ML3_set2	93	3145458	7601	1871986	1864166	270	439	421.85245530663	0.13170665986188	0.212743872964515	1.3040061868901	1.27358370304867	0.121889838488021	0.0048838462239383	-0.00652849513880086	1.28612782666072	TRUE
set2IT094	L-Arginine (C)	2/18/2015 fluoroDangl_ML3_set2	94	3154314	10009	1870046	1861931	269	439	421.34668477031	0.156216109131653	0.199488340961892	1.30528433876749	1.27358370304867	0.157707502053891	0.0396731697872163	-8.98636550770196e-05	1.94786549004255	TRUE
set2IT095	Time0	2/18/2015 fluoroDangl_ML3_set2	95	3328481	10713	1975211	1968012	272	168	445.352342158859	-0.0181063517325805	0.212843457298322	1.28379296600059	1.28068642419583	0.00430044447316809	-0.0466524731684939	-0.0189341821737615	1.70103971991467	FALSE
set2IT096	Time0	2/18/2015 fluoroDangl_ML3_set2	96	2027399	6595	1202889	1198410	168	272	271.194840461643	-0.0181063517325805	0.212843457298322	1.28068642419583	1.28379296600059	0.00430044447316809	-0.0466524731684939	0.0189341821737615	1.38849514190713	FALSE
set3IT001	L-Histidine (C)	2/18/2015 fluoroDangl_ML3_set3	97	1871274	5933	1108602	1103997	158	610	249.829599456891	0.142232689133956	0.2432855211969	1.30666133823405	1.29335894269059	0.150855098649198	0.0344734318784157	-0.0260394804122449	2.00150510138398	TRUE
set3IT002	L-Asparagine (C)	2/18/2015 fluoroDangl_ML3_set3	98	2456779	7752	1458323	1452043	207	610	328.590857660104	0.135864038822209	0.22009230964458	1.30444066815852	1.29335894269059	0.153398384809809	0.0215655508754052	-0.0237733063670723	1.84762431465102	TRUE
set3IT003	L-Glutamine (C)	2/18/2015 fluoroDangl_ML3_set3	99	3387615	10198	2000640	1991294	285	610	450.620954967187	0.121198516436134	0.211248957688328	1.29956028185891	1.29335894269059	0.114460054469901	-0.0428768562950819	-0.0305616103465798	2.97285278202246	TRUE
set3IT004	L-Proline (C)	2/18/2015 fluoroDangl_ML3_set3	100	1468459	4547	871720	867398	123	610	196.28830052048	0.0980019513864239	0.67210351343219	1.4502521918629	1.29335894269059	0.106921776385683	0.0155732030054358	-0.00875858320774917	2.27629448378793	FALSE
set3IT005	L-Alanine (C)	2/18/2015 fluoroDangl_ML3_set3	101	2771641	6766	1645792	1638520	235	610	370.789771441503	0.165058541171758	0.218457101212843	1.29146281416031	1.29335894269059	0.110145690789882	0.0238964633893006	-0.00852853117948501	1.42367658370968	TRUE
set3IT006	L-Valine (C)	2/18/2015 fluoroDangl_ML3_set3	102	3205117	8424	1890807	1882772	245	610	426.06291016067	0.191695727304478	0.451330941535513	1.37262005798227	1.29335894269059	0.149971587513915	0.0291023698103445	-0.0129150420292751	8.50672505703074	TRUE
set3IT007	L-Isoleucine (C)	2/18/2015 fluoroDangl_ML3_set3	103	2927227	7241	1741974	1734368	250	610	392.479746548993	0.175371594874882	0.215489593901133	1.31925396058904	1.29335894269059	0.145415595156593	0.0351165000670283	-0.0258992999903209	1.14892288000963	TRUE
set3IT008	L-Leucine (C)	2/18/2015 fluoroDangl_ML3_set3	104	3248413	7874	1929861	1921647	278	610	434.860149355058	0.193532556398058	0.211860603672683	1.29698173775713	1.29335894269059	0.181196611001173	-0.00126204703596306	-0.0178328852496956	1.74978769400071	TRUE
set3IT009	L-Tryptophan (C)	2/18/2015 fluoroDangl_ML3_set3	105	3634487	8726	2159918	2150854	311	610	486.728671645169	0.189516345968636	0.199660014920038	1.29545588352617	1.29335894269059	0.115711557000193	0.031015845362816	-0.0256232646222606	1.36779841123058	TRUE
set3IT010	D-Alanine (C)	2/18/2015 fluoroDangl_ML3_set3	106	3475004	6945	2067106	2058441	296	610	465.816021724372	0.138461366887866	0.203113262567566	1.30666133823405	1.29335894269059	0.130048163505144	0.0565688175413539	-0.00424410092853851	1.22902510526589	TRUE
set3IT011	Gly-Glu (C)	2/18/2015 fluoroDangl_ML3_set3	107	3313798	11181	1967137	1958983	266	610	443.309119710342	0.309564917340825	0.228540039453622	1.28950661719499	1.29335894269059	0.282417702922732	0.052577355912004	0.000681389600940967	5.42885372895464	TRUE
set3IT012	L-Citrulline (C)	2/18/2015 fluoroDangl_ML3_set3	108	4273386	13439	2532923	2521491	357	610	570.602172437203	0.203914181965211	0.20730422300505	1.29905362863478	1.29335894269059	0.161902601642216	0.0131815565362355	-0.00623396541607639	2.21203972260221	TRUE
set3IT013	casaminos (C)	2/18/2015 fluoroDangl_ML3_set3	109	3136606	6140	1868011	1860110	272	610	420.934600588368	0.0525187590663691	0.205262727254609	1.27778099120298	1.29335894269059	0.0403507299169353	-0.00425928568066126	-0.00304007752576847	0.965409083489732	FALSE
set3IT014	Putrescine (C)	2/18/2015 fluoroDangl_ML3_set3	110	2865939	7217	1705332	1698090	243	610	384.270196877122	0.216217671940931	0.212990420419336	1.29873027222384	1.29335894269059	0.231007019393161	0.0783409431137873	-0.00172148219010452	1.98639451547505	TRUE
set3IT015	NAG (C)	2/18/2015 fluoroDangl_ML3_set3	111	3497038	9093	2076665	2067989	297	610	467.976691559176	0.232319606273588	0.204928544899186	1.30256277002043	1.29335894269059	0.197518031343023	0.012191901610087	-0.0216284780379217	2.52077350489533	TRUE
set3IT016	D-Glucosamine Hydrochloride (C)	2/18/2015 fluoroDangl_ML3_set3	112	4403019	9777	2710150	2699678	289	610	610.925096175605	0.166520877049411	0.196237484599814	1.29768054864069	1.29335894269059	0.149290664812131	0.0255533247749966	-3.75715257107875e-05	7.73459082726832	TRUE
set3IT017	Uridine (C)	2/18/2015 fluoroDangl_ML3_set3	113	3656177	10158	2170293	2161101	315	610	489.047522063815	0.189906641509701	0.21125591218608	1.29956028185891	1.29335894269059	0.173772579494682	0.0547523102118518	-0.0103591704625998	1.82269239929737	TRUE
set3IT018	Inosine (C)	2/18/2015 fluoroDangl_ML3_set3	114	3692477	6246	2196963	2187718	316	610	495.070830504639	0.191762556844956	0.198537702240338	1.28688114778816	1.29335894269059	0.212089355351863	0.0265146286300747	-0.0167135279304512	1.16585288241358	TRUE
set3IT019	Cytidine (C)	2/18/2015 fluoroDangl_ML3_set3	115	3975718	11748	2359038	2349035	341	610	531.576148449876	0.192864721831651	0.19817453110234	1.28010791919273	1.29335894269059	0.181979539660703	0.0148133406970981	-0.0177882018482598	1.6167377702876	TRUE
set3IT020	D-Mannose (C)	2/18/2015 fluoroDangl_ML3_set3	116	3893266	5629	2319264	2309419	333	610	522.611224258882	0.204969464180146	0.201024905408919	1.30415339315939	1.29335894269059	0.116820445503784	0.0184800453822459	0.00114288672035764	1.38012544354579	TRUE
set3IT021	octanoate (C)	2/18/2015 fluoroDangl_ML3_set3	117	3751502	8451	2236778	2227407	311	610	504.052274270197	0.327781187888209	0.236624162059177	1.29624145122371	1.29335894269059	0.238816080729558	0.036912467757426	-0.0402310779686549	2.74097321459981	TRUE
set3IT022	casaminos (C)	2/18/2015 fluoroDangl_ML3_set3	118	3680658	7829	2188805	2179452	318	610	493.20027155465	0.0967390162857721	0.196926336954787	1.28189343308511	1.29335894269059	0.0898687707585018	0.00256011134114958	0.00334277668144099	0.955653672477348	FALSE
set3IT023	Putrescine (C)	2/18/2015 fluoroDangl_ML3_set3	119	2910313	7641	1730540	1723094	246	610	389.928490608735	0.216670671189674	0.219885768269691	1.29373120305671	1.29335894269059	0.187168298472862	0.0076576226115342	-0.0077498884562461	1.86179662943307	TRUE
set3IT024	NAG (C)	2/18/2015 fluoroDangl_ML3_set3	120	3250388	8668	1928883	1920718	277	610	434.64992079656	0.226431821752651	0.225667325458987	1.29335894269059	1.29335894269059	0.148077920540781	0.0213583082968242	-0.0199217259549903	2.49798318935335	TRUE
set3IT025	D-Glucosamine Hydrochloride (C)	2/18/2015 fluoroDangl_ML3_set3	121	2795814	5780	1736161	1729528	161	610	391.38447612582	0.157249424865067	0.234273564001116	1.30485458152842	1.29335894269059	0.093402261388031	0.0179725417760246	0.0033336940850794	8.33726799695617	TRUE
set3IT026	Uridine (C)	2/18/2015 fluoroDangl_ML3_set3	122	3027460	7736	1800056	1792304	258	610	405.59040506902	0.156500521295496	0.210710866564223	1.30932805810773	1.29335894269059	0.154580248593833	0.0238932195201392	-0.00922260999773367	1.59530409748244	TRUE
set3IT027	Inosine (C)	2/18/2015 fluoroDangl_ML3_set3	123	3438480	4898	2044233	2035285	291	610	460.575922154334	0.197665436924484	0.202141398488928	1.29326433663522	1.29335894269059	0.129340690326143	-0.0106381003734105	-0.0180607694578575	1.26242651636052	TRUE
set3IT028	Cytidine (C)	2/18/2015 fluoroDangl_ML3_set3	124	3761768	10880	2233840	2224487	324	610	503.391491287622	0.173681189642142	0.206298964764499	1.3137772537665	1.29335894269059	0.12838212495067	0.0844172730468905	-0.0114649032500393	1.73576643234552	TRUE
set3IT029	D-Mannose (C)	2/18/2015 fluoroDangl_ML3_set3	125	3824905	5516	2276104	2266583	329	610	512.91762842272	0.188172479673219	0.201454099914639	1.28630418515664	1.29335894269059	0.140471722984166	0.0739252681370105	-0.0188273362018613	1.77132330092308	TRUE
set3IT030	octanoate (C)	2/18/2015 fluoroDangl_ML3_set3	126	3143906	7151	1877137	1869195	259	610	422.990495587237	0.330836087694143	0.247289945545062	1.32192809488736	1.29335894269059	0.227541293920903	0.07866378947832	-0.0317838401164621	2.82216020068868	TRUE
set3IT031	Time0	2/18/2015 fluoroDangl_ML3_set3	127	3948218	12886	2341078	2332359	323	289	527.802443991853	-0.0105824093023927	0.209702658165339	1.27985381174322	1.29304697490023	0.013348639518678	-0.022035212149236	0.0235015610879471	1.36275180856174	FALSE
set3IT032	Time0	2/18/2015 fluoroDangl_ML3_set3	128	3539109	11772	2098545	2090662	289	323	473.107490382439	-0.0105824093023927	0.209702658165339	1.29304697490023	1.27985381174322	0.013348639518678	-0.022035212149236	-0.0235015610879472	1.48680624800011	FALSE
set3IT033	Chloramphenicol 0.0075 mg/ml	3/2/2015 fluoroDangl_ML3_set3	129	2765309	11051	1640476	1633449	239	517	369.642226748133	0.107753919301658	0.208492713556963	1.29133977505394	1.276012259832	0.154655380782673	-0.0135769351120341	-0.0161626218691068	1.31797558199318	TRUE
set3IT034	Chloramphenicol 0.015 mg/ml	3/2/2015 fluoroDangl_ML3_set3	130	3296193	13872	1954667	1946289	285	517	440.436524100475	0.188088713879332	0.206985372782232	1.29585458327747	1.276012259832	0.122577410574075	0.0342753132040289	-0.02966363827213	1.73036562599774	TRUE
set3IT035	Tetracycline 0.001 mg/ml	3/2/2015 fluoroDangl_ML3_set3	131	3680831	11186	2188706	2178872	315	517	493.069020140303	0.20603227667138	0.211098685130544	1.30319153230578	1.276012259832	0.184304994837493	0.0038744254708317	-0.0412692754871316	3.53021841975564	TRUE
set3IT036	Spectinomycin 0.2 mg/ml	3/2/2015 fluoroDangl_ML3_set3	132	3539708	10938	2102779	2094002	304	517	473.863317492645	0.0987321280796292	0.217476276368302	1.29373120305671	1.276012259832	0.103257165081571	0.0216802390525322	-0.00993903324623577	1.1771753236808	FALSE
set3IT037	Spectinomycin 0.4 mg/ml	3/2/2015 fluoroDangl_ML3_set3	133	2306085	7082	1368977	1363155	198	517	308.475899524779	0.167767456375761	0.241491635787561	1.31278744103089	1.276012259832	0.133887299600883	0.00721384039373406	-0.0248142237481559	2.25230623741981	TRUE
set3IT038	Nalidixic 0.015 mg/ml	3/2/2015 fluoroDangl_ML3_set3	134	3066824	11657	1826026	1817654	253	517	411.326997058158	0.193458531575331	0.232554343721474	1.29865831556452	1.276012259832	0.169244025136865	-0.00308554980683703	0.00439766323506815	3.18283551940829	TRUE
set3IT039	Nalidixic 0.025 mg/ml	3/2/2015 fluoroDangl_ML3_set3	135	3211622	14497	1914038	1905298	260	517	431.160443539262	0.224588721269141	0.246379274397563	1.31817596002626	1.276012259832	0.219917439521892	0.0186539716810825	-0.0103342569250842	5.25637158721903	TRUE
set3IT040	Gentamicin 0.008 mg/ml	3/2/2015 fluoroDangl_ML3_set3	136	4170975	10719	2656416	2642802	214	517	598.054310930075	0.261064149607252	0.408617336393287	1.37280926388955	1.276012259832	0.166214023300727	0.111046499454939	-0.0223535946950566	8.67197621512357	TRUE
set3IT041	LB	3/2/2015 fluoroDangl_ML3_set3	137	3559337	11345	2110759	2102027	304	517	475.679339217017	0.0467502975648899	0.202762549664629	1.28112187849948	1.276012259832	0.0635584451742324	0.00455740212258717	0.00313770084213862	1.57642156562231	FALSE
set3IT042	methylglyoxal 0.016 vol%	3/2/2015 fluoroDangl_ML3_set3	138	3239009	10773	1923935	1915555	281	517	433.481556913329	0.00294191951773094	0.210874755954382	1.29956028185891	1.276012259832	0.0527428714954194	0.0294502056452458	-0.00665361157567289	1.6010948400923	FALSE
set3IT043	methylglyoxal 0.032 vol%	3/2/2015 fluoroDangl_ML3_set3	139	3766215	12525	2212277	2201370	286	517	498.16021724372	0.200285175914827	0.482614310748609	1.40599235967584	1.276012259832	0.0505309789938781	0.0583087318951831	-0.052762730993415	7.7452699664485	TRUE
set3IT044	2-Furfuraldehyde 0.03 vol%	3/2/2015 fluoroDangl_ML3_set3	140	3942736	11671	2341638	2331834	343	517	527.683638832315	0.137768470246774	0.200629353694286	1.31049319982508	1.276012259832	0.0796725869447674	-0.0128067204119756	0.0181586530064628	1.29589926370612	TRUE
set3IT045	2-Furfuraldehyde 0.06 vol%	3/2/2015 fluoroDangl_ML3_set3	141	3482364	10493	2070106	2061246	300	517	466.45078071962	0.121577340203449	0.215482945726788	1.28998520238461	1.276012259832	0.152525196249472	0.0400636608034668	0.0307863312609102	1.61489258778672	TRUE
set3IT046	5-Hydroxymethylfurfural 5 mM	3/2/2015 fluoroDangl_ML3_set3	142	3254388	10268	1935370	1927304	284	517	436.140303236026	0.0753346361689135	0.203312102939526	1.28472947693311	1.276012259832	0.0615506862160044	0.0140904766956207	0.00633157079999866	1.09422023037433	FALSE
set3IT047	Time0	3/2/2015 fluoroDangl_ML3_set3	143	2950451	9667	1750819	1744458	243	275	394.763068567549	-0.0200566813299914	0.226822104001751	1.29433053632333	1.27231764666813	-0.0189792974954413	-0.0138589493190197	0.00537602422930968	1.67936611690047	FALSE
set3IT048	Time0	3/2/2015 fluoroDangl_ML3_set3	144	3342043	11148	1982633	1975173	275	243	446.972844534963	-0.0200566813299914	0.226822104001751	1.27231764666813	1.29433053632333	-0.0189792974954413	-0.0138589493190197	-0.00537602422930968	1.34733881108147	FALSE
set4IT049	5-Hydroxymethylfurfural 10 mM	3/2/2015 fluoroDangl_ML3_set4	145	3523306	11175	2096788	2087708	307	473	472.439013351437	0.0669443025271496	0.206175528796342	1.30319153230578	1.28148716885886	0.0521904714374274	-0.0480769565930651	0.012232374805307	1.18384471073162	FALSE
set4IT050	Vanillin 5 mM	3/2/2015 fluoroDangl_ML3_set4	146	3585029	11307	2135310	2126179	310	473	481.144829146866	0.0432936140489294	0.216612240341589	1.28523015194799	1.28148716885886	0.0674926451331274	-0.0315233954170382	0.00181243448713369	1.34153687329705	FALSE
set4IT051	syringaldehyde 10 mM	3/2/2015 fluoroDangl_ML3_set4	147	3559700	10801	2116126	2107506	306	473	476.919212491514	0.0566123061512287	0.213959577919869	1.31259023030803	1.28148716885886	0.0415086944581666	-0.0379169903337809	0.0185343226376038	1.22309278018222	FALSE
set4IT052	syringaldehyde 15 mM	3/2/2015 fluoroDangl_ML3_set4	148	3122864	9372	1856713	1848748	268	473	418.363430640416	0.0545571810210298	0.230933178300843	1.29133977505394	1.28148716885886	0.0709882476795745	-0.0154835051500553	-0.00107398009701841	1.6473161047461	FALSE
set4IT053	Dimethyl Sulfoxide 5 vol%	3/2/2015 fluoroDangl_ML3_set4	149	3167552	7905	1889295	1881492	237	473	425.773251866938	0.138059879193167	0.232038137502878	1.2999390911143	1.28148716885886	0.185576721868156	-0.0160980420321423	-0.0247462337558006	5.06696758056568	TRUE
set4IT054	LB	3/2/2015 fluoroDangl_ML3_set4	150	3681230	11809	2189841	2180610	319	473	493.462321792261	0.0871256424101354	0.216803153673474	1.29768054864069	1.28148716885886	0.0411539282305859	0.0314895926331756	-0.00087531256945272	1.11580123187312	FALSE
set4IT055	Choline chloride 300 mM	3/2/2015 fluoroDangl_ML3_set4	151	3640602	10253	2172724	2163730	280	473	489.642453043675	0.169624146273978	0.269979397338733	1.32192809488736	1.28148716885886	0.180392523137123	0.0671663763650589	-0.0305011018681705	3.44526239468306	TRUE
set4IT056	Cholin acetate 15 mM	3/2/2015 fluoroDangl_ML3_set4	152	3571665	11248	2124604	2115705	308	473	478.77460964019	0.00674010642553585	0.217709908798922	1.28860802168734	1.28148716885886	0.0321047600980443	0.0361270458124753	-0.0157522747866997	1.27626499578223	FALSE
set4IT057	Cholin acetate 30 mM	3/2/2015 fluoroDangl_ML3_set4	153	3085521	10037	1836852	1829231	267	473	413.946820547635	0.0434783162973247	0.220586906109682	1.29545588352617	1.28148716885886	0.0664745904651799	-0.00383448070983763	-0.00105120136581481	1.36592816473997	FALSE
set4IT058	acetate 40 mM	3/2/2015 fluoroDangl_ML3_set4	154	3202582	9979	1905336	1897403	278	473	429.373840235347	0.058219512775774	0.211319118266698	1.30256277002043	1.28148716885886	0.0401636739644522	0.0377045191797464	-0.00450670341263881	1.6130528663821	FALSE
set4IT059	acetate 60 mM	3/2/2015 fluoroDangl_ML3_set4	155	3475349	10774	2068049	2059374	300	473	466.027155465037	0.030528439350432	0.21448032049786	1.31288295528436	1.28148716885886	0.0711664630334638	0.027919619125992	0.00264334725967505	2.88579695021873	FALSE
set4IT060	1-ethyl-3-methylimidazolium lysine 20 mM	3/2/2015 fluoroDangl_ML3_set4	156	2777922	8039	1649025	1642186	237	473	371.619370898393	0.0616658043863697	0.208654014932759	1.3005544440948	1.28148716885886	0.0919490943139241	-0.00661800414494116	-0.0661086594851584	1.31054757230098	FALSE
set4IT061	1-ethyl-3-methylimidazolium acetate 35 mM	3/2/2015 fluoroDangl_ML3_set4	157	3132209	9004	1858890	1850687	265	473	418.802217696311	0.165695466333479	0.275024437126241	1.29387180975639	1.28148716885886	0.114836915662908	0.0296376046413214	-0.000287391070674133	3.32315432505163	TRUE
set4IT062	1-ethyl-3-methylimidazolium chloride 50 mM	3/2/2015 fluoroDangl_ML3_set4	158	4065695	10284	2421528	2409349	330	473	545.224937768726	0.095110183048007	0.581130240971843	1.43751684220886	1.28148716885886	0.041106808318888	-0.0210989391828944	-0.0102165247900737	7.89014908642206	FALSE
set4IT063	1-ethyl-3-methylimidazolium chloride 200 mM	3/2/2015 fluoroDangl_ML3_set4	159	3549192	9190	2074219	2065099	265	473	467.32269744286	0.25022519997153	0.27688236736456	1.32403268321229	1.28148716885886	0.175921855082363	0.0578266250029076	-0.0830921586751682	6.18381260706765	TRUE
set4IT064	Choline Lysine 25 mM	3/2/2015 fluoroDangl_ML3_set4	160	3053942	9681	1816979	1809353	260	473	409.4485177642	0.114980314788077	0.222048602235541	1.31259023030803	1.28148716885886	0.151120210296327	0.0094784959739747	-0.0092682187400052	1.07920203240673	TRUE
set4IT065	L-Lysine 60 mM	3/2/2015 fluoroDangl_ML3_set4	161	2981141	8993	1771601	1764299	253	473	399.252998415931	0.169237002601533	0.231179936911689	1.30963481869593	1.28148716885886	0.151771769525153	0.0188161968730326	0.0110404732720302	1.85092300297095	TRUE
set4IT066	LB	3/2/2015 fluoroDangl_ML3_set4	162	3322176	10720	1974355	1965980	290	473	444.892509617561	0.0596393323252736	0.208842486098384	1.31391557483598	1.28148716885886	0.11036108258725	0.00999392393490586	-0.0206660989333372	1.21289619739769	FALSE
set4IT067	Time0	3/2/2015 fluoroDangl_ML3_set4	163	3153017	10332	1870307	1863198	262	211	421.633401221996	0.00838650159342711	0.227905274651876	1.29319637634405	1.27301849440642	-0.0239353861509217	-0.0085315735596361	0.0207477004706744	1.76566465792696	FALSE
set4IT068	Time0	3/2/2015 fluoroDangl_ML3_set4	164	2579353	8279	1530462	1524761	211	262	345.046616881647	0.00838650159342711	0.227905274651876	1.27301849440642	1.29319637634405	-0.0239353861509217	-0.0085315735596361	-0.0207477004706744	1.45316738991861	FALSE
set4IT069	Time0	3/1/2015 fluoroDangl_ML3_set4	165	3009942	9375	1786819	1780044	246	255	402.816021724372	0.0300202706583362	0.231382784991897	1.29335894269059	1.30351347518886	-0.0422695789789057	0.0147595842010867	0.0207285879375791	1.60865627936474	FALSE
set4IT070	Time0	3/1/2015 fluoroDangl_ML3_set4	166	3100550	9717	1841239	1834495	255	246	415.138040280606	0.0300202706583362	0.231382784991897	1.30351347518886	1.29335894269059	-0.0422695789789057	0.0147595842010867	-0.0207285879375791	1.40225663303799	FALSE
set4IT071	Paraquat dichloride 0.002 mg/ml	3/1/2015 fluoroDangl_ML3_set4	167	2995102	8945	1784069	1776543	254	501	402.023761031908	0.179096946277459	0.214645013393435	1.30985526258679	1.28010791919274	0.134369986262112	0.0210581115095382	-0.0218864456070379	2.04944354893602	TRUE
set4IT072	Paraquat dichloride 0.004 mg/ml	3/1/2015 fluoroDangl_ML3_set4	168	2897103	8787	1721680	1714370	247	501	387.95428830052	0.0939471063059332	0.224775766180686	1.28718530528486	1.28010791919274	0.0912604270128575	-0.00782127188775351	-0.033811727398626	1.54459951405854	FALSE
set4IT073	Paraquat dichloride 0.008 mg/ml	3/1/2015 fluoroDangl_ML3_set4	169	2592012	7658	1536445	1529803	214	501	346.1875990043	0.147352131125044	0.259927205285441	1.29956028185891	1.28010791919274	0.173737032890247	0.0489667030248408	-0.0301828633762271	4.42191735281928	TRUE
set4IT074	Cisplatin 0.01 mg/ml	3/1/2015 fluoroDangl_ML3_set4	170	2375399	6997	1401040	1394760	190	501	315.627970128988	0.247378129853728	0.273015614678206	1.34914956362239	1.28010791919274	0.224622089760062	-0.00114956216581148	-0.0332059985993384	3.92614383643495	TRUE
set4IT075	Aluminum chloride 4 mM	3/1/2015 fluoroDangl_ML3_set4	171	2619130	7811	1554323	1548097	221	501	350.327449649242	0.115938390680662	0.220246373167638	1.29444735846526	1.28010791919274	0.143269384445559	0.0184475113250464	0.00641328032252946	1.12747816246129	TRUE
set4IT076	Phosphomycin 0.001 mg/ml	3/1/2015 fluoroDangl_ML3_set4	172	3527270	28995	2444201	2436219	108	501	551.30549898167	0.126587049487539	0.277019746638604	1.3112016882943	1.28010791919274	0.146471272024344	-0.0337353996909948	0.0115441284207937	10.0454827379361	TRUE
set4IT077	Phosphomycin 0.002 mg/ml	3/1/2015 fluoroDangl_ML3_set4	173	2941909	18731	1940206	1933561	126	501	437.556234442182	0.170325295023787	0.249960937443158	1.30146399232765	1.28010791919274	0.119860789091584	0.0198423383794574	0.00890184592478018	9.1363132865242	TRUE
set4IT078	Phosphomycin 0.003 mg/ml	3/1/2015 fluoroDangl_ML3_set4	174	3379997	22612	2262969	2255919	126	501	510.504412763069	0.180006071386075	0.263660104528848	1.31366047890376	1.28010791919274	0.118769797259042	0.0670488239905621	-5.20486347608648e-05	9.4342169627237	TRUE
set4IT079	Bacitracin 1 mg/ml	3/1/2015 fluoroDangl_ML3_set4	175	3887758	11749	2314703	2304878	326	501	521.583616202761	0.13140641524116	0.210376603869129	1.28950661719499	1.28010791919274	0.103287244482218	0.0033737708433243	-0.0432800423667412	2.52616068943432	TRUE
set4IT080	Bacitracin 2 mg/ml	3/1/2015 fluoroDangl_ML3_set4	176	3178284	9493	1888532	1880594	268	501	425.570038470242	0.122279529827627	0.212574094529925	1.30812229536233	1.28010791919274	0.137105485826571	0.00792483358697161	-0.0348232843787374	2.01123314085888	TRUE
set4IT081	Vancomycin 0.25 mg/ml	3/1/2015 fluoroDangl_ML3_set4	177	2688013	8289	1597347	1590631	228	501	359.952704231727	0.0975743669309698	0.224100296866875	1.29035801588649	1.28010791919274	0.0506295961075436	0.0270220231030776	-0.0213029377822533	1.45934974124503	FALSE
set4IT082	Lomefloxacin 0.0001 mM	3/1/2015 fluoroDangl_ML3_set4	178	2802470	9254	1665330	1658018	235	501	375.202081918986	0.165841182984659	0.215627105982063	1.3185295184255	1.28010791919274	0.111074040579975	0.0102697142827617	-0.00449983488164302	1.61854716571252	TRUE
set4IT083	outer cut, LB soft agar motility assay	3/1/2015 fluoroDangl_ML3_set4	179	2897998	8134	1716001	1709120	244	501	386.766236705137	0.184420566698782	0.260444488389348	1.31550182572793	1.28010791919274	0.169820623718524	0.0768897880162724	0.000641989499809583	1.9083283742776	TRUE
set4IT084	outer cut, LB soft agar motility assay	3/1/2015 fluoroDangl_ML3_set4	180	2887259	8148	1707845	1701119	243	501	384.955646073772	0.195654359080694	0.268490984814491	1.33441903907056	1.28010791919274	0.156254359021919	0.0661186734762297	0.0227442072077947	2.08028262646245	TRUE
set4IT085	outer cut, LB soft agar motility assay	3/1/2015 fluoroDangl_ML3_set4	181	2769094	8361	1636759	1629880	233	501	368.834577958814	0.17204917927827	0.314592254656138	1.34889514248763	1.28010791919274	0.207140479285683	-0.00385318333550383	-0.0258093090961845	1.84481492754155	TRUE
set4IT086	outer cut, LB soft agar motility assay	3/1/2015 fluoroDangl_ML3_set4	182	2799958	8214	1652882	1646192	234	501	372.525910839556	0.20185691437968	0.284487748742443	1.32894852256513	1.28010791919274	0.199193701190264	0.0664526641514362	-0.0204645006845709	2.36025214656708	TRUE
set4IT087	inner cut, LB soft agar motility assay	3/1/2015 fluoroDangl_ML3_set4	183	3468796	9644	2052004	2043642	292	501	462.467073998642	0.187807441620035	0.320311096111054	1.32192809488736	1.28010791919274	0.147642531818144	0.039880846267566	-0.0146698783405575	1.52644969072036	TRUE
set4IT088	inner cut, LB soft agar motility assay	3/1/2015 fluoroDangl_ML3_set4	184	2052929	6219	1212099	1207009	171	501	273.14075582711	0.138412026163734	0.321267863207581	1.31520223169905	1.28010791919274	0.152353552732755	0.0596782019626868	-0.0279528017488678	1.51981985032432	TRUE
set4IT089	inner cut, LB soft agar motility assay	3/1/2015 fluoroDangl_ML3_set4	185	2272983	7020	1345098	1339657	192	501	303.158406879384	0.124437523831714	0.309965208925305	1.32324502335935	1.28010791919274	0.120209507653254	0.0247916917184549	-0.0151115391570311	1.45224102923961	TRUE
set4IT090	inner cut, LB soft agar motility assay	3/1/2015 fluoroDangl_ML3_set4	186	2490431	7039	1471164	1465312	206	501	331.593573206608	0.150311078177631	0.302799962926905	1.32008909522358	1.28010791919274	0.141529666332382	0.0704048375030459	-0.0327143865084336	1.47380228804146	TRUE
set4IT091	nitrite 6 mM	3/2/2015 fluoroDangl_ML3_set4	187	3326873	10442	1978428	1969841	285	473	445.766236705137	0.0456324069117493	0.212040262079803	1.28010791919273	1.28148716885886	0.0150498703427672	0.0459062867590823	-0.0125392554580103	1.47176135857885	FALSE
set4IT092	nitrite 8 mM	3/2/2015 fluoroDangl_ML3_set4	188	2996180	9185	1783349	1775922	259	473	401.883231500339	0.031852647787342	0.212653970710446	1.28570790697461	1.28148716885886	0.0394214076783353	0.0171686490608598	0.00316673442321186	0.99706177424981	FALSE
set4IT093	perchlorate 80 mM	3/2/2015 fluoroDangl_ML3_set4	189	3113894	9232	1853270	1845431	267	473	417.612808327676	0.061177951133693	0.220283306651398	1.29956028185891	1.28148716885886	0.139182204495135	0.0319924928441434	-0.0169123721437256	1.72481489340393	FALSE
set4IT094	Polymyxin B sulfate 0.006 mg/ml	3/2/2015 fluoroDangl_ML3_set4	190	3126979	9712	1854196	1846403	268	473	417.832767594478	0.187700084446239	0.234204051044258	1.30175021294973	1.28148716885886	0.111181257431424	0.0456803284253294	0.0353474775548018	2.6200241562414	TRUE
set4IT095	Doxycycline hyclate 0.001 mg/ml	3/2/2015 fluoroDangl_ML3_set4	191	3195806	9767	1967504	1954476	203	473	442.289205702648	0.225630836799955	0.329624911474362	1.32768736417605	1.28148716885886	0.184853955185922	0.0436052887023999	-0.0588775470197281	10.6746983652263	TRUE
set4IT096	LB	3/2/2015 fluoroDangl_ML3_set4	192	2789365	8755	1656571	1649741	242	473	373.329033718036	0.068723239686051	0.218529441683952	1.29218075149331	1.28148716885886	-0.0379183057412639	0.0468020093149926	0.00354635531571865	1.4167813263072	FALSE
set5IT079	Time0	3/2/2015 fluoroDangl_ML3_set5	193	3606280	11853	2139277	2131163	298	312	482.272686128083	-0.0101958042359277	0.197940681322793	1.27180461546153	1.27853549937398	0.0109347294772629	0.0336079332752685	0.0377441097509843	1.32804049027634	FALSE
set5IT080	Time0	3/2/2015 fluoroDangl_ML3_set5	194	3810591	12501	2261508	2253202	312	298	509.889567775515	-0.0101958042359277	0.197940681322793	1.27853549937398	1.27180461546153	0.0109347294772629	0.0336079332752685	-0.0377441097509843	1.28995308119754	FALSE
set5IT081	L-Serine (N)	3/2/2015 fluoroDangl_ML3_set5	195	3078574	5923	1831341	1823661	264	613	412.686354378819	0.0994692124742131	0.220275235641209	1.29956028185891	1.27021305834321	0.123510688120886	0.0274284352920972	-0.000893067225302941	1.16895908489897	FALSE
set5IT082	Glycine (N)	3/2/2015 fluoroDangl_ML3_set5	196	3817709	11455	2286880	2276736	317	613	515.215207060421	0.137274154178996	0.209849886214769	1.31885526083774	1.27021305834321	0.134419041181317	-0.0246442572098039	0.00299318236574	4.33950613642596	TRUE
set5IT083	casaminos (N)	3/2/2015 fluoroDangl_ML3_set5	197	4124546	8440	2445530	2435315	356	613	551.100927811722	0.0705409581666955	0.207176774788372	1.30232353694785	1.27021305834321	0.0562895090059754	-0.0430111042167246	0.0392004880611963	1.04525628124192	FALSE
set5IT084	Putrescine (N)	3/2/2015 fluoroDangl_ML3_set5	198	3628981	9620	2158718	2149751	306	613	486.479067662367	0.1421426891717	0.244636061536386	1.30524935374073	1.27021305834321	0.126105829584533	0.0324800583421725	-0.0146418265163344	2.8523493036923	TRUE
set5IT085	Adenosine (N)	3/2/2015 fluoroDangl_ML3_set5	199	3563790	8849	2112782	2103820	301	613	476.085087123784	0.178107018920201	0.201133554236077	1.31315788525963	1.27021305834321	0.148669767754784	0.062217216422728	-0.0418140307283979	3.8241833453304	TRUE
set5IT086	Adenine (N)	3/2/2015 fluoroDangl_ML3_set5	200	3366525	10616	1980721	1971773	278	613	446.203439692238	0.260882737006954	0.23395670310944	1.33135750780729	1.27021305834321	0.216405701329566	0.0275175565457483	-0.0343169997645852	4.00049961449218	TRUE
set5IT087	Uridine (N)	3/2/2015 fluoroDangl_ML3_set5	201	3944882	13105	2336483	2327094	331	613	526.61099796334	0.153983178819706	0.207915165521123	1.3115861506659	1.27021305834321	0.186722872123562	0.0784012709662834	-0.0146007517468838	2.18321624851567	TRUE
set5IT088	Inosine (N)	3/2/2015 fluoroDangl_ML3_set5	202	2789101	8723	1659663	1653093	229	613	374.087576374745	0.203302472638672	0.22595073033963	1.30666133823405	1.27021305834321	0.217710588773646	0.0150430653578152	-0.0194745404057095	5.15732051071966	TRUE
set5IT089	Cytidine (N)	3/2/2015 fluoroDangl_ML3_set5	203	2740604	9189	1620008	1613243	231	613	365.069699026929	0.179804280010002	0.2331356252302	1.31354030939464	1.27021305834321	0.149521116786339	0.00759262032478752	0.00161868245312703	3.96977848371846	TRUE
set5IT090	Cytosine (N)	3/2/2015 fluoroDangl_ML3_set5	204	3257221	9941	1928030	1920057	275	613	434.500339443313	0.196705227881958	0.211363103343455	1.29834127456975	1.27021305834321	0.138241441613609	0.0464731023349596	-0.0101287063325286	2.92156477528399	TRUE
set5IT091	Ammonium chloride (N)	3/2/2015 fluoroDangl_ML3_set5	205	3641848	9370	2163913	2154744	309	613	487.608961303462	0.131108890896196	0.205975352664161	1.30943715070417	1.27021305834321	0.124374441966351	0.00154399749700149	-0.0074977601846972	1.36387174303467	TRUE
set5IT092	nitrate (N)	3/2/2015 fluoroDangl_ML3_set5	206	3531424	10172	2091767	2083144	298	613	471.40620049785	0.157509656750731	0.207255415880249	1.29852349055242	1.27021305834321	0.124690469634714	0.0953718835094086	-0.0269594692882756	1.81437705268273	TRUE
set5IT093	Urea (N)	3/2/2015 fluoroDangl_ML3_set5	207	3245875	11500	1932897	1924817	263	613	435.577506223127	0.177282801509793	0.228924949491142	1.32192809488736	1.27021305834321	0.178866745113995	0.0446455433751423	-0.0201479823639317	5.60244455132088	TRUE
