name	short	t0set	num	nMapped	nPastEnd	nGenic	nUsed	gMed	gMedt0	gMean	cor12	mad12	mad12c	mad12c_t0	opcor	adjcor	gccor	maxFit	u
set1IT001	R2A with Nickel (II) chloride 0.35 mM	3/3/2015 cupriavidus_4G11_ML11_set1	1	886201	1740	536193	534899	51	334	83.7874373433584	0.161685901954523	0.36316101033259	1.08746284125034	1.05630878164035	0.155622062099759	0.0742145223876997	-0.0250030937749349	8.79433578384433	TRUE
set1IT002	R2A with Cobalt chloride 0.5 mM	3/3/2015 cupriavidus_4G11_ML11_set1	2	1089142	1669	644595	643206	70	334	100.752819548872	0.185388029442749	0.344079438579541	1.08169107778777	1.05630878164035	0.149051790603924	0.02828017991232	0.0114323909632211	6.08946142712062	TRUE
set1IT003	R2A with copper (II) chloride 0.25 mM	3/3/2015 cupriavidus_4G11_ML11_set1	3	1113370	1465	662533	661005	72	334	103.540883458647	0.122139819494374	0.307731124653682	1.07561849026877	1.05630878164035	0.084526859186502	0.056751775754493	-0.00175392682101596	5.85448169469618	TRUE
set1IT004	R2A with sodium fluoride 50 mM	3/3/2015 cupriavidus_4G11_ML11_set1	4	1104325	1373	656282	654716	74	334	102.555764411028	0.0366623319076746	0.298227804558085	1.06725674057206	1.05630878164035	0.0538552125428763	0.025019921888044	0.00875173189971254	2.03626277893339	FALSE
set1IT005	R2A with Paraquat dichloride 0.064 mg/ml	3/3/2015 cupriavidus_4G11_ML11_set1	5	1207355	977	643873	642514	53	334	100.644423558897	0.10457001423176	0.359023531779254	1.06594562442676	1.05630878164035	0.0450985070049641	0.0134217113086814	0.00628732152588058	11.4519569637919	TRUE
set1IT006	R2A with Thallium(I) acetate 0.001 mg/ml	3/3/2015 cupriavidus_4G11_ML11_set1	6	1367888	1823	811879	810038	91	334	126.885651629073	0.115828252519535	0.280372592246576	1.05696666813543	1.05630878164035	0.111712111755811	0.00595444030219196	0.00763810146459606	2.1441055747406	TRUE
set1IT007	R2A with Cisplatin 0.001 mg/ml	3/3/2015 cupriavidus_4G11_ML11_set1	7	1125486	2599	666135	664539	74	334	104.094454887218	0.10137125290248	0.360132082626464	1.0703893278914	1.05630878164035	0.0943410106367748	0.00500157074801842	-0.046914381888735	2.97487838744141	TRUE
set1IT008	R2A with Zinc 0.1 mM	3/3/2015 cupriavidus_4G11_ML11_set1	8	1329930	1464	790023	788247	89	334	123.47227443609	0.131462615030226	0.310191058767771	1.07595470445357	1.05630878164035	0.149019180762214	0.100218429223482	-0.022917656739503	2.50899539278504	TRUE
set1IT009	R2A	3/3/2015 cupriavidus_4G11_ML11_set1	9	2562460	2547	1523234	1520089	172	334	238.109179197995	0.0779170227562016	0.248298038965896	1.05472458660461	1.05630878164035	0.040713596658083	-0.00474300911850808	8.39163052712097e-05	1.4175744132724	FALSE
set1IT010	R2A with nitrite 10 mM	3/3/2015 cupriavidus_4G11_ML11_set1	10	2316905	2536	1374539	1371785	155.5	334	214.878602756892	0.0499139933286396	0.250147715426685	1.06554675932373	1.05630878164035	0.0170891298524608	0.0465269583971038	-0.0133142221351302	1.88198400690618	FALSE
set1IT011	R2A with nitrite 20 mM	3/3/2015 cupriavidus_4G11_ML11_set1	11	2216050	2700	1316055	1313379	149	334	205.729793233083	0.0939031880237643	0.250792937139871	1.07929130659099	1.05630878164035	0.0866061243042098	0.0131569502509893	0.00600014938115649	1.72624525798055	FALSE
set1IT012	R2A with nitrate 200 mM	3/3/2015 cupriavidus_4G11_ML11_set1	12	2801245	3362	1656577	1653224	186	334	258.96365914787	0.191740829620012	0.255369679292354	1.07628506741811	1.05630878164035	0.230502156724769	0.123878738205414	-0.00530829360641969	1.87584194097653	TRUE
set1IT013	R2A with Sisomicin 0.035 mg/ml	3/3/2015 cupriavidus_4G11_ML11_set1	13	2662923	2042	1513747	1510553	148	334	236.615444862155	0.129816745735037	0.264898676355289	1.06485933952365	1.05630878164035	0.096744202303679	0.0106641914742022	0.0354981555188746	10.2763451568955	TRUE
set1IT014	R2A with Chlorite 2 mM	3/3/2015 cupriavidus_4G11_ML11_set1	14	2511665	3141	1492299	1489211	168	334	233.272399749373	0.0852766024979922	0.238303670426016	1.05830459345493	1.05630878164035	0.0308658958140246	0.0587106040477412	0.014976909517792	1.51588753897547	FALSE
set1IT015	R2A with Chlorite 4 mM	3/3/2015 cupriavidus_4G11_ML11_set1	15	2409729	3169	1431717	1428578	161	334	223.774749373434	0.109392248742718	0.249350091803015	1.06742940124719	1.05630878164035	0.0125901267610745	0.0343163952532392	0.0118800761731005	1.40209199866653	TRUE
set1IT016	R2A with perchlorate 50 mM	3/3/2015 cupriavidus_4G11_ML11_set1	16	2642831	3163	1570249	1566928	174	334	245.446115288221	0.0641836541760355	0.243252365321625	1.07622693260795	1.05630878164035	0.134670128358657	0.00914341837023873	-0.00205123578597761	2.06971002475623	FALSE
set1IT017	R2A with Polymyxin B sulfate 0.001 mg/ml	3/3/2015 cupriavidus_4G11_ML11_set1	17	2678778	2859	1589552	1586321	180	334	248.483865914787	0.092485539158771	0.24410139146733	1.05444778402238	1.05630878164035	0.0584287934676986	0.0387175216649467	0.0227115518675106	1.6382322381155	FALSE
set1IT018	R2A with Chloride 300 mM	3/3/2015 cupriavidus_4G11_ML11_set1	18	2472836	3100	1467041	1463933	162.5	334	229.312813283208	0.103210316973622	0.250386108489128	1.06225597646733	1.05630878164035	0.0900831201871356	0.0369330234805265	0.0529917563455486	1.88407355489528	TRUE
set1IT019	R2A	3/3/2015 cupriavidus_4G11_ML11_set1	19	2653180	2719	1577989	1574727	179	334	246.667763157895	0.0595577501253924	0.241943479522967	1.04954972199445	1.05630878164035	0.0525967243944343	-0.00305926999202876	0.0153104743209252	1.47268309566825	FALSE
set1IT020	R2A with Dimethyl Sulfoxide 5 vol%	3/3/2015 cupriavidus_4G11_ML11_set1	20	2574538	2379	1532165	1529043	173	334	239.511748120301	0.0849739194242115	0.241052319351781	1.07800251200127	1.05630878164035	0.0306729173135858	-0.00125337896978767	0.0289602536942637	1.32787879205013	FALSE
set1IT021	R2A	3/3/2015 cupriavidus_4G11_ML11_set1	21	2751939	2615	1635910	1632487	183	334	255.715382205514	0.0694925649063419	0.237241829914785	1.05556783511735	1.05630878164035	0.0325755906480695	0.0565774372042761	0.0404782097221951	1.46068726378418	FALSE
set1IT022	R2A with Vancomycin 0.5 mg/ml	3/3/2015 cupriavidus_4G11_ML11_set1	22	2637749	2821	1687476	1684427	130	334	263.851347117794	0.195599285263861	0.296669913403049	1.08173574951639	1.05630878164035	0.137531624823388	0.0248807773397387	0.0456778411467614	7.59121248744603	TRUE
set1IT023	R2A with Cephalothin 1.25 mg/ml	3/3/2015 cupriavidus_4G11_ML11_set1	23	2179980	2672	1290963	1288587	147	334	201.846334586466	0.0886689334127963	0.267401476995431	1.08366653716586	1.05630878164035	0.0504835119841612	0.0230401074776511	0.0350407076733261	1.74984421680677	FALSE
set1IT024	R2A with A22 0.01 mg/ml	3/3/2015 cupriavidus_4G11_ML11_set1	24	2427993	3528	1443606	1440577	163	334	225.65429197995	0.103217880864927	0.254027931848027	1.07254183975263	1.05630878164035	0.0850243110779467	0.0144314736244547	0.0241416345371406	2.07077574464243	TRUE
set1IT025	R2A with D-Cycloserine 0.5 mg/ml	3/3/2015 cupriavidus_4G11_ML11_set1	25	2546993	2915	1512916	1509313	168	334	236.421209273183	0.116987891794209	0.360313986927728	1.1096244911745	1.05630878164035	0.0979821923252252	0.0374433290602063	-0.0174334524448629	2.76575140913699	TRUE
set1IT026	R2A with D-Cycloserine 0.1 mg/ml	3/3/2015 cupriavidus_4G11_ML11_set1	26	2576093	3861	1527531	1524156	171	334	238.746240601504	0.0419607178891587	0.64605476898333	1.23594202372435	1.05630878164035	0.0826707576712282	0.0784963036717079	-0.0135778902642931	3.16468966537381	FALSE
set1IT027	R2A with Doxycycline hyclate 0.0001 mg/ml	3/3/2015 cupriavidus_4G11_ML11_set1	27	2556489	2955	1529107	1525885	168	334	239.017073934837	0.17371780539774	0.294354783028157	1.07982536838384	1.05630878164035	0.0994669292662139	0.000129925084348194	0.00772934028425929	5.03595554727154	TRUE
set1IT028	R2A	3/3/2015 cupriavidus_4G11_ML11_set1	28	2447183	2481	1455418	1452455	163	334	227.514880952381	0.0616661540626625	0.252079618679773	1.06140054466414	1.05630878164035	0.0382476826141436	0.0376290138180741	0.042994782497167	1.38003965654483	FALSE
set1IT029	D-Fructose (C)	3/3/2015 cupriavidus_4G11_ML11_set1	29	2478890	1337	1469963	1466808	166	334	229.763157894737	0.0964975364361003	0.252802760785008	1.06964891273005	1.05630878164035	0.067916555623718	0.0189141799569435	-0.00156528791912861	1.92918149674363	FALSE
set1IT030	Sucrose (C)	3/3/2015 cupriavidus_4G11_ML11_set1	30	2361813	1374	1402998	1400297	158	334	219.344768170426	0.109306511673742	0.240938718805926	1.06413033741972	1.05630878164035	0.0630055765472439	0.000776011941782348	0.021853953836659	1.53956686554795	TRUE
set1IT031	a-Ketoglutaric (C)	3/3/2015 cupriavidus_4G11_ML11_set1	31	2418527	1590	1435810	1433086	161	334	224.480889724311	0.129500151730325	0.247955650080852	1.07929130659099	1.05630878164035	0.0817582696361208	-0.00388434870864082	0.0439635989022107	1.9854344680051	TRUE
set1IT032	D-Gluconic Acid (C)	3/3/2015 cupriavidus_4G11_ML11_set1	32	2407691	2217	1423493	1420682	157	334	222.53790726817	0.318990148615873	0.260298688655511	1.06817150264158	1.05630878164035	0.329428423017471	0.293256358649136	-0.0841591202455649	1.25862768445472	FALSE
set1IT033	Trisodium citrate (C)	3/3/2015 cupriavidus_4G11_ML11_set1	33	1999871	1750	1189020	1186628	133	334	185.875313283208	0.117660540292501	0.240862336139114	1.07497471733854	1.05630878164035	0.115182041221268	0.0289561200332811	0.0448458030306407	1.49729655746949	TRUE
set1IT034	D-Lactate (C)	3/3/2015 cupriavidus_4G11_ML11_set1	34	2536685	1831	1507445	1504426	168	334	235.655701754386	0.125284623305343	0.243396055734559	1.0703893278914	1.05630878164035	0.0781353169414607	0.015111267534472	0.0322628000720676	1.75451058666883	TRUE
set1IT035	L-Lactate (C)	3/3/2015 cupriavidus_4G11_ML11_set1	35	2368248	2006	1407773	1404874	158	334	220.06171679198	0.114060485752776	0.244132906749727	1.06413033741972	1.05630878164035	0.0375383461427875	0.0102688475633546	0.0320890938494869	1.38410389434812	TRUE
set1IT036	D,L-Lactate (C)	3/3/2015 cupriavidus_4G11_ML11_set1	36	2339440	1523	1389906	1387000	157	334	217.261904761905	0.112781660298242	0.246395169459648	1.07468635220319	1.05630878164035	0.143132866764873	0.0433672473705321	0.0210395050219651	1.75120196236373	TRUE
set1IT037	pyruvate (C)	3/3/2015 cupriavidus_4G11_ML11_set1	37	2495012	2241	1483739	1480549	167	334	231.915570175439	0.123074179091736	0.235903435655356	1.04960180950157	1.05630878164035	0.054262159009429	0.00796326672931429	0.0392401663904067	1.42023803205388	TRUE
set1IT038	succinate (C)	3/3/2015 cupriavidus_4G11_ML11_set1	38	2779779	2369	1652317	1648733	187	334	258.260181704261	0.115609047808289	0.228764464226966	1.07528812730424	1.05630878164035	0.0688160586347268	-0.00478644640894536	0.0346835156901946	1.42426914192099	TRUE
set1IT039	propionate (C)	3/3/2015 cupriavidus_4G11_ML11_set1	39	2611597	2475	1549167	1545938	175	334	242.15820802005	0.106546261396435	0.238525945915583	1.05703451151356	1.05630878164035	0.0892740784847593	0.0387669041271975	0.00872812762574071	1.6288549896525	TRUE
set1IT040	4-Hydroxybenzoic Acid (C)	3/3/2015 cupriavidus_4G11_ML11_set1	40	2645086	2214	1574169	1571033	176	334	246.089129072682	0.141687491429068	0.255590062034546	1.07104539662279	1.05630878164035	0.118727079886147	0.047491120046696	0.0119453158686657	2.82031887691929	TRUE
set1IT041	Ethanol (C)	3/3/2015 cupriavidus_4G11_ML11_set1	41	2612401	1511	1550912	1547817	174	334	242.452537593985	0.125211672678696	0.231855315034569	1.06296411262136	1.05630878164035	0.0677260425119695	-0.0111425450327066	0.0331033930151379	1.53415092636544	TRUE
set1IT042	L-Malic (C)	3/3/2015 cupriavidus_4G11_ML11_set1	42	2255342	1922	1339621	1336833	152	334	209.403665413534	0.10251125236772	0.237434396851913	1.0651470155077	1.05630878164035	0.0583639701034527	0.0495153746076797	0.0349147198434332	1.2259510639258	TRUE
set1IT043	L-Histidine (C)	3/3/2015 cupriavidus_4G11_ML11_set1	43	2587929	3173	1534091	1530939	170	334	239.808740601504	0.135657498369609	0.242805997474232	1.08341600818764	1.05630878164035	0.121244013879915	0.0207168642196233	-0.00651698286597478	2.94418385161278	TRUE
set1IT044	L-Threonine (C)	3/3/2015 cupriavidus_4G11_ML11_set1	44	2720317	1791	1616382	1612986	183	334	252.660714285714	0.101312292330063	0.237971135599901	1.05603932047904	1.05630878164035	0.0586648580148431	0.0194493093368525	0.0229281915444242	1.56451837565157	TRUE
set1IT045	L-Asparagine (C)	3/3/2015 cupriavidus_4G11_ML11_set1	45	2618291	2975	1545283	1541702	170	334	241.494674185464	0.129662221566014	0.240913902882583	1.05154674648205	1.05630878164035	0.175238882154224	0.152025327496624	-0.0562347358241016	1.32007353927193	TRUE
set1IT046	L-Glutamine (C)	3/3/2015 cupriavidus_4G11_ML11_set1	46	2448535	2747	1453987	1451136	162.5	334	227.308270676692	0.115576874399424	0.235328047703301	1.05353861128177	1.05630878164035	0.0835977718253375	0.0338302213346194	0.025736625812301	1.56458719523773	TRUE
set1IT047	Time0	3/3/2015 cupriavidus_4G11_ML11_set1	47	2329927	3500	1383877	1381155	156	178	216.346334586466	-0.00381890624383737	0.253110636545386	1.05889368905357	1.0579540006257	0.0325800004563567	0.0371076828029731	0.0213558460607933	2.33952780922953	FALSE
set1IT048	Time0	3/3/2015 cupriavidus_4G11_ML11_set1	48	2679242	4252	1592036	1588923	178	156	248.891447368421	-0.00381890624383737	0.253110636545386	1.0579540006257	1.05889368905357	0.0325800004563567	0.0371076828029731	-0.0213558460607933	1.61493358388837	FALSE
set2IT049	L-Proline (C)	3/3/2015 cupriavidus_4G11_ML11_set2	49	3364798	3360	1969718	1965734	219	375	307.915726817043	0.160536111713662	0.236717440603527	1.0838144907138	1.05333327909819	0.117633735511918	-0.00977884734666305	0.0200060664697997	2.47142330438499	TRUE
set2IT050	L-Alanine (C)	3/3/2015 cupriavidus_4G11_ML11_set2	50	3178676	2770	1888603	1884856	214	375	295.24686716792	0.125928882715634	0.227901995117498	1.05985489436368	1.05333327909819	0.0572897238932584	0.021695018289512	0.0516018442941614	1.48444630366662	TRUE
set2IT051	L-Leucine (C)	3/3/2015 cupriavidus_4G11_ML11_set2	51	2999395	2195	1778717	1775054	200	375	278.047305764411	0.13226606219539	0.239788786926108	1.07842896635626	1.05333327909819	0.102059747013375	0.00314532159199287	0.0382024740297955	2.59479252340254	TRUE
set2IT052	L-Phenylalanine (C)	3/3/2015 cupriavidus_4G11_ML11_set2	52	2853062	1828	1696549	1693071	190	375	265.205357142857	0.11641303113637	0.229166241998076	1.0677472637426	1.05333327909819	0.0706153297949755	0.0497947674141037	0.0341355354603231	2.18903193689829	TRUE
set2IT053	L-Tryptophan (C)	3/3/2015 cupriavidus_4G11_ML11_set2	53	2762766	2585	1642305	1638860	185	375	256.71365914787	0.1387946041283	0.246209109896435	1.04990362862016	1.05333327909819	0.114872428347498	0.0241025884751927	0.0375125715558514	2.05635876921642	TRUE
set2IT054	casaminos (C)	3/3/2015 cupriavidus_4G11_ML11_set2	54	3175340	1796	1884465	1880487	213	375	294.5625	0.0928468106324144	0.230976533468377	1.05621838154994	1.05333327909819	0.0919441508338319	0.0663033169433829	0.0303559556787182	1.80000773488973	FALSE
set2IT055	octanoate (C)	3/3/2015 cupriavidus_4G11_ML11_set2	55	3285194	2969	1963117	1958979	200	375	306.857612781955	0.206659291320619	0.670396972013534	1.29956028185891	1.05333327909819	0.133515566044611	0.0438463172212397	0.00184618076485649	5.18623830965262	FALSE
set2IT056	butyrate (C)	3/3/2015 cupriavidus_4G11_ML11_set2	56	3455592	1989	2051776	2047588	232.5	375	320.737468671679	0.112501493253727	0.225425270138217	1.0750279478531	1.05333327909819	0.08195236381014	0.0350288426204382	0.0256194824849813	1.87885039968709	TRUE
set2IT057	D-Fructose (C)	3/3/2015 cupriavidus_4G11_ML11_set2	57	3114399	1615	1849853	1846252	208	375	289.199874686717	0.114567794337349	0.233268376594495	1.07825224284	1.05333327909819	0.0915479762751217	0.0354764548811581	0.0241925037128196	1.24623978881312	TRUE
set2IT058	Sucrose (C)	3/3/2015 cupriavidus_4G11_ML11_set2	58	3293982	2047	1956656	1952631	222	375	305.863251879699	0.0895446984500566	0.226383488679284	1.08840344968909	1.05333327909819	0.118474281089139	0.0129454316016156	0.0228456046446727	1.69240488099168	FALSE
set2IT059	a-Ketoglutaric (C)	3/3/2015 cupriavidus_4G11_ML11_set2	59	3113426	2362	1847145	1843180	206	375	288.718671679198	0.141171236988487	0.239924166107555	1.05889368905357	1.05333327909819	0.109787320528925	0.0235879412416074	0.0432600667261351	1.84228704219281	TRUE
set2IT060	D-Gluconic Acid (C)	3/3/2015 cupriavidus_4G11_ML11_set2	60	2989458	2377	1774981	1771307	199.5	375	277.460369674185	0.180695733440488	0.2353832412334	1.06554675932373	1.05333327909819	0.146868089859058	0.0449271356545458	0.0386735405190545	1.63910146655474	TRUE
set2IT061	acetate (C)	3/3/2015 cupriavidus_4G11_ML11_set2	61	3367859	1949	1998024	1993908	226	375	312.328947368421	0.0983276743997294	0.235635175587606	1.08091999538357	1.05333327909819	0.0907409555187804	0.0250093337566695	0.0271476252921793	1.40453468521825	FALSE
set2IT062	Trisodium citrate (C)	3/3/2015 cupriavidus_4G11_ML11_set2	62	3668989	3171	2180254	2175848	246.5	375	340.828320802005	0.0996278582217498	0.22549967342827	1.07749660244481	1.05333327909819	0.1220652082803	0.0174161831836603	0.0571051821260046	1.42609150758993	FALSE
set2IT063	D-Lactate (C)	3/3/2015 cupriavidus_4G11_ML11_set2	63	3165375	2357	1880009	1876125	212	375	293.879229323308	0.110772616701985	0.232024378414085	1.07290990231252	1.05333327909819	0.131077507676762	0.0457113197786974	0.0450521822204472	1.68726091901424	TRUE
set2IT064	L-Lactate (C)	3/3/2015 cupriavidus_4G11_ML11_set2	64	2725369	2391	1620568	1617269	182	375	253.331610275689	0.111094322423468	0.236153866645761	1.06950394543886	1.05333327909819	0.0489717025364876	0.0452661081541117	0.0294085013999333	1.593577068827	TRUE
set2IT065	D,L-Lactate (C)	3/3/2015 cupriavidus_4G11_ML11_set2	65	2581471	1757	1535608	1532462	173	375	240.047305764411	0.106341320330205	0.241154037008209	1.061619899241	1.05333327909819	0.0975241631516547	0.0358240123376625	0.0243551563682692	1.93572982511104	TRUE
set2IT066	pyruvate (C)	3/3/2015 cupriavidus_4G11_ML11_set2	66	2252407	1921	1336365	1333543	151	375	208.888314536341	0.110727439642683	0.245333467645014	1.06241287216153	1.05333327909819	0.078377408805623	0.0449275063474609	0.0266629209127813	1.51289329993485	TRUE
set2IT067	succinate (C)	3/3/2015 cupriavidus_4G11_ML11_set2	67	2751832	2203	1636618	1633195	185	375	255.826284461153	0.104371661850547	0.230768229302889	1.0703893278914	1.05333327909819	0.0602748759244913	0.0261386444435583	0.0386804510620886	1.49208208857767	TRUE
set2IT068	propionate (C)	3/3/2015 cupriavidus_4G11_ML11_set2	68	2796846	2747	1660233	1656875	186	375	259.53555764411	0.103312128084278	0.229771379133705	1.07731189680209	1.05333327909819	0.0420571267672114	0.0649933072121091	0.0227118816007281	1.52149864919345	TRUE
set2IT069	4-Hydroxybenzoic Acid (C)	3/3/2015 cupriavidus_4G11_ML11_set2	69	2943728	2574	1752705	1749170	197	375	273.992794486216	0.152006871992847	0.24365069021545	1.07648608386651	1.05333327909819	0.0945271070935924	0.0315805085232464	0.0114547983440431	2.69949965340852	TRUE
set2IT070	Ethanol (C)	3/3/2015 cupriavidus_4G11_ML11_set2	70	2892981	1695	1718791	1715325	193.5	375	268.691259398496	0.119807490172268	0.229960588444652	1.05798973529035	1.05333327909819	0.0473696105626354	0.0258994410113393	0.0315191429554969	1.35854519429602	TRUE
set2IT071	L-Malic (C)	3/3/2015 cupriavidus_4G11_ML11_set2	71	2920815	2499	1737000	1733364	196	375	271.516917293233	0.115734775785286	0.225475716681388	1.07166723755789	1.05333327909819	0.105383819198857	0.0570159212867971	0.0311669870143142	1.62687857979416	TRUE
set2IT072	L-Histidine (C)	3/3/2015 cupriavidus_4G11_ML11_set2	72	2782979	3289	1648738	1645487	181	375	257.751723057644	0.130428326285108	0.242848340870051	1.08169107778777	1.05333327909819	0.0919800923919803	0.0443313889963228	0.00441924584130555	3.56824732170407	TRUE
set2IT073	L-Threonine (C)	3/3/2015 cupriavidus_4G11_ML11_set2	73	2795678	1947	1661361	1657751	187	375	259.672775689223	0.0678510002096282	0.238684608693222	1.05960362893646	1.05333327909819	0.10191823514759	0.0704733557605483	0.0314722157090745	1.34252772200559	FALSE
set2IT074	L-Asparagine (C)	3/3/2015 cupriavidus_4G11_ML11_set2	74	2241483	2461	1322426	1319409	145	375	206.674342105263	0.12125772435616	0.244262761940355	1.07561849026877	1.05333327909819	0.138667286153838	0.093796451822867	-0.0297394016672671	1.70149843245691	TRUE
set2IT075	L-Glutamine (C)	3/3/2015 cupriavidus_4G11_ML11_set2	75	2782442	3168	1652955	1649597	186	375	258.395520050125	0.113805108799747	0.226609338225828	1.08457890724206	1.05333327909819	0.0949124433143813	0.0249132477181522	0.0226271357489496	1.53828628206862	TRUE
set2IT077	L-Alanine (C)	3/3/2015 cupriavidus_4G11_ML11_set2	77	2830699	2346	1682796	1679485	190	375	263.077224310777	0.117668060170832	0.238118283598821	1.06558876024088	1.05333327909819	0.0638883753312417	0.0408335178028307	0.0368735376083327	2.06138192628244	TRUE
set2IT078	L-Leucine (C)	3/3/2015 cupriavidus_4G11_ML11_set2	78	3067871	2031	1818477	1814882	203	375	284.286027568922	0.121905191014721	0.233092646901615	1.06205774979224	1.05333327909819	0.117000636911473	0.0341700386161462	0.0314188437079398	2.24338263924576	TRUE
set2IT080	L-Tryptophan (C)	3/3/2015 cupriavidus_4G11_ML11_set2	80	3124390	2725	1853730	1850032	209.5	375	289.791979949875	0.116139210014869	0.245939935530073	1.08186785234991	1.05333327909819	0.109367693728108	0.053576824431156	0.029046764522745	1.8883327882715	TRUE
set2IT081	casaminos (C)	3/3/2015 cupriavidus_4G11_ML11_set2	81	2648629	1550	1571227	1567784	177	375	245.580200501253	0.0759997118385718	0.242152177778719	1.0703893278914	1.05333327909819	0.0655888498885287	-0.00665297206227349	0.0196446787657991	1.61054287098846	FALSE
set2IT082	octanoate (C)	3/3/2015 cupriavidus_4G11_ML11_set2	82	2945179	2970	1756836	1753542	183	375	274.677631578947	0.195287529150696	0.594382550225832	1.26813582147018	1.05333327909819	0.1673608754679	0.0525170152965962	0.00555368521212777	5.38669521716676	FALSE
set2IT083	butyrate (C)	3/3/2015 cupriavidus_4G11_ML11_set2	83	3044454	1768	1807489	1803746	204	375	282.541666666667	0.0897290100209077	0.23231803996525	1.07337846193955	1.05333327909819	0.0649009869432339	0.025051732980936	0.0176605615419145	1.57448673919427	FALSE
set2IT084	L-Lysine (N)	3/3/2015 cupriavidus_4G11_ML11_set2	84	2919804	2908	1735041	1731808	195	375	271.273182957393	0.15410766977983	0.24136943140287	1.05246741989414	1.05333327909819	0.114398487817986	0.0752784885982055	0.0135149637540026	1.55394990661627	TRUE
set2IT085	L-Serine (N)	3/3/2015 cupriavidus_4G11_ML11_set2	85	3059400	2978	1814391	1810620	204	375	283.618421052632	0.112329557621807	0.22845184570862	1.06575265272329	1.05333327909819	0.0806139042525956	0.0262842726535531	0.0174362405476317	2.57442064181385	TRUE
set2IT086	L-Threonine (N)	3/3/2015 cupriavidus_4G11_ML11_set2	86	2904616	2894	1727412	1723714	193.5	375	270.005325814536	0.105447298790617	0.240837662363054	1.0451557226414	1.05333327909819	0.129357689912391	0.0212557110257802	0.0307337028557001	1.29963316650443	TRUE
set2IT087	L-Asparagine (N)	3/3/2015 cupriavidus_4G11_ML11_set2	87	3283851	3861	1943591	1939053	216	375	303.736372180451	0.119677478284038	0.226274047530312	1.06609167195345	1.05333327909819	0.111808620619781	0.00116438018647763	0.0206352447165201	2.29275197088723	TRUE
set2IT088	L-Glutamine (N)	3/3/2015 cupriavidus_4G11_ML11_set2	88	2465461	3001	1461321	1457991	163	375	228.38204887218	0.0991284270356	0.239471746393933	1.08021884426506	1.05333327909819	0.120981511709558	0.0574480990984055	0.00263048935229912	1.94106385188901	FALSE
set2IT089	L-Valine (N)	3/3/2015 cupriavidus_4G11_ML11_set2	89	2365814	2346	1405398	1402421	158	375	219.677474937343	0.163969901124558	0.246766485410575	1.07713691862769	1.05333327909819	0.101468656160231	0.0171220061271067	0.0207581143814876	1.82009810041027	TRUE
set2IT090	L-Isoleucine (N)	3/3/2015 cupriavidus_4G11_ML11_set2	90	2733750	2362	1624391	1620957	182	375	253.909304511278	0.111444426727748	0.231625836156041	1.04439411935845	1.05333327909819	0.075761944887477	-0.0300173586950069	0.023166297514622	1.77281973390984	TRUE
set2IT091	L-Leucine (N)	3/3/2015 cupriavidus_4G11_ML11_set2	91	1767886	1737	1047932	1046129	117	375	163.867324561404	0.116569093345105	0.266448635108392	1.07337846193955	1.05333327909819	0.0625810260210359	0.0499003600810857	0.0376600340588542	1.76413342874927	TRUE
set2IT092	L-Phenylalanine (N)	3/3/2015 cupriavidus_4G11_ML11_set2	92	1474528	1434	876403	874873	98	375	137.041510025063	0.06848044269791	0.27904704095941	1.08017723143899	1.05333327909819	0.0817691529795387	0.0163907024758546	0.0284288729655162	1.62609367751707	FALSE
set2IT093	L-Tryptophan (N)	3/3/2015 cupriavidus_4G11_ML11_set2	93	2866324	3028	1702271	1698758	192	375	266.096177944862	0.126177955006984	0.241026977854808	1.06000816772939	1.05333327909819	0.104655813525554	0.0664867033425868	0.0399793641587681	1.40677716714916	TRUE
set2IT094	D-Alanine (N)	3/3/2015 cupriavidus_4G11_ML11_set2	94	3074141	3583	1821854	1818075	202	375	284.786184210526	0.158970381895013	0.232236926427226	1.06177085985273	1.05333327909819	0.103936373128518	0.0805918620966931	-0.00268967782506414	3.32888050267325	TRUE
set2IT095	Time0	3/3/2015 cupriavidus_4G11_ML11_set2	95	2988391	4598	1773016	1769480	196	178	277.174185463659	0.00578615152148707	0.24100497950723	1.0477000014897	1.06156476720792	0.00426522956656828	0.0371209187485372	-0.0121961576118851	1.78604781121486	FALSE
set2IT096	Time0	3/3/2015 cupriavidus_4G11_ML11_set2	96	2678572	4037	1591335	1588189	178	196	248.776472431078	0.00578615152148707	0.24100497950723	1.06156476720792	1.0477000014897	0.00426522956656828	0.0371209187485372	0.0121961576118851	1.99714867825833	FALSE
set3IT001	L-Citrulline (N)	3/3/2015 cupriavidus_4G11_ML11_set3	97	2124987	2471	1254114	1251633	140	371	196.05780075188	0.295481345486956	0.267683796478864	1.09515723304034	1.04895868287777	0.371205867556378	0.294960420722141	-0.0666374406694884	1.75280249731536	FALSE
set3IT002	casaminos (N)	3/3/2015 cupriavidus_4G11_ML11_set3	98	2639711	2775	1564683	1561609	174	371	244.612938596491	0.240883047667857	0.254805916467582	1.053011433749	1.04895868287777	0.233388057599654	0.248059481315178	-0.0700779589273497	1.52361691545142	TRUE
set3IT003	Adenosine (N)	3/3/2015 cupriavidus_4G11_ML11_set3	99	2691079	1365	1712129	1706455	83	371	267.301848370927	0.248485941226804	0.523237450816535	1.22239242133645	1.04895868287777	0.195331378472919	0.0489070829163054	-0.0368659804252078	10.7281024384841	FALSE
set3IT004	Glucuronamide (N)	3/3/2015 cupriavidus_4G11_ML11_set3	100	2603711	2627	1539719	1536756	169	371	240.71992481203	0.363195257430765	0.253841604156485	1.06853329192632	1.04895868287777	0.372949709432572	0.360710030562914	-0.0757090730364304	1.38555311219345	FALSE
set3IT005	Ammonium chloride (N)	3/3/2015 cupriavidus_4G11_ML11_set3	101	2626352	1667	1557411	1554463	172	371	243.493577694236	0.307103845054097	0.238705647524887	1.078864852236	1.04895868287777	0.32806916963043	0.285793476697026	-0.0488826000010297	1.46425860688423	FALSE
set3IT006	nitrate (N)	3/3/2015 cupriavidus_4G11_ML11_set3	102	3139131	3800	1858889	1855141	205	371	290.592261904762	0.317445615284303	0.250661628506505	1.080784749656	1.04895868287777	0.352879712068695	0.301826021933742	-0.0544893259269421	1.80469839988451	FALSE
set3IT007	nitrite (N)	3/3/2015 cupriavidus_4G11_ML11_set3	103	2784729	3315	1649461	1646255	180	371	257.872023809524	0.368529067675114	0.252103763613369	1.08470010624843	1.04895868287777	0.341954574353258	0.272144063314623	-0.040261999051605	2.08348824309712	FALSE
set3IT008	Urea (N)	3/3/2015 cupriavidus_4G11_ML11_set3	104	3021649	3203	1783876	1780379	194	371	278.881422305764	0.383983139719616	0.248897363252881	1.08538673519637	1.04895868287777	0.448347030678775	0.401860530992387	-0.117833078379119	2.15517119280054	FALSE
set3IT009	L-Lysine (N)	3/3/2015 cupriavidus_4G11_ML11_set3	105	2915118	2920	1725931	1722881	189.5	371	269.874843358396	0.336176460479812	0.240261975143444	1.07623993349145	1.04895868287777	0.368457365808574	0.283923418060695	-0.0410563913600401	1.43097014716704	FALSE
set3IT010	L-Serine (N)	3/3/2015 cupriavidus_4G11_ML11_set3	106	2666988	2245	1579191	1576294	176	371	246.913220551378	0.244619538438808	0.23676786723637	1.07392837662744	1.04895868287777	0.288730146276394	0.218614649564362	-0.0480393038620167	1.44035067320234	TRUE
set3IT011	L-Threonine (N)	3/3/2015 cupriavidus_4G11_ML11_set3	107	2847637	2724	1684990	1682118	187	371	263.489661654135	0.299820954248801	0.244898701308616	1.07800251200127	1.04895868287777	0.364959352521074	0.27569066541464	-0.0562208371125116	1.53554306535485	FALSE
set3IT012	L-Asparagine (N)	3/3/2015 cupriavidus_4G11_ML11_set3	108	3300239	3730	1935704	1932411	203	371	302.695958646617	0.498551637551007	0.248788902021733	1.05676970658922	1.04895868287777	0.511373692671519	0.482465413100576	-0.178801458293264	2.11515244221563	FALSE
set3IT013	L-Glutamine (N)	3/3/2015 cupriavidus_4G11_ML11_set3	109	1011370	1121	598594	597570	66	371	93.6043233082707	0.10039121027352	0.375688239666618	1.09598714903237	1.04895868287777	0.131463253888613	0.0883840630861818	-0.0196603870604056	1.95488148263951	TRUE
set3IT014	Glycine (N)	3/3/2015 cupriavidus_4G11_ML11_set3	110	2934735	3947	1732127	1728739	192	371	270.792449874687	0.170394838775394	0.239822963237489	1.076428433715	1.04895868287777	0.199781929319735	0.111255477929062	-0.00512162939823627	1.94924625416076	TRUE
set3IT015	L-Valine (N)	3/3/2015 cupriavidus_4G11_ML11_set3	111	2902645	2778	1719478	1716207	192	371	268.829417293233	0.132667145699788	0.256057691529825	1.08154031020013	1.04895868287777	0.127931844286837	0.0313696960893428	0.00691277234957411	1.87365921207787	TRUE
set3IT016	L-Isoleucine (N)	3/3/2015 cupriavidus_4G11_ML11_set3	112	3363762	3073	1995392	1991837	224	371	312.004542606516	0.129529544101757	0.241066485656098	1.07380912312493	1.04895868287777	0.188386831284611	0.023706206877524	0.00184400781175371	1.75780539732276	TRUE
set3IT017	L-Leucine (N)	3/3/2015 cupriavidus_4G11_ML11_set3	113	2753579	2736	1633828	1630859	182	371	255.460369674185	0.13517841675819	0.246708731176629	1.08336596122916	1.04895868287777	0.131090816682819	0.0593747180035626	0.0213762510856558	1.8686897683439	TRUE
set3IT018	L-Phenylalanine (N)	3/3/2015 cupriavidus_4G11_ML11_set3	114	2355152	2365	1398198	1395727	156.5	371	218.6289160401	0.111024903274787	0.256016650956961	1.08329194362412	1.04895868287777	0.091032003794256	0.044201812507326	0.0252762701596712	1.90250546211634	TRUE
set3IT019	L-Tryptophan (N)	3/3/2015 cupriavidus_4G11_ML11_set3	115	2895434	3067	1717617	1714406	194	371	268.547305764411	0.156838989531332	0.231086343084954	1.0703893278914	1.04895868287777	0.0908834376860077	0.0455641750252679	0.0167161654068494	1.74412134083696	TRUE
set3IT020	D-Alanine (N)	3/3/2015 cupriavidus_4G11_ML11_set3	116	2930711	3563	1731449	1728110	192	371	270.693922305764	0.198066338120125	0.239295857538679	1.07508766946762	1.04895868287777	0.181734269772926	0.0945686882701496	-0.0260584964065061	3.55554913566299	TRUE
set3IT021	L-Citrulline (N)	3/3/2015 cupriavidus_4G11_ML11_set3	117	2923131	3155	1732337	1729063	195	371	270.843201754386	0.115975540833564	0.23799500819467	1.07565647190567	1.04895868287777	0.0865637264615265	0.0412282116052782	0.0207193617062424	1.97186693060561	TRUE
set3IT022	casaminos (N)	3/3/2015 cupriavidus_4G11_ML11_set3	118	2630156	2161	1559263	1556342	177	371	243.78790726817	0.0685072390045987	0.245658455319115	1.06140054466414	1.04895868287777	0.0604016570617975	-0.0192610783391872	0.0176573093836772	1.45330282504123	FALSE
set3IT023	Adenosine (N)	3/3/2015 cupriavidus_4G11_ML11_set3	119	2304352	1498	1441866	1437203	76	371	225.12578320802	0.208693874980017	0.500274234090078	1.1852667829151	1.04895868287777	0.164679968733035	0.0453021736306472	0.00032434612852463	10.4258739576357	FALSE
set3IT024	Glucuronamide (N)	3/3/2015 cupriavidus_4G11_ML11_set3	120	2435587	2261	1442115	1439665	161	371	225.511434837093	0.185944610274138	0.273237537822015	1.08062731123514	1.04895868287777	0.192716019483202	0.161095939519013	-0.0345687195036571	1.67541918400948	TRUE
set3IT025	Ammonium chloride (N)	3/3/2015 cupriavidus_4G11_ML11_set3	121	3205000	1855	1900533	1897053	211	371	297.15742481203	0.276620700922536	0.223256051597079	1.06592309307877	1.04895868287777	0.292849557475379	0.264498379743933	-0.0286698696143572	1.39690415825247	FALSE
set3IT026	nitrate (N)	3/3/2015 cupriavidus_4G11_ML11_set3	122	3059360	3242	1816855	1813431	204	371	284.058740601504	0.121185874656955	0.239429711542078	1.0703893278914	1.04895868287777	0.0997519337642051	0.0276980953216966	0.0332888316881518	1.39582814662395	TRUE
set3IT027	nitrite (N)	3/3/2015 cupriavidus_4G11_ML11_set3	123	2934400	3237	1745281	1742093	193	371	272.884241854637	0.191467220666172	0.239498232228066	1.06697285216837	1.04895868287777	0.112251184084529	0.0267132181375854	0.0211360845319289	2.05494530844702	TRUE
set3IT028	Urea (N)	3/3/2015 cupriavidus_4G11_ML11_set3	124	2807764	2666	1665809	1662761	187	371	260.457550125313	0.088471518200504	0.239882666014395	1.07118398970683	1.04895868287777	0.0817653761354069	-0.0166130946403668	0.0188532405253964	1.54951953540041	FALSE
set3IT029	Time0	3/3/2015 cupriavidus_4G11_ML11_set3	125	3039540	4610	1804408	1801032	202	167.5	282.116541353383	0.0200626159176147	0.244576023590734	1.05360525770122	1.06023551921841	-0.0066412847459105	-0.00546592288709963	-0.0140214579098345	2.19324620459355	FALSE
set3IT030	Time0	3/3/2015 cupriavidus_4G11_ML11_set3	126	2525215	3834	1500485	1497780	167.5	202	234.614661654135	0.0200626159176147	0.244576023590734	1.06023551921841	1.05360525770122	-0.0066412847459105	-0.00546592288709963	0.0140214579098346	2.70297773470937	FALSE
set3IT031	LB 23C	5/11/2015 cupriavidus_4G11_ML11_set3	127	2931028	3498	1736577	1733437	196	362	271.528352130326	0.098167373643785	0.211930073422013	1.05357492285311	1.05444778402238	0.030471546134063	0.032803159170458	0.0440733205097812	1.47912134475762	FALSE
set3IT032	LB 23C	5/11/2015 cupriavidus_4G11_ML11_set3	128	2703399	3154	1601327	1598274	179	362	250.356203007519	0.0648069624400848	0.224589751943581	1.06817150264158	1.05444778402238	0.0806863944229086	0.0393154553154669	0.0192212925798641	1.79026505609363	FALSE
set3IT033	LB 30C	5/11/2015 cupriavidus_4G11_ML11_set3	129	2174903	2728	1287622	1285194	144.5	362	201.31484962406	0.0860441340789529	0.223208197195691	1.06413033741972	1.05444778402238	0.0542707746111278	0.0393382234155501	0.032101319268449	1.7596910498828	FALSE
set3IT034	LB 37C	5/11/2015 cupriavidus_4G11_ML11_set3	130	2498615	3254	1482640	1479765	165	362	231.792763157895	0.0605685652717538	0.25433858154737	1.07480042928699	1.05444778402238	0.0867480250082018	0.0736968967566661	0.0388825391745847	1.58867004538638	FALSE
set3IT035	LB 37C	5/11/2015 cupriavidus_4G11_ML11_set3	131	2706222	3397	1601597	1598151	179	362	250.336936090226	0.0578785413196923	0.256837886000858	1.06711419585854	1.05444778402238	0.0662576367465619	0.0293835648557076	-0.02244248875783	1.60303420383636	FALSE
set3IT036	R2A 23C	5/11/2015 cupriavidus_4G11_ML11_set3	132	2656884	3131	1575754	1572784	175	362	246.363408521303	0.222483802715409	0.222218399018844	1.06012099243757	1.05444778402238	0.250582221263826	0.223117382320332	-0.0335124278887529	1.25559299620314	TRUE
set3IT037	R2A 23C	5/11/2015 cupriavidus_4G11_ML11_set3	133	2790819	3324	1653637	1650523	185	362	258.540570175439	0.199615388161258	0.220796829832827	1.06197100536643	1.05444778402238	0.236754501046887	0.168425751704908	-0.044327587841931	1.74259393258909	TRUE
set3IT038	R2A 30C	5/11/2015 cupriavidus_4G11_ML11_set3	134	3104861	2677	1844191	1840747	207	362	288.337562656642	0.0950270529003236	0.230195369519861	1.07216272486564	1.05444778402238	0.0793494257106225	0.0772765658087825	0.0129922912789188	1.70860132376759	FALSE
set3IT039	R2A 37C	5/11/2015 cupriavidus_4G11_ML11_set3	135	2884668	3339	1704464	1700894	189	362	266.430764411028	0.087598935792778	0.231622146720765	1.06391250636855	1.05444778402238	0.0794115867887779	0.0252730115301386	-0.0403502970276763	1.61082633813782	FALSE
set3IT040	R2A 37C	5/11/2015 cupriavidus_4G11_ML11_set3	136	3191078	3903	1880977	1876875	208	362	293.996710526316	0.15328352923455	0.222667579215416	1.0703893278914	1.05444778402238	0.138601249452296	0.139640572883697	-0.126666239550069	1.62359065405634	TRUE
set3IT041	Time0	5/11/2015 cupriavidus_4G11_ML11_set3	137	2829533	4230	1680035	1676982	188	174	262.68515037594	-0.015945963718021	0.258745569855695	1.068838876328	1.05343925896146	0.0387568132272933	0.0285037315660504	0.017520257810797	2.57270453949195	FALSE
set3IT042	Time0	5/11/2015 cupriavidus_4G11_ML11_set3	138	2623888	3899	1557608	1554669	174	188	243.525845864662	-0.015945963718021	0.258745569855695	1.05343925896146	1.068838876328	0.0387568132272933	0.0285037315660504	-0.017520257810797	1.92934383871361	FALSE
set3IT043	inner cut, LB soft agar motility assay	5/11/2015 cupriavidus_4G11_ML11_set3	139	3458134	10195	1194315	1193086	53	362	186.886904761905	0.0530023347550374	0.88365736907136	1.53051471669878	1.05444778402238	0.0730043531554693	-0.0452748709708142	0.00044521296203139	11.3561724225611	FALSE
set3IT044	inner cut, LB soft agar motility assay	5/11/2015 cupriavidus_4G11_ML11_set3	140	3632853	4333	1631995	1630045	72	362	255.332863408521	0.0521593159180936	0.837956291235938	1.55131728091746	1.05444778402238	0.0565293121161726	0.0167270794616905	0.0281818080988648	11.5617663071458	FALSE
set3IT045	inner cut, LB soft agar motility assay	5/11/2015 cupriavidus_4G11_ML11_set3	141	2902682	62687	1549195	1543652	69	362	241.800125313283	0.0695257257133314	0.816674998184885	1.55756215383618	1.05444778402238	0.0515062712302506	0.0175446991885294	-0.0216457908344672	10.5817527643703	FALSE
set3IT046	outer cut, LB soft agar motility assay	5/11/2015 cupriavidus_4G11_ML11_set3	142	2643800	6997	485789	485401	10	362	76.0339912280702	0.0582854652388596	0.958297746555131	1.58496250072116	1.05444778402238	0.0615837438735816	0.0406535220781142	0.00741360225923665	11.6257812931039	FALSE
set3IT047	outer cut, LB soft agar motility assay	5/11/2015 cupriavidus_4G11_ML11_set3	143	2965302	1023	818903	818442	10	362	128.202067669173	0.0571195799759204	0.945890804493262	1.58496250072116	1.05444778402238	0.0209488102170558	0.0229856949825136	-0.0131171508082003	13.1817762378172	FALSE
set3IT048	outer cut, LB soft agar motility assay	5/11/2015 cupriavidus_4G11_ML11_set3	144	2858615	23390	1279359	1277878	10	362	200.168859649123	0.0646872984727195	0.796265290001809	1.4594316186373	1.05444778402238	0.0491951766886625	0.026753183736983	0.00482144792374686	13.5683577224919	FALSE
set4IT049	Cobalt chloride 0.5 mM	5/13/2015 cupriavidus_4G11_ML11_set4	145	3299757	4654	1929022	1925307	161	809	301.583176691729	0.0982691543389531	1.00407862428348	1.8073549220576	1.07030574669434	0.0957976804674355	-0.00282873365983853	-0.0137653056116907	8.39208506446405	FALSE
set4IT050	Paraquat dichloride 0.016 mg/ml	5/13/2015 cupriavidus_4G11_ML11_set4	146	3165365	3250	1883981	1880329	202	809	294.537750626566	0.119426094537382	0.654656695714402	1.23526664057157	1.07030574669434	0.100439264339417	0.00780778555323426	0.0315586829108292	2.99056352631818	FALSE
set4IT051	Paraquat dichloride 0.032 mg/ml	5/13/2015 cupriavidus_4G11_ML11_set4	147	3482890	3045	2068497	2064161	216	809	323.333489974937	0.141205201397181	0.783272272322168	1.32568059685229	1.07030574669434	0.0770273357908332	0.0297826023345878	-0.00244877286179952	4.15304475418486	FALSE
set4IT052	Thallium(I) acetate 0.001 mg/ml	5/13/2015 cupriavidus_4G11_ML11_set4	148	3043217	3231	1804809	1801528	197	809	282.194235588972	0.138166183326942	0.541909345943181	1.18852824812228	1.07030574669434	0.122680259570194	0.0626689490618259	0.0186697690095492	3.54515504741149	FALSE
set4IT053	Thallium(I) acetate 0.0025 mg/ml	5/13/2015 cupriavidus_4G11_ML11_set4	149	2995602	3497	1776528	1773191	191	809	277.75548245614	0.130850266339448	0.82625065457765	1.37185138604284	1.07030574669434	0.0622050940196905	-0.0135428447561319	0.0135795963848515	4.71087529032069	FALSE
set4IT054	Zinc 0.1 mM	5/13/2015 cupriavidus_4G11_ML11_set4	150	3765446	4520	2239090	2234739	235	809	350.053101503759	0.125010318066472	0.851268899590512	1.31578559315292	1.07030574669434	0.040697857748887	0.00237674525689	0.00435027032040309	3.90299624728415	FALSE
set4IT055	LB	5/13/2015 cupriavidus_4G11_ML11_set4	151	3669020	4184	2182525	2178514	239	809	341.245927318296	0.168201311295324	0.490730076688297	1.19184668547523	1.07030574669434	0.0841912947344966	0.0272781195300589	0.0160585625558795	2.66217606410054	TRUE
set4IT056	Sisomicin 0.025 mg/ml	5/13/2015 cupriavidus_4G11_ML11_set4	152	3768886	4285	2236989	2232558	242	809	349.711466165414	0.167943987674701	0.560617403361625	1.2267032534754	1.07030574669434	0.154724874533994	0.0159096533300149	0.0252277153528746	2.83019046781583	FALSE
set4IT057	Sisomicin 0.035 mg/ml	5/13/2015 cupriavidus_4G11_ML11_set4	153	3057835	3647	1818512	1815162	200	809	284.329887218045	0.161946068504581	0.529894114647262	1.20870031832366	1.07030574669434	0.124881685777726	0.0278718874553715	0.0236189113559398	3.07798315535692	FALSE
set4IT058	Chlorate 40 mM	5/13/2015 cupriavidus_4G11_ML11_set4	154	3560333	2946	2120857	2117419	225	809	331.675908521303	0.115219431790131	0.872385502538801	1.37891360014931	1.07030574669434	0.0843728884885273	0.0232181464783768	-0.0114170917527741	3.85832426837869	FALSE
set4IT059	Chlorite 0.5 mM	5/13/2015 cupriavidus_4G11_ML11_set4	155	3473517	3238	2066697	2063104	225	809	323.167919799499	0.130480012616903	0.544015366072912	1.17641021400313	1.07030574669434	0.0621705431346071	-0.0172793261088852	-0.00696487224789519	3.27756501941861	FALSE
set4IT060	Polymyxin B sulfate 0.001 mg/ml	5/13/2015 cupriavidus_4G11_ML11_set4	156	3133888	3290	1854696	1850867	198	809	289.922775689223	0.132665411434295	0.713467775390002	1.27524714192201	1.07030574669434	0.113407580189313	0.0138310091864379	-0.0142114831516638	4.11974558999434	FALSE
set4IT061	LB	5/13/2015 cupriavidus_4G11_ML11_set4	157	2978150	2904	1771382	1768035	192	809	276.947838345865	0.13367125306766	0.561419545607939	1.21846160434842	1.07030574669434	0.0801137219813215	0.000826847960031505	-0.0132841031859776	3.12894392595271	FALSE
set4IT062	R2A with Nickel (II) chloride 0.25 mM	5/13/2015 cupriavidus_4G11_ML11_set4	158	3753355	4621	2224161	2220356	251	809	347.800125313283	0.173132293337227	0.223643565178972	1.09192248944104	1.07030574669434	0.169068042503542	0.0848412704629863	0.0529759374766719	2.4645815957004	TRUE
set4IT063	R2A with Nickel (II) chloride 0.35 mM	5/13/2015 cupriavidus_4G11_ML11_set4	159	3289817	4141	1961216	1957573	214	809	306.637374686717	0.200457628014647	0.228867113992354	1.07871848974784	1.07030574669434	0.176843486253893	0.0847621352723819	0.0469469942600448	7.80042462673985	TRUE
set4IT064	R2A with sodium fluoride 100 mM	5/13/2015 cupriavidus_4G11_ML11_set4	160	2970441	3255	1760810	1757644	199	809	275.320175438596	0.127780522172006	0.221251456999621	1.07648608386651	1.07030574669434	0.139677296583828	0.054518692830907	0.0716714663008673	1.44182685992879	TRUE
set4IT065	R2A with Paraquat dichloride 0.032 mg/ml	5/13/2015 cupriavidus_4G11_ML11_set4	161	2789217	2971	1656497	1653545	187	809	259.013941102757	0.0907937849144989	0.228231442189054	1.08746284125034	1.07030574669434	0.0968559075007984	0.106286020571225	0.0763358617218066	1.58227036232782	FALSE
set4IT066	R2A with Cisplatin 0.001 mg/ml	5/13/2015 cupriavidus_4G11_ML11_set4	162	1856388	3670	1083280	1081179	77	809	169.357612781955	0.0487013096771351	0.729170381168388	1.24792751344359	1.07030574669434	0.0873539516718296	0.0357024471371114	-0.0413704571981446	3.69809019169535	FALSE
set4IT067	R2A with Cisplatin 0.003 mg/ml	5/13/2015 cupriavidus_4G11_ML11_set4	163	1610988	2733	942404	940619	68	809	147.340068922306	0.0655439101649082	0.817738008789931	1.32192809488736	1.07030574669434	0.0625113546791969	0.0700823338645519	-0.0318237329623696	3.44475037011517	FALSE
set4IT068	R2A with Cisplatin 0.0075 mg/ml	5/13/2015 cupriavidus_4G11_ML11_set4	164	1162353	3251	680824	679327	58	809	106.410870927318	0.0950819761917596	0.758606720370478	1.32192809488736	1.07030574669434	0.0804642636045295	0.105803254497717	-0.0234245480557039	2.94966382924068	FALSE
set4IT069	R2A	5/13/2015 cupriavidus_4G11_ML11_set4	165	3098559	2679	1840439	1837370	206	809	287.8085839599	0.16092505840732	0.208081385757513	1.08186785234991	1.07030574669434	0.126662775989042	0.099110073965422	0.0589528935624187	1.60405704549291	TRUE
set4IT070	R2A with nitrate 200 mM	5/13/2015 cupriavidus_4G11_ML11_set4	166	3255077	4191	1932645	1929127	215	809	302.181547619048	0.197365691695977	0.231438557587206	1.07800251200127	1.07030574669434	0.17926711704343	0.0814503710587297	0.0900929390062955	1.70975057257127	TRUE
set4IT071	R2A with Chlorite 2 mM	5/13/2015 cupriavidus_4G11_ML11_set4	167	3006327	3131	1782939	1779890	199	809	278.804824561404	0.0989762710562191	0.224426737288768	1.07580656158269	1.07030574669434	0.0947842711064348	0.0714289468198769	0.00819617397689389	1.1638432037433	FALSE
set4IT072	R2A with Chlorite 4 mM	5/13/2015 cupriavidus_4G11_ML11_set4	168	3098409	3951	1837405	1834043	207	809	287.287437343358	0.120009061640941	0.228771339471921	1.09283776156378	1.07030574669434	0.159715884402307	0.0721253760211254	0.0447566984624195	2.49400176953979	TRUE
set4IT073	R2A with Polymyxin B sulfate 0.005 mg/ml	5/13/2015 cupriavidus_4G11_ML11_set4	169	2275798	3633	1343359	1340669	148	809	210.004542606516	0.214219324081577	0.254442547710903	1.07379816174536	1.07030574669434	0.137810411907586	0.0991163375930236	0.0586928062675589	5.0324351093564	TRUE
set4IT074	R2A with Chloride 300 mM	5/13/2015 cupriavidus_4G11_ML11_set4	170	1963539	2304	1163171	1161256	128	809	181.901002506266	0.140798668817709	0.262124302659958	1.09456669062468	1.07030574669434	0.11473637240739	0.0744123342030859	0.018575655891099	1.53145892142029	TRUE
set4IT075	R2A	5/13/2015 cupriavidus_4G11_ML11_set4	171	2380156	1961	1410349	1407926	158.5	809	220.539786967419	0.0890439793710394	0.236641614552159	1.08260129559995	1.07030574669434	0.0397158360984222	0.0408792487689398	0.0208432400377748	1.43696718643292	FALSE
set4IT076	Time0	5/13/2015 cupriavidus_4G11_ML11_set4	172	3119246	4229	1849002	1846019	205	603	289.163377192982	0.0227148756694795	0.208888899354301	1.0750223860992	1.07562885360111	0.0689034359265255	0.0246234283565507	-0.0176115456312332	1.63674778101329	FALSE
set4IT077	Time0	5/13/2015 cupriavidus_4G11_ML11_set4	173	2477565	3470	1470489	1468009	165	643	229.951284461153	0.0783375062948497	0.214775515208915	1.06441801340377	1.07001148792717	0.0684358590707254	0.075263542383542	0.0340337074506395	1.638291276536	FALSE
set4IT078	Time0	5/13/2015 cupriavidus_4G11_ML11_set4	174	3022088	4254	1790604	1787593	198	606	280.011434837093	0.0535694319504498	0.229505119923189	1.07865035556002	1.06443329732356	0.102212947594005	0.0635967806110762	-0.0466846697820284	1.78476509319709	FALSE
set4IT079	Time0	5/13/2015 cupriavidus_4G11_ML11_set4	175	3571648	4980	2118369	2114836	237	570	331.271303258145	0.0507887936503497	0.213212111153134	1.06558834162758	1.06603880001961	0.0240651900371363	-0.0138324526962117	0.0298776133226825	1.46811040066954	FALSE
set4IT080	Benzethonium chloride 0.005 mM	5/13/2015 cupriavidus_4G11_ML11_set4	176	3129552	4187	1854393	1851110	188	809	289.960839598997	0.0901297404595632	1.12937552968708	1.518360807563	1.07030574669434	0.0575067838038886	0.0184449411034699	0.00672797499769377	5.73171042351398	FALSE
set4IT081	Benzalkonium Chloride 0.00075 mg/ml	5/13/2015 cupriavidus_4G11_ML11_set4	177	2710546	2376	1617357	1614663	149	809	252.923402255639	0.0983658015144857	1.60309653107878	2.07528812730424	1.07030574669434	0.0584476199512006	-0.0136033660806986	0.0125151976838397	5.91518235375001	FALSE
set4IT082	Phosphomycin 0.8 mg/ml	5/13/2015 cupriavidus_4G11_ML11_set4	178	2880164	3151	1712107	1708988	180	809	267.698621553885	0.138042281750125	0.857990568494656	1.36327951651597	1.07030574669434	0.086730717092771	0.0239150077411853	0.0125444801958237	3.86573359545857	FALSE
set4IT083	Bacitracin 0.5 mg/ml	5/13/2015 cupriavidus_4G11_ML11_set4	179	2742003	2223	1623547	1619944	157	809	253.750626566416	0.0922522051362893	1.17562513023142	1.64974091759005	1.07030574669434	0.085990120295059	0.0304956189782367	-0.0146694034917323	6.36896224990117	FALSE
set4IT084	Fusidic 0.004 mg/ml	5/13/2015 cupriavidus_4G11_ML11_set4	180	3142810	3868	1856006	1853044	178	809	290.263784461153	0.104833129912304	1.17982587343757	1.61161941251107	1.07030574669434	0.084060213518213	0.0430425814324523	-0.0147045632347269	6.26255000676745	FALSE
set4IT085	Dimethyl Sulfoxide 5 vol%	5/13/2015 cupriavidus_4G11_ML11_set4	181	2605854	2680	1535787	1533075	156	809	240.143327067669	0.298352819326976	0.447570263543851	1.17483402620588	1.07030574669434	0.298140048315488	0.256913084922542	-0.118253598326079	3.6481999506895	FALSE
set4IT086	Vancomycin 0.25 mg/ml	5/13/2015 cupriavidus_4G11_ML11_set4	182	2354867	2759	1392039	1389621	146	809	217.672462406015	0.122718974323766	0.835181450163252	1.34922429881485	1.07030574669434	0.0568189354038827	0.0204246709536948	-0.01035256291382	4.11685578787494	FALSE
set4IT087	Vancomycin 0.5 mg/ml	5/13/2015 cupriavidus_4G11_ML11_set4	183	3305818	2665	1951564	1947561	180.5	809	305.069078947368	0.130153620037636	1.16432551435145	1.74577223272507	1.07030574669434	0.0810483835259861	0.00625996156401529	-0.023270718879364	6.97183016780143	FALSE
set4IT088	Cephalothin 0.5 mg/ml	5/13/2015 cupriavidus_4G11_ML11_set4	184	2079615	1984	1227957	1225715	127	809	191.997963659148	0.174557181344481	0.70904088432066	1.32192809488736	1.07030574669434	0.0912613056633995	0.0152495453288849	-0.0335840487420019	4.81491602916213	FALSE
set4IT089	Cephalothin 1.25 mg/ml	5/13/2015 cupriavidus_4G11_ML11_set4	185	2117062	2330	1253853	1251367	121	809	196.016134085213	0.184686768904582	0.673226817306968	1.27658571690304	1.07030574669434	0.101204125571999	0.0346257003148591	-0.0415296548475252	5.61004998175302	FALSE
set4IT090	A22 0.005 mg/ml	5/13/2015 cupriavidus_4G11_ML11_set4	186	2452485	2697	1455072	1452204	154	809	227.475563909774	0.154815246467207	0.576726157593427	1.20163386116965	1.07030574669434	0.0790274934958761	0.0249780997765132	-0.00656776828113556	3.50903345775742	FALSE
set4IT091	A22 0.01 mg/ml	5/13/2015 cupriavidus_4G11_ML11_set4	187	3214541	3833	1904556	1900993	205	809	297.77459273183	0.145384831522823	0.560598278685118	1.19701652743588	1.07030574669434	0.0614347661280276	0.000111826917667339	0.00482356781934603	3.7241351696434	FALSE
set4IT092	A22 0.02 mg/ml	5/13/2015 cupriavidus_4G11_ML11_set4	188	2757842	3218	1623701	1620689	173	809	253.867324561404	0.146100620270873	0.676786254909569	1.28519798531899	1.07030574669434	0.104144035966661	0.0436169054241258	-0.0218823995363147	4.84217597644079	FALSE
set4IT093	Lomefloxacin 0.0005 mM	5/13/2015 cupriavidus_4G11_ML11_set4	189	2955731	4095	1746162	1742693	181	809	272.978226817043	0.139191082187821	0.741779511045417	1.30106152593967	1.07030574669434	0.0993684833648069	0.0208643521262436	-0.00148397730254812	6.34797576109768	FALSE
set4IT094	Neomycin 0.5 mg/ml	5/13/2015 cupriavidus_4G11_ML11_set4	190	2915466	2756	1734285	1730875	184	809	271.127036340852	0.131877252414343	0.721292319742608	1.31410859042806	1.07030574669434	0.117468595725604	0.0142417424941905	-0.00179906804709469	3.16798097198476	FALSE
set4IT095	Doxycycline hyclate 0.0001 mg/ml	5/13/2015 cupriavidus_4G11_ML11_set4	191	2990853	2898	1793275	1789285	156	809	280.276472431078	0.108822718891652	1.61853441059989	2.06898770626056	1.07030574669434	0.0297987668711869	0.03305105237554	-0.0114558032716753	6.92787227685516	FALSE
set4IT096	LB	5/13/2015 cupriavidus_4G11_ML11_set4	192	2864425	3172	1691048	1687567	172	809	264.343201754386	0.161542450475783	0.680405580018763	1.25309269366852	1.07030574669434	0.151779028987139	0.151171791284323	-0.0959478865029815	3.3362950963083	FALSE
set5IT001	R2A with Aluminum chloride 1.5 mM	5/13/2015 cupriavidus_4G11_ML11_set5	193	2418080	2195	1438232	1435121	142	492	224.799655388471	0.0943313775293043	0.85118592783248	1.46846996623881	1.05812299488697	0.091631026195285	0.0204305278814513	-0.0387202837807145	6.09993824095756	FALSE
set5IT002	R2A with Bacitracin 0.5 mg/ml	5/13/2015 cupriavidus_4G11_ML11_set5	194	3622495	2970	2162186	2155654	243	492	337.665100250627	0.221145502087446	0.218018573143243	1.08017723143899	1.05812299488697	0.202836200296212	0.187025786056336	-0.0179250211950218	1.39908011802605	TRUE
set5IT003	R2A with Dimethyl Sulfoxide 5 vol%	5/13/2015 cupriavidus_4G11_ML11_set5	195	3313850	2940	1963517	1960130	214.5	492	307.03790726817	0.226567591310011	0.23565357555236	1.0917816539423	1.05812299488697	0.253502060893732	0.207136971476579	-0.0577946800807306	1.36012109960433	TRUE
set5IT004	R2A	5/13/2015 cupriavidus_4G11_ML11_set5	196	3152235	2969	1871199	1867633	209	492	292.549028822055	0.111147392940292	0.23052993950732	1.06302904328146	1.05812299488697	0.104456404087678	0.00943913723820478	0.00082631144099281	1.84486021401251	TRUE
set5IT005	R2A with Vancomycin 0.5 mg/ml	5/13/2015 cupriavidus_4G11_ML11_set5	197	2732727	1394	2177437	2176235	64	492	340.888941102757	0.10076857788484	0.339476528949545	1.09953567355091	1.05812299488697	0.088701304183931	0.055261866014725	0.0424809475314395	12.084543407092	TRUE
set5IT006	R2A with Cephalothin 0.25 mg/ml	5/13/2015 cupriavidus_4G11_ML11_set5	198	3710701	3409	2203607	2199610	247	492	344.550438596491	0.141551345551044	0.228347671395516	1.08220188686407	1.05812299488697	0.147510442780765	0.12521686303357	-0.0294880245550232	1.6179783834857	TRUE
set5IT007	R2A with Lomefloxacin 0.00075 mM	5/13/2015 cupriavidus_4G11_ML11_set5	199	3221048	4999	1905270	1900392	205	492	297.68045112782	0.208296739786846	0.282188844374334	1.08394792779597	1.05812299488697	0.200419084285562	0.0986351016360151	-0.0702804507426449	4.21698635168929	TRUE
set5IT008	R2A with Lomefloxacin 0.001 mM	5/13/2015 cupriavidus_4G11_ML11_set5	200	1828585	2381	1027021	998798	62	492	156.453320802005	0.133349115977673	0.448527817584167	1.15508191372804	1.05812299488697	0.114035362888807	0.0715648104074874	-0.0832019337292793	9.37084174104106	TRUE
set5IT009	R2A with D-Cycloserine 0.01 mg/ml	5/13/2015 cupriavidus_4G11_ML11_set5	201	3158432	3589	1874814	1871554	211	492	293.163220551378	0.104932295318697	0.220877471853909	1.09969978401015	1.05812299488697	0.0784616841325397	0.0131956548656273	0.0174906581855708	1.90045837246508	TRUE
set5IT010	R2A with D-Cycloserine 0.5 mg/ml	5/13/2015 cupriavidus_4G11_ML11_set5	202	3519216	616	2233936	2231243	1	492	349.50548245614	0.0598311880539418	0.659210962113838	1	1.05812299488697	0.0347320059999212	0.0629761823856153	0.00575235288772043	15.7965861044179	FALSE
set5IT011	R2A with Doxycycline hyclate 0.0004 mg/ml	5/13/2015 cupriavidus_4G11_ML11_set5	203	2146473	67	2004868	2003806	4	492	313.879385964912	0.0411734059597975	0.628151175845746	1	1.05812299488697	0.0244875695923355	0.0123639749270774	0.00812946945376385	15.6634045640836	FALSE
set5IT012	R2A	5/13/2015 cupriavidus_4G11_ML11_set5	204	3633105	3146	2151960	2148462	237	492	336.538533834586	0.202195039918999	0.237070299303657	1.0748564842154	1.05812299488697	0.228129271877332	0.166633271183958	-0.0772162723033991	1.74813761880656	TRUE
set5IT013	Time0	5/13/2015 cupriavidus_4G11_ML11_set5	205	3954107	5529	2343782	2339732	261	229	366.499373433584	0.0699914247030171	0.214923253844421	1.05924124267168	1.06423628550252	0.105456302651467	0.0703841960791669	-0.0523996225300402	2.13456162787082	FALSE
set5IT014	Time0	5/13/2015 cupriavidus_4G11_ML11_set5	206	3467841	4599	2058960	2055496	229	261	321.97619047619	0.0699914247030171	0.214923253844421	1.06423628550252	1.05924124267168	0.105456302651467	0.0703841960791669	0.0523996225300402	1.65258932067748	FALSE
set5IT015	Time0	5/19/2015 cupriavidus_4G11_ML11_set5	207	3589064	4919	2131987	2128293	240	662.5	333.379229323308	0.0311091132242386	0.195013851570937	1.05785361030773	1.05889368905357	0.0357597381573537	-0.0298689481696471	0.0122583168130656	1.10347157607908	FALSE
set5IT016	Time0	5/19/2015 cupriavidus_4G11_ML11_set5	208	3656459	5080	2169338	2165555	244	659	339.21600877193	-0.00228095327468535	0.19637609835058	1.06239299755625	1.06258456706565	0.00593184392169883	0.0544189803963884	-0.0132763913027383	1.37387050205539	FALSE
set5IT017	Time0	5/19/2015 cupriavidus_4G11_ML11_set5	209	3099905	4372	1842048	1838932	207	695	288.053258145363	-0.00408641039559027	0.201276149732456	1.06071189204104	1.05453614655332	-0.017960840452252	0.0559359731342156	-0.0177440345570373	1.25111786287807	FALSE
set5IT018	Time0	5/19/2015 cupriavidus_4G11_ML11_set5	210	3170399	4493	1880902	1877648	211	690.5	294.117794486216	0.00956002599984336	0.205623922144134	1.05168461607985	1.05668622424117	0.021411227073714	-0.0235861136603354	0.00419182067656193	1.18582670395125	FALSE
set5IT019	Tetracycline 0.0001 mg/ml	5/19/2015 cupriavidus_4G11_ML11_set5	211	3041713	4134	1821981	1815698	53	903	284.413847117794	0.0575948997642895	1.84338403347159	2.57499162220359	1.05941956466909	0.046009484558294	0.022122351351778	-0.00343098457435612	10.3995729864272	FALSE
set5IT020	Tetracycline 0.00025 mg/ml	5/19/2015 cupriavidus_4G11_ML11_set5	212	4135119	51	3919490	3893210	2	903	609.83865914787	0.0471787107906598	0.694698056790273	1	1.05941956466909	0.038119369683474	-0.0237753822098964	-0.00996309828645983	9.22564081941851	FALSE
set5IT021	Spectinomycin 0.01 mg/ml	5/19/2015 cupriavidus_4G11_ML11_set5	213	3004104	3705	1775999	1771327	180	903	277.463502506266	0.0515057984355895	1.51757427261928	1.85006457870944	1.05941956466909	0.00204024242314502	0.00452117271567687	-0.0216384859426881	4.15923723097495	FALSE
set5IT022	Spectinomycin 0.025 mg/ml	5/19/2015 cupriavidus_4G11_ML11_set5	214	5900933	147	3489173	3488241	7	903	546.403665413534	0.0371409006828973	1.24477396265436	1.32192809488736	1.05941956466909	0.0155205532224015	0.0128522084699451	-0.0341670801616239	10.1411794199499	FALSE
set5IT023	Spectinomycin 0.05 mg/ml	5/19/2015 cupriavidus_4G11_ML11_set5	215	1716066	35	1682675	1682603	1	903	263.56563283208	0.016801828135101	0.847250101141943	1	1.05941956466909	0.0234877345708868	-0.00100157676241274	-0.00302452660718225	10.5386464870684	FALSE
set5IT024	Carbenicillin 0.1 mg/ml	5/19/2015 cupriavidus_4G11_ML11_set5	216	2070685	24	2059081	2059020	1	903	322.528195488722	0.064990951305096	0.669200929792017	1	1.05941956466909	0.0348852032307738	-0.00234760389458855	-0.00771818277664074	9.17922023815855	FALSE
set5IT025	Gentamicin 0.25 mg/ml	5/19/2015 cupriavidus_4G11_ML11_set5	217	3217524	4678	1916559	1911299	194	903	299.388941102757	0.0414488195671487	1.66797163544149	2.04131319604126	1.05941956466909	0.0441326664783962	0.0340552175053083	0.0116322421835749	4.528072977443	FALSE
set5IT026	Gentamicin 0.5 mg/ml	5/19/2015 cupriavidus_4G11_ML11_set5	218	4629432	399	4295076	4294491	20	903	672.695958646617	0.0501638576735165	1.53936800153971	1.8073549220576	1.05941956466909	0.0358557045934156	-0.0101332202472174	0.00411607042021394	11.2405199230606	FALSE
set5IT028	methylglyoxal 0.001 vol%	5/19/2015 cupriavidus_4G11_ML11_set5	220	2570981	2068	1522455	1518182	107	903	237.810463659148	0.0517217735096014	2.0657029128129	2.81825384238766	1.05941956466909	-0.014512919890231	0.00259950213894519	-0.00429632858551972	6.45453661401248	FALSE
set5IT030	5-Hydroxymethylfurfural 5 mM	5/19/2015 cupriavidus_4G11_ML11_set5	222	922554	28	569714	568481	1	903	89.0477756892231	0.0362550951894521	0.817544374593646	1	1.05941956466909	0.00796675343643286	0.005803620196219	0.000620226607888578	12.8950021869759	FALSE
set5IT031	Vanillin 1.25 mM	5/19/2015 cupriavidus_4G11_ML11_set5	223	2714259	1057	1691543	1685670	2	903	264.046052631579	0.0303373056503057	0.822801422834486	1	1.05941956466909	0.0328202142323605	-0.0227031797464976	-0.00859001971299525	12.0595932106986	FALSE
set5IT032	Furfuryl Alcohol 0.2 vol%	5/19/2015 cupriavidus_4G11_ML11_set5	224	2149160	2990	1277587	1275060	122	903	199.727443609023	0.0533686569912172	1.97613948732075	2.38978074422561	1.05941956466909	0.056440316463084	0.00744004462175189	0.0154718911521535	5.42376704500262	FALSE
set5IT033	LB	5/19/2015 cupriavidus_4G11_ML11_set5	225	1765236	1426	1048766	1046542	109	903	163.93201754386	0.0461008483745524	1.47694653550743	1.84863273517297	1.05941956466909	-0.00368725499852923	-0.0272184614702341	-0.0161184442669172	5.64752478628138	FALSE
set5IT034	Choline chloride 40 mM	5/19/2015 cupriavidus_4G11_ML11_set5	226	2872640	1124	1678953	1673819	1	903	262.189692982456	0.0519454792229693	0.910686653356302	1	1.05941956466909	-0.0182975953734721	0.0147182408551509	0.0106561931168986	11.0742950106512	FALSE
set5IT035	Choline chloride 80 mM	5/19/2015 cupriavidus_4G11_ML11_set5	227	1911484	20	501477	332833	2	903	52.1354949874687	0.0379846663851486	0.740169934734364	1	1.05941956466909	0.0315817794228139	0.0640668289065049	-0.00653065846084993	8.38852458020707	FALSE
set5IT036	Cholin acetate 40 mM	5/19/2015 cupriavidus_4G11_ML11_set5	228	1565992	52	847576	843676	2	903	132.154761904762	0.0488579312582885	0.69312276453293	1	1.05941956466909	0.056146294083798	-0.051087117167479	-0.00583515098605693	10.89501733957	FALSE
set5IT037	acetate 50 mM	5/19/2015 cupriavidus_4G11_ML11_set5	229	1384792	52	776383	775910	2	903	121.539786967419	0.0608522670763873	0.701531519523057	1	1.05941956466909	0.0180966690502288	-0.00530511919711875	-0.0193242851735615	10.4549062333291	FALSE
set5IT038	1-ethyl-3-methylimidazolium lysine 2 mM	5/19/2015 cupriavidus_4G11_ML11_set5	230	3608063	5149	2137603	2132402	121	903	334.022869674185	0.082920476934075	2.00024426212749	2.7289319523462	1.05941956466909	-0.0103693492228155	0.00111089637431479	0.0151039515809148	6.61806717466241	FALSE
set5IT039	1-ethyl-3-methylimidazolium acetate 4 mM	5/19/2015 cupriavidus_4G11_ML11_set5	231	3230502	2944	1929846	1924702	196	903	301.488408521303	0.0548510836892215	1.42939452250351	1.88549075557611	1.05941956466909	0.0176016344607246	0.0081684030997628	0.000189630876096306	7.15977614851497	FALSE
set5IT040	1-ethyl-3-methylimidazolium acetate 8 mM	5/19/2015 cupriavidus_4G11_ML11_set5	232	3216631	2680	1921373	1917062	169	903	300.291666666667	0.0558373903075662	1.7859022516384	2.37389812167223	1.05941956466909	0.0358704399849204	0.0174974202121764	0.00412551368834979	7.44277245844759	FALSE
set5IT041	1-ethyl-3-methylimidazolium chloride 20 mM	5/19/2015 cupriavidus_4G11_ML11_set5	233	2870851	2858	1802132	1797354	2	903	281.540413533835	0.0410437361760573	1.08496882917948	1	1.05941956466909	0.0382182318638371	0.0194043552052354	-0.0116481982834009	13.0846589785814	FALSE
set5IT042	Choline Lysine 10 mM	5/19/2015 cupriavidus_4G11_ML11_set5	234	2547403	53	1613160	1569076	3	903	245.782581453634	0.0678397736704736	0.671836713860392	1	1.05941956466909	0.0265127076487464	-0.0273044453255172	-0.0012888331235856	15.9000410421962	FALSE
set5IT043	LB	5/19/2015 cupriavidus_4G11_ML11_set5	235	2994019	3287	1781893	1778272	182	903	278.551378446115	0.0453986527748214	1.60145389474023	2	1.05941956466909	-0.00639863215378491	-0.0203676329353167	-0.0118064854262413	5.83170266579242	FALSE
set5IT044	Nickel (II) chloride 1 mM	5/19/2015 cupriavidus_4G11_ML11_set5	236	1474700	1459	910108	909842	4	903	142.519110275689	0.0455863572126769	0.869904761794558	1	1.05941956466909	0.0248410887683565	0.00605755881919206	-0.022392469940124	9.26372859993433	FALSE
set5IT045	Cobalt chloride 0.4 mM	5/19/2015 cupriavidus_4G11_ML11_set5	237	2928533	3005	1768363	1764629	119	903	276.414317042607	0.0850947568780149	1.26440161067656	2.06964220455123	1.05941956466909	0.0869414034683627	0.0197615693172897	-0.017913195371939	9.26636708609611	FALSE
set5IT046	Cobalt chloride 0.5 mM	5/19/2015 cupriavidus_4G11_ML11_set5	238	1367591	1150	841154	839288	31	903	131.467418546366	0.0620670540010072	1.58606133133337	2.40209844357135	1.05941956466909	0.0601536661325243	0.0230069092451376	-0.00634605759487917	9.97307954714392	FALSE
set5IT047	copper (II) chloride 0.5 mM	5/19/2015 cupriavidus_4G11_ML11_set5	239	2691409	34	2155694	2143493	2	903	335.760181704261	0.0420176340327507	0.648475755329216	1	1.05941956466909	0.0197061017714283	0.00849267414828398	-0.00871564549694907	6.4446696233839	FALSE
set5IT048	copper (II) chloride 0.75 mM	5/19/2015 cupriavidus_4G11_ML11_set5	240	2990668	59	1292452	1288721	4	903	201.867324561404	0.00629232483342904	0.676872980077182	1	1.05941956466909	0.000681840349852059	-0.00780565118441357	-0.0137752938795471	9.94662400042103	FALSE
set6IT049	copper (II) chloride 1.5 mM	5/19/2015 cupriavidus_4G11_ML11_set6	241	3846784	363	1762111	1727846	17	667	270.652568922306	-0.0060084677125058	0.622636060761672	1.12553088208386	1.06737891022625	0.0102493830028742	0.035644284740934	0.017360694713355	3.29842018761639	FALSE
set6IT051	Cisplatin 0.001 mg/ml	5/19/2015 cupriavidus_4G11_ML11_set6	243	5513913	10087	3266345	3257796	245	667	510.306390977444	0.0454205258553514	1.8715934670606	2.91433617066058	1.06737891022625	0.0605136255688758	0.0273932892321837	-0.00258488766088226	6.97552527710397	FALSE
set6IT053	nitrite 5 mM	5/19/2015 cupriavidus_4G11_ML11_set6	245	5017404	82	4627536	4617450	4	667	723.28477443609	0.0437054479405778	0.925980180148119	1	1.06737891022625	0.00306610348214395	0.0310763105532289	0.00246427728431426	15.5914675979518	FALSE
set6IT054	nitrite 7.5 mM	5/19/2015 cupriavidus_4G11_ML11_set6	246	7966826	528	7903650	7901250	9	667	1237.66447368421	-0.00760281355649951	0.951845064886305	1.15200309344505	1.06737891022625	0.00762158963332392	0.0654435889067008	-0.00619071687986097	7.15683594227607	FALSE
set6IT055	nitrate 50 mM	5/19/2015 cupriavidus_4G11_ML11_set6	247	4539861	9743	2816487	2797132	3	667	438.147243107769	0.0335896791121072	0.785079293670704	1	1.06737891022625	-0.0019797896804253	0.0167596496069891	-0.00372677860018832	12.2337056820948	FALSE
set6IT056	LB	5/19/2015 cupriavidus_4G11_ML11_set6	248	6201523	8240	3674324	3665042	386	667	574.09805764411	0.0381279720425787	1.50327925249599	1.82774406561441	1.06737891022625	0.0104645679044878	0.0286811875342451	-0.00949599815425133	4.0385865440598	FALSE
set6IT057	perchlorate 20 mM	5/19/2015 cupriavidus_4G11_ML11_set6	249	5520577	8723	3302359	3293783	345.5	667	515.943452380952	0.0536029939439064	1.16292311413083	1.57777205298408	1.06737891022625	0.0884074961238786	-0.0206035094949979	0.0067605748942191	5.70767385815062	FALSE
set6IT058	perchlorate 30 mM	5/19/2015 cupriavidus_4G11_ML11_set6	250	5565894	7275	3326816	3318463	341	667	519.80936716792	0.0600489864804205	1.11133940493313	1.56374671346882	1.06737891022625	0.0339316709997284	-0.0181424679833887	0.0071721102214354	6.82708921529485	FALSE
set6IT059	perchlorate 40 mM	5/19/2015 cupriavidus_4G11_ML11_set6	251	5825822	6808	3497111	3488221	340	667	546.400532581454	0.078915890576934	1.16294153120056	1.58496250072116	1.06737891022625	0.0443948946483052	0.0056581731850419	-0.000979391085899705	7.28190081670093	FALSE
set6IT060	perchlorate 50 mM	5/19/2015 cupriavidus_4G11_ML11_set6	252	5516584	6313	3380828	3371510	264	667	528.11873433584	0.0796638381423306	1.57225507876071	2.07638514020162	1.06737891022625	0.030701905243506	0.00677438990353392	0.00663634114730337	8.80949517963275	FALSE
set6IT061	Chloride 100 mM	5/19/2015 cupriavidus_4G11_ML11_set6	253	4754758	154	4658057	4643695	6	667	727.395833333333	0.0393827700990799	0.637511140207911	1	1.06737891022625	-0.0036997065029857	0.0266777159478856	-0.000701183014620966	5.93069751335267	FALSE
set6IT062	Aluminum chloride 6 mM	5/19/2015 cupriavidus_4G11_ML11_set6	254	7044740	9912	4375875	4366610	215	667	683.992794486216	0.0941154859826042	1.88179729926644	2.95971831974428	1.06737891022625	0.053450515033109	-0.00594881228167283	0.00628058100690946	9.71238610633468	FALSE
set6IT063	Aluminum chloride 8 mM	5/19/2015 cupriavidus_4G11_ML11_set6	255	4501263	278	3035722	3022143	11	667	473.393327067669	0.0488170626691791	0.711718741024415	1.32192809488736	1.06737891022625	0.033078120710288	0.0716222363369452	-0.0069143535784417	10.5091909576114	FALSE
set6IT064	D-Cycloserine 0.02 mg/ml	5/19/2015 cupriavidus_4G11_ML11_set6	256	4967875	4033	2921956	2915084	241.5	667	456.62343358396	0.0537331681814244	1.93715576672123	2.69319675658837	1.06737891022625	0.00165755802129908	0.0298911460829005	-0.0220056173422524	6.35152150784888	FALSE
set6IT065	D-Cycloserine 0.035 mg/ml	5/19/2015 cupriavidus_4G11_ML11_set6	257	4351315	61	1906858	1905842	2	667	298.534147869674	0.0329540719810243	0.678235170058293	1	1.06737891022625	0.0523556840855943	0.00111014604266665	-0.0121494193260785	13.4827954650359	FALSE
set6IT066	D-Cycloserine 0.05 mg/ml	5/19/2015 cupriavidus_4G11_ML11_set6	258	9565410	60	5285751	5285474	3	667	827.925125313283	0.056365999647794	0.679264598085719	1	1.06737891022625	0.0261234111145601	0.0270101668621208	-0.0188407681517532	6.29870308090942	FALSE
set6IT067	LB	5/19/2015 cupriavidus_4G11_ML11_set6	259	5040873	6122	2968917	2962554	321	667	464.059210526316	0.0443692775279572	1.37995204633092	1.73767944629814	1.06737891022625	0.0481510146436821	0.0402059209395291	-0.00127179528990228	4.74299542642733	FALSE
set6IT068	Time0	5/19/2015 cupriavidus_4G11_ML11_set6	260	4540381	6408	2694847	2690305	304	366.5	421.41369047619	0.00253923188422101	0.2213076548377	1.07427376740442	1.06839957285644	0.0360104322844	0.00342214744908417	0.0190393213085844	1.84672753830515	FALSE
set6IT069	Time0	5/19/2015 cupriavidus_4G11_ML11_set6	261	5541057	7510	3290883	3285239	366.5	304	514.605106516291	0.00253923188422101	0.2213076548377	1.06839957285644	1.07427376740442	0.0360104322844	0.00342214744908417	-0.0190393213085845	1.73603839354464	FALSE
set6IT070	Nickel (II) chloride 0.5 mM	5/20/2015 cupriavidus_4G11_ML11_set6	262	5175780	7388	3088487	3082500	331	1400.5	482.847744360902	0.0675314643420515	1.02330331541504	1.49901924183336	1.04795725298276	0.0468310120228005	-0.0179667151903839	0.016791056232473	4.05270207494873	FALSE
set6IT071	Cobalt chloride 0.3 mM	5/20/2015 cupriavidus_4G11_ML11_set6	263	5078525	5382	2997376	2992496	263	1400.5	468.749373433584	0.0663326068716337	1.28230045480052	2.0789823455362	1.04795725298276	0.0487842669703406	0.0524707326286617	-0.0067406581645914	7.31726959756012	FALSE
set6IT072	Cobalt chloride 0.4 mM	5/20/2015 cupriavidus_4G11_ML11_set6	264	5402865	5542	3154270	3149024	221	1400.5	493.268170426065	0.0807620476678374	1.42895385242824	2.27516671419631	1.04795725298276	0.0399731666618598	0.0139735509342902	-0.0239331793904961	8.79227450317778	FALSE
set6IT073	copper (II) chloride 0.5 mM	5/20/2015 cupriavidus_4G11_ML11_set6	265	4939977	3532	2937081	2928767	247.5	1400.5	458.766760651629	0.0793295644760339	2.09476626791698	2.58775301685281	1.04795725298276	0.00833664596278369	-0.00101074964865994	0.0124536119602688	7.06855260954173	FALSE
set6IT074	copper (II) chloride 0.75 mM	5/20/2015 cupriavidus_4G11_ML11_set6	266	4199934	5292	2483296	2479516	121	1400.5	388.395363408521	0.300565942893532	1.8725812862804	2.8073549220576	1.04795725298276	0.270265269741315	0.335546957170033	0.0431351294080925	8.99909898182586	FALSE
set6IT075	Cisplatin 0.00025 mg/ml	5/20/2015 cupriavidus_4G11_ML11_set6	267	4937700	3884	2943831	2935524	294	1400.5	459.825187969925	0.0814862733039485	1.53232482902652	1.92951639110123	1.04795725298276	0.0324742679732241	0.0020219477654857	-0.00707284420529416	5.98989557251841	FALSE
set6IT076	Cisplatin 0.0005 mg/ml	5/20/2015 cupriavidus_4G11_ML11_set6	268	5645882	8423	3359878	3354164	338	1400.5	525.401629072682	0.0706990530842831	1.58386410229439	2.10209437759382	1.04795725298276	0.0650735055173229	0.0584473387061145	0.0144904490923407	5.49897305974188	FALSE
set6IT077	Cisplatin 0.001 mg/ml	5/20/2015 cupriavidus_4G11_ML11_set6	269	4925811	9860	2915809	2908084	207	1400.5	455.52694235589	0.0698616504191228	1.88241356955739	2.76190743039458	1.04795725298276	0.04252722493273	0.0285047762902412	0.0141889887505441	6.10330251888406	FALSE
set6IT078	nitrite 2.5 mM	5/20/2015 cupriavidus_4G11_ML11_set6	270	5853387	2249	3458948	3449199	159.5	1400.5	540.288063909774	0.0721737150335621	1.94147180492411	2.8073549220576	1.04795725298276	0.0627791839622188	-0.00189201795348685	-0.00681008801091428	10.1100799605264	FALSE
set6IT079	perchlorate 20 mM	5/20/2015 cupriavidus_4G11_ML11_set6	271	6594733	5766	3903145	3894857	406	1400.5	610.096647869674	0.0970526898831758	1.09875519514645	1.49256239847201	1.04795725298276	0.0871549388134106	0.0362615029435505	0.0222316939763886	4.97763764127878	FALSE
set6IT080	D-Cycloserine 0.01 mg/ml	5/20/2015 cupriavidus_4G11_ML11_set6	272	5618802	6272	3347133	3336621	304	1400.5	522.653665413534	0.0518110221291943	2.05903002730424	2.65414556157486	1.04795725298276	0.0362124790279501	0.00746532261386389	-0.0021303814571564	6.567010706337	FALSE
set6IT081	D-Cycloserine 0.02 mg/ml	5/20/2015 cupriavidus_4G11_ML11_set6	273	4815424	8079	2843246	2836620	81	1400.5	444.332706766917	0.102374410031836	1.81414299334087	2.76675917070693	1.04795725298276	-0.00472243627805431	-0.0224936195453459	-0.0115641502948385	9.66073104929423	FALSE
set6IT082	R2A with Nickel (II) chloride 0.25 mM	5/20/2015 cupriavidus_4G11_ML11_set6	274	4849731	6198	2875813	2870136	320.5	1400.5	449.582706766917	0.212911727402813	0.226252212186592	1.06487545957153	1.04795725298276	0.24601795689982	0.088334529496243	0.0806493467550789	1.82661207510614	TRUE
set6IT083	R2A with Nickel (II) chloride 0.5 mM	5/20/2015 cupriavidus_4G11_ML11_set6	275	5056138	5820	3128394	3122727	258	1400.5	489.148966165414	0.277447194067238	0.280309438592811	1.10389338751172	1.04795725298276	0.234362301745927	0.184293971452265	0.0373440795130581	9.23578034513138	TRUE
set6IT084	R2A with Cobalt chloride 0.3 mM	5/20/2015 cupriavidus_4G11_ML11_set6	276	5354149	6165	3161433	3154703	343	1400.5	494.157738095238	0.207774148800826	0.302545281937903	1.07938591860295	1.04795725298276	0.211890771073119	0.0559580111596874	0.0365227212690363	5.71510735348101	TRUE
set6IT085	R2A with copper (II) chloride 0.75 mM	5/20/2015 cupriavidus_4G11_ML11_set6	277	3211026	5394	1906980	1902567	211	1400.5	298.021146616541	0.0176018515467121	0.546024422880355	1.16687992762236	1.04795725298276	0.0777412496070352	0.063981770573741	0.0192926031716191	2.56287393423345	FALSE
set6IT086	R2A with Cisplatin 0.001 mg/ml	5/20/2015 cupriavidus_4G11_ML11_set6	278	5159511	8017	3064218	3057976	342	1400.5	479.00626566416	0.128253789451761	0.254407458800819	1.07844002377841	1.04795725298276	0.163310328009266	0.079860290143637	-0.0207587483019643	1.46978571816219	TRUE
set6IT087	R2A with nitrate 150 mM	5/20/2015 cupriavidus_4G11_ML11_set6	279	6540601	8606	3867813	3859371	431	1400.5	604.538063909774	0.243724895634799	0.22985317443161	1.06954093325308	1.04795725298276	0.238060816672267	0.182727979554704	0.0592784349833829	1.78614969978634	TRUE
set6IT088	R2A with Aluminum chloride 2 mM	5/20/2015 cupriavidus_4G11_ML11_set6	280	3950211	6816	2396762	2391204	210.5	1400.5	374.562030075188	0.122253286524966	0.591405504797736	1.42531416442025	1.04795725298276	0.0671222690943427	0.0894842596767574	0.0252187910700357	7.24617077948013	FALSE
set6IT089	R2A with Aluminum chloride 8 mM	5/20/2015 cupriavidus_4G11_ML11_set6	281	1653834	2821	980670	978107	108	1400.5	153.212249373434	0.035044904040111	0.921104707175957	1.3381916363253	1.04795725298276	0.0071005756745784	0.0139764577092168	0.0104985413606009	3.08229707897738	FALSE
set6IT090	R2A with D-Cycloserine 0.035 mg/ml	5/20/2015 cupriavidus_4G11_ML11_set6	282	5981665	69706	3872272	3865056	9	1400.5	605.428571428571	0.0639391136002442	0.615361812780141	1.11547721741994	1.04795725298276	0.0428127449886154	0.0449063003124	-0.00309017633477198	15.0686316345664	FALSE
set6IT091	R2A with D-Cycloserine 0.05 mg/ml	5/20/2015 cupriavidus_4G11_ML11_set6	283	6901586	2099	4477938	4471973	4	1400.5	700.497023809524	0.089175370583505	0.652371128400545	1	1.04795725298276	0.0516241381145906	0.0270428296768311	0.0239034750954623	16.0711023887066	FALSE
set6IT092	Time0	5/20/2015 cupriavidus_4G11_ML11_set6	284	5284097	8082	3130046	3124234	346	1056	489.385025062657	0.0322005680253543	0.184316782949945	1.06445029640498	1.04084993492859	0.0424510717877185	0.0260060982597733	-0.0490654205672845	1.25571523271134	FALSE
set6IT093	Time0	5/20/2015 cupriavidus_4G11_ML11_set6	285	5538148	8779	3283776	3277379	362	1035	513.373903508772	0.00921157871327272	0.181368713685513	1.05843878516222	1.04855083824183	0.0451558067398422	0.0519291754222065	-0.00787706035449854	1.08993939449852	FALSE
set6IT094	Time0	5/20/2015 cupriavidus_4G11_ML11_set6	286	5103340	7765	3027800	3021952	337	1058	473.363408521303	0.0740755553512304	0.181210397446963	1.04537554783355	1.05436845942098	0.0959827672867859	0.0824411977842889	0.075515014381408	1.53921980108608	FALSE
set6IT095	Time0	5/20/2015 cupriavidus_4G11_ML11_set6	287	5290373	8508	3137838	3131844	351	1047.5	490.577067669173	0.0138624027365778	0.179137666323009	1.04526130512188	1.05079374382277	-0.0150075844544413	0.0209069084671912	-0.0158915695591208	1.56561956743739	FALSE
set7IT094	Ionizing radiation, 0 Gy	03/06/16 cupriavidus_4G11_ML11_set7	290	2233995	2371	1329063	1326147	149	164	207.729793233083	0.0404205792426251	0.252469889860013	1.04692415035769	1.04822865488122	0.0605513452582262	-0.000546030086215367	0.0127379077874187	2.0492770594532	FALSE
set7IT095	Ionizing radiation, 63.294 Gy,	03/06/16 cupriavidus_4G11_ML11_set7	291	2417401	2524	1436688	1433464	159	164	224.540100250627	0.0866448541599673	0.253084916156615	1.04290918467561	1.04822865488122	0.112042196501454	0.0176897538774147	-0.0268181798460452	2.0821841699899	FALSE
set7IT096	Ionizing radiation, 63.294 Gy,	03/06/16 cupriavidus_4G11_ML11_set7	292	2649408	2880	1572459	1568952	173	164	245.763157894737	0.0823690677749049	0.245951536994429	1.05764026213761	1.04822865488122	0.109955257780671	0.0376438183059838	-0.05885394952615	2.01201120807692	FALSE
