name	short	t0set	num	nMapped	nPastEnd	nGenic	nUsed	gMed	gMedt0	gMean	cor12	mad12	mad12c	mad12c_t0	opcor	adjcor	gccor	maxFit	u
set1IT001	Time0	4/23/2014 pseudo1_N1B4_ML1_set1	1	675142	23430	359558	342515	44	156	78.9933118081181	0.039122440237924	0.229657018167415	0.828619200847736	0.82065871572222	-0.0292053737573123	0.0659094933875212	0.007381049771714	1.41428191419937	FALSE
set1IT002	Time0	4/23/2014 pseudo1_N1B4_ML1_set1	2	774173	26309	414171	394379	51	148	90.9545664206642	0.00516653248032941	0.206060386986765	0.80560619993949	0.818118684721913	0.00624763572058559	-0.0131945513255862	0.0234269667471723	1.18611501636252	FALSE
set1IT003	Time0	4/23/2014 pseudo1_N1B4_ML1_set1	3	838322	28881	447610	426157	55	145	98.2834409594096	-0.00252342803685557	0.213394861857986	0.810946845541658	0.815941774054324	0.00731190082263207	-0.0163331491382744	-0.0259046176954986	1.79690226090832	FALSE
set1IT004	Time0	4/23/2014 pseudo1_N1B4_ML1_set1	4	739115	25178	395197	376292	49	151	86.7832103321033	-0.00266677131406298	0.215085691909969	0.838096085947207	0.806689779068618	-0.0688301115093042	0.0085049073326581	0.0287828012913202	1.18727607012481	FALSE
set1IT005	D-Glucose (C)	4/23/2014 pseudo1_N1B4_ML1_set1	5	739464	16017	399059	376759	52	199.5	86.8909132841328	0.176886037957792	0.219686274048058	0.819791493808574	0.812220023115577	0.103775875315059	0.0661427289433288	0.00600024741072103	2.35221459294385	TRUE
set1IT006	D-Fructose (C)	4/23/2014 pseudo1_N1B4_ML1_set1	6	900229	38085	473492	448348	60	199.5	103.401291512915	0.293800803768943	0.22455055260735	0.819724544125972	0.812220023115577	0.0937713478050446	0.0391884695226936	-0.0518328007315816	2.79943056985301	TRUE
set1IT007	Sucrose (C)	4/23/2014 pseudo1_N1B4_ML1_set1	7	722799	28395	380345	359373	49	199.5	82.8812269372694	0.295983752437753	0.21956517246847	0.818612211568715	0.812220023115577	0.109009623627819	0.0230022943755059	-0.043494346688695	3.88645937607478	FALSE
set1IT008	L-Arabinose (C)	4/23/2014 pseudo1_N1B4_ML1_set1	8	831649	23884	446762	421625	59	199.5	97.2382380073801	0.324598420081367	0.216616299683605	0.82022880665643	0.812220023115577	0.201778184200956	0.0305206735037565	-0.0252512666849252	3.48534274314361	TRUE
set1IT009	D-Galactose (C)	4/23/2014 pseudo1_N1B4_ML1_set1	9	935849	25662	503680	476166	66	199.5	109.816881918819	0.24326646834896	0.208504700851931	0.814706226505701	0.812220023115577	0.142725575954295	0.0728045783341118	-0.00439228375156322	2.86973415671106	TRUE
set1IT010	D-Ribose (C)	4/23/2014 pseudo1_N1B4_ML1_set1	10	968850	30909	516546	488756	67	199.5	112.720479704797	0.217784189109345	0.203064869386296	0.82102985895468	0.812220023115577	0.0630397253209373	0.00776913989816482	-0.0181602668112279	1.91142773455438	TRUE
set1IT011	a-Ketoglutaric (C)	4/23/2014 pseudo1_N1B4_ML1_set1	11	1083495	31444	585302	553860	78	199.5	127.735239852399	0.173306187077346	0.197179755435003	0.809525924433829	0.812220023115577	0.109271768723376	0.0435112114633081	-0.00998430238640087	1.23052721415089	TRUE
set1IT012	D-Gluconic Acid (C)	4/23/2014 pseudo1_N1B4_ML1_set1	12	1226077	23869	666528	630032	88	199.5	145.30258302583	0.18553371889212	0.188241863395046	0.836200453143412	0.812220023115577	0.0655513709358586	0.0150521075001876	-0.00105789505919766	1.52218368063532	TRUE
set1IT013	acetate (C)	4/23/2014 pseudo1_N1B4_ML1_set1	13	1074752	8948	597627	566289	77	199.5	130.601706642066	0.202236388402875	0.195988495779188	0.841663061695747	0.812220023115577	0.0824807704144885	0.0718573731849212	0.0150090596511839	2.13758064566268	TRUE
set1IT014	Fumarate (C)	4/23/2014 pseudo1_N1B4_ML1_set1	14	889299	26569	477510	451606	64	199.5	104.152675276753	0.262090397731571	0.207398585743866	0.813798985132879	0.812220023115577	0.14205835448139	0.0599263152786661	-0.00418359618636011	1.70415119376155	TRUE
set1IT015	Trisodium citrate (C)	4/23/2014 pseudo1_N1B4_ML1_set1	15	1358661	214025	417505	392612	3	199.5	90.5470479704797	0.16441014540932	0.358847964015167	1	0.812220023115577	0.0285134282601631	0.0822655220876812	0.0394914435806384	13.3643491498683	FALSE
set1IT016	D-Lactate (C)	4/23/2014 pseudo1_N1B4_ML1_set1	16	1023764	26908	556195	527176	72	199.5	121.581180811808	0.274625242271209	0.205320410739045	0.829154325145604	0.812220023115577	0.191694164049466	0.0529282167080152	-0.0162709956243131	1.64748292469251	TRUE
set1IT017	L-Lactate (C)	4/23/2014 pseudo1_N1B4_ML1_set1	17	956608	25521	516453	488242	68	199.5	112.601937269373	0.221849947736759	0.225110745143544	0.812643722111866	0.812220023115577	0.136794140158409	0.0256044404940408	0.0080372693366988	1.38082709913336	TRUE
set1IT018	D,L-Lactate (C)	4/23/2014 pseudo1_N1B4_ML1_set1	18	1003374	16425	550372	520503	72	199.5	120.042204797048	0.215048792126663	0.214963800457701	0.825970600224951	0.812220023115577	0.140323017615527	0.0172204245346269	-0.00368808992135543	1.52946696861267	TRUE
set1IT019	pyruvate (C)	4/23/2014 pseudo1_N1B4_ML1_set1	19	898479	7144	494926	467867	66.5	199.5	107.902905904059	0.182484084609212	0.217520422804175	0.827675914306277	0.812220023115577	0.116146044454046	-0.00365747057754337	-0.0140299914864295	2.22203024652992	TRUE
set1IT020	succinate (C)	4/23/2014 pseudo1_N1B4_ML1_set1	20	506044	14281	269781	255455	37	199.5	58.9148985239852	0.170714871150068	0.270556060690194	0.811075290574344	0.812220023115577	0.0691183523401599	0.0357442304611949	-0.00140624701762418	1.53790081336072	FALSE
set1IT021	D-Glucose (C)	4/23/2014 pseudo1_N1B4_ML1_set1	21	938405	18940	506181	478737	66	199.5	110.409824723247	0.215202137568283	0.210475229659734	0.830074998557688	0.812220023115577	0.114742229430888	0.0559102582784757	0.00852485087173957	2.61382438566694	TRUE
set1IT022	D-Fructose (C)	4/23/2014 pseudo1_N1B4_ML1_set1	22	954804	37001	505027	478248	64	199.5	110.29704797048	0.257380762505536	0.215301429102154	0.819860866061641	0.812220023115577	0.102129312974548	0.0404784375954858	-0.0294703391402964	2.68082257756861	TRUE
set1IT023	Sucrose (C)	4/23/2014 pseudo1_N1B4_ML1_set1	23	723643	25868	382235	361665	50	199.5	83.4098247232472	0.18150895965308	0.253502219833947	0.835527334384266	0.812220023115577	0.117880708180404	0.079131034488432	-0.0239741871078861	4.15875402613679	TRUE
set1IT024	L-Arabinose (C)	4/23/2014 pseudo1_N1B4_ML1_set1	24	954809	25190	514538	486546	68	199.5	112.210793357934	0.283129383187477	0.207388497477624	0.830074998557688	0.812220023115577	0.16650807791781	0.0200601124171084	-0.0148095302838047	3.08923307933016	TRUE
set1IT025	D-Galactose (C)	4/23/2014 pseudo1_N1B4_ML1_set1	25	1068980	33340	569709	538583	74	199.5	124.211946494465	0.260344926940943	0.19087061486032	0.808566253191032	0.812220023115577	0.124679266435064	0.0396303310333589	-0.0168894629839533	3.11479825712167	TRUE
set1IT026	D-Ribose (C)	4/23/2014 pseudo1_N1B4_ML1_set1	26	1052167	37744	553260	523190	71	199.5	120.661900369004	0.217799875679104	0.219541946532553	0.816562306620799	0.812220023115577	0.108349804094823	0.033232829716577	-0.00343346299448782	4.48487750736885	TRUE
set1IT027	a-Ketoglutaric (C)	4/23/2014 pseudo1_N1B4_ML1_set1	27	982213	28094	530138	501484	71	199.5	115.655904059041	0.215384611195765	0.202700835655022	0.815070367336594	0.812220023115577	0.0920392806217659	0.0356168529079777	0.0142699068868886	1.18039364749697	TRUE
set1IT028	D-Gluconic Acid (C)	4/23/2014 pseudo1_N1B4_ML1_set1	28	970375	18145	528061	499141	70	199.5	115.115544280443	0.171632020792838	0.199006950317106	0.817022585810522	0.812220023115577	0.0725074347030701	0.0185747962829683	0.00436459895225587	1.43415164634339	TRUE
set1IT029	acetate (C)	4/23/2014 pseudo1_N1B4_ML1_set1	29	1050622	8572	581695	551048	74	199.5	127.086715867159	0.263651283443782	0.200019011509537	0.817990806631125	0.812220023115577	0.0979979961220664	0.0216553457977936	0.00990440712954423	2.24285835128854	TRUE
set1IT030	Fumarate (C)	4/23/2014 pseudo1_N1B4_ML1_set1	30	927590	28738	493839	466676	66	199.5	107.628228782288	0.265195119453185	0.207122870019551	0.806543050817772	0.812220023115577	0.129355732416235	0.0145737162742433	0.0013753965653273	4.25606083183614	TRUE
set1IT031	Trisodium citrate (C)	4/23/2014 pseudo1_N1B4_ML1_set1	31	1487036	219418	462452	433401	4	199.5	99.9541051660517	0.136835000218742	0.375628585433256	1	0.812220023115577	0.0136553144595748	0.0900870486804691	0.0400091447093018	13.3705837720886	FALSE
set1IT032	D-Lactate (C)	4/23/2014 pseudo1_N1B4_ML1_set1	32	998790	26251	540597	512276	70	199.5	118.144833948339	0.273554754213278	0.215348443506161	0.823925227528492	0.812220023115577	0.16099147186298	0.0520463150119668	-0.00373653681097486	2.57554750837242	TRUE
set1IT033	L-Lactate (C)	4/23/2014 pseudo1_N1B4_ML1_set1	33	857436	22561	462703	437659	62	199.5	100.936116236162	0.240751449226935	0.210502231686827	0.816586554003797	0.812220023115577	0.112061043031916	0.00150485130041002	0.00961086444980327	1.22994238026244	TRUE
set1IT034	D,L-Lactate (C)	4/23/2014 pseudo1_N1B4_ML1_set1	34	1100673	16102	604115	571558	79	199.5	131.816881918819	0.241983335048521	0.200666217711613	0.812372996824228	0.812220023115577	0.151340626737726	0.0394291570956731	0.00436199445737374	1.54202533980572	TRUE
set1IT035	pyruvate (C)	4/23/2014 pseudo1_N1B4_ML1_set1	35	1047454	7734	577411	546390	77	199.5	126.012453874539	0.153764241413779	0.206989008277576	0.80182717235852	0.812220023115577	0.0692273928537899	0.017194995268008	0.00191026161155696	2.00302890530245	TRUE
set1IT037	Nickel (II) chloride 1.25 mM	4/23/2014 pseudo1_N1B4_ML1_set1	37	1051717	17869	723563	664328	40	199.5	153.212177121771	0.103473467655984	0.275557911106905	0.84799690655495	0.812220023115577	0.0618666106213043	0.0486942836614493	-0.00489130005944572	10.9770521137978	FALSE
set1IT038	Cobalt chloride 0.3125 mM	4/23/2014 pseudo1_N1B4_ML1_set1	38	1077524	25005	612380	575547	68	199.5	132.736854243542	0.187626402155148	0.224527945743696	0.833990048561071	0.812220023115577	0.0731676831712391	0.00718305501705843	0.00345724798962105	8.59825409657068	TRUE
set1IT039	copper (II) chloride 2.5 mM	4/23/2014 pseudo1_N1B4_ML1_set1	39	1009526	31253	538168	509012	69	199.5	117.392066420664	0.191210166773268	0.227568439329956	0.841898141152675	0.812220023115577	0.114196337376072	0.0406145511392216	-0.00936022484074436	1.93371408080354	TRUE
set1IT040	sodium fluoride 12.5 mM	4/23/2014 pseudo1_N1B4_ML1_set1	40	938885	30518	504746	476869	68	199.5	109.979012915129	0.145065537847288	0.217758794959818	0.824913293441909	0.812220023115577	0.0337347716178028	0.0499267399510466	0.00218683565420034	1.85535647993504	TRUE
set1IT041	Paraquat dichloride 0.016 mg/mL	4/23/2014 pseudo1_N1B4_ML1_set1	41	1095775	26122	540550	518704	50.5	199.5	119.627306273063	0.257653596395996	0.258429043732007	0.856326068411391	0.812220023115577	0.159614634130784	0.0497118600997968	-0.00503824612355423	7.31296529228993	TRUE
set1IT042	Paraquat dichloride 0.032 mg/mL	4/23/2014 pseudo1_N1B4_ML1_set1	42	934683	20753	158335	152143	13	199.5	35.0883302583026	0.207127657594539	0.380498716205385	0.890305033412538	0.812220023115577	0.142256529881186	0.0155756077004262	-0.00928401292442384	8.56151651501677	FALSE
set1IT043	Nickel (II) chloride 1.25 mM	4/23/2014 pseudo1_N1B4_ML1_set1	43	1163952	10261	920066	827466	24	199.5	190.836254612546	0.0737981068383106	0.302560278950981	0.848831316735259	0.812220023115577	0.0372438387317026	0.0755302356399736	0.0196868151593999	12.4729556291118	FALSE
set1IT044	Cobalt chloride 0.3125 mM	4/23/2014 pseudo1_N1B4_ML1_set1	44	1109025	11493	828072	728493	30	199.5	168.010378228782	0.100204635957533	0.278854690585513	0.852813304413229	0.812220023115577	0.0338924633732508	0.0244656908190764	0.0393356150800704	11.7224318194815	FALSE
set1IT045	copper (II) chloride 2.5 mM	4/23/2014 pseudo1_N1B4_ML1_set1	45	984226	30362	523182	494731	67	199.5	114.098477859779	0.128026908738251	0.236856309211709	0.812490748403214	0.812220023115577	0.0828931367531517	0.0293992545887075	-0.00141441912125521	2.99207418190081	TRUE
set1IT046	sodium fluoride 12.5 mM	4/23/2014 pseudo1_N1B4_ML1_set1	46	989567	34366	529486	500110	71	199.5	115.339022140221	0.154193600218565	0.220431315755364	0.824546419070436	0.812220023115577	0.0649529023948958	-0.0373554723200447	0.0101651467526625	2.05771487673151	TRUE
set1IT047	Paraquat dichloride 0.016 mg/mL	4/23/2014 pseudo1_N1B4_ML1_set1	47	985932	21326	409186	392076	38	199.5	90.4234317343173	0.252046334543574	0.287789303461979	0.857308409978197	0.812220023115577	0.159956704376795	0.00999597435402612	-0.0152152738594823	7.68072479898913	FALSE
set1IT048	Paraquat dichloride 0.032 mg/mL	4/23/2014 pseudo1_N1B4_ML1_set1	48	1129988	11204	145060	139911	10	199.5	32.2672970479705	0.210593964410476	0.396975040272944	0.906890595608519	0.812220023115577	0.150868808393451	0.0731096399374756	-0.031227296434541	9.01873411184335	FALSE
set2IT038	Thallium(I) acetate 0.008 mg/ml	4/23/2014 pseudo1_N1B4_ML1_set2	50	1677883	49144	897764	850438	117	96	196.134225092251	0.185044192518759	0.232141894462658	0.816211927213712	0.828871817036921	0.129123282624199	0.127720739421297	-0.0122160469024393	2.89930332758381	TRUE
set2IT039	Cisplatin 0.006 mg/ml	4/23/2014 pseudo1_N1B4_ML1_set2	51	1572745	41523	834699	793786	100	96	183.068726937269	0.289975346526734	0.276959765931369	0.849974555995393	0.828871817036921	0.166583438558107	0.0532602643965219	-0.00924943676437863	2.38112037882602	TRUE
set2IT040	Cisplatin 0.0125 mg/ml	4/23/2014 pseudo1_N1B4_ML1_set2	52	1640194	21690	862395	817060	70	96	188.436346863469	0.141122296072551	0.841979680740545	1.99524287062506	0.828871817036921	0.136678880023425	0.0872029689919799	0.0138126534605215	6.07151526222154	FALSE
set2IT041	LB	4/23/2014 pseudo1_N1B4_ML1_set2	53	1644095	52469	873674	831193	110	96	191.695802583026	0.128532170866585	0.211395234060891	0.812076401972168	0.828871817036921	0.126309442917498	0.0661475875683308	-0.00640860747733799	3.32658848907061	TRUE
set2IT042	Thallium(I) acetate 0.008 mg/ml	4/23/2014 pseudo1_N1B4_ML1_set2	54	1485066	43186	795625	753559	104	96	173.791282287823	0.170946294604302	0.241298578881872	0.848486952443664	0.828871817036921	0.127124854090872	0.0570269502187506	0.00850766231596221	2.61108251082862	TRUE
set2IT043	Cisplatin 0.006 mg/ml	4/23/2014 pseudo1_N1B4_ML1_set2	55	1545569	44203	823299	782714	104	96	180.515221402214	0.282198672478801	0.230228135964725	0.827948778095732	0.828871817036921	0.13911959538702	0.0670292577118863	-0.0102425169354757	1.63286138588931	TRUE
set2IT044	Cisplatin 0.0125 mg/ml	4/23/2014 pseudo1_N1B4_ML1_set2	56	1571939	27774	843100	800703	96	96	184.66397601476	0.195022568854621	0.51646294442926	1.02985028274784	0.828871817036921	0.13749087775257	0.0459289765085124	-0.0252691091906284	4.14932159979961	FALSE
set2IT045	LB	4/23/2014 pseudo1_N1B4_ML1_set2	57	1583506	47728	840294	798333	107	96	184.117389298893	0.154517990752073	0.22241885129715	0.844380865707905	0.828871817036921	0.0727042109173679	-0.0115585349607023	-0.034750748721167	3.58782803336757	TRUE
set3IT001	nitrite 10 mM	12/15/2014 pseudo1_N1B4_ML1_set3	58	820661	23356	437994	415604	57	177	95.84963099631	0.241543208195289	0.249882231189886	0.865840780158361	0.820148222955044	0.179812722189617	0.0389906303947676	0.0170625592080836	2.1643757629605	TRUE
set3IT002	nitrate 100 mM	12/15/2014 pseudo1_N1B4_ML1_set3	59	1268846	18546	795847	758328	16	177	174.891143911439	0.254059436131758	0.356290547064554	0.958144646805384	0.820148222955044	0.155350675968884	0.0770939434471164	-0.00961570773923729	9.41582951009699	FALSE
set3IT003	Chlorite 1 mM	12/15/2014 pseudo1_N1B4_ML1_set3	60	1021166	32131	543567	514138	73	177	118.57426199262	0.151956821847214	0.235417522737475	0.833774236863297	0.820148222955044	0.0949702647617591	0.00366219768693716	0.00667332933699432	1.57342235146549	TRUE
set3IT004	Benzethonium chloride 0.0125 mM	12/15/2014 pseudo1_N1B4_ML1_set3	61	1106267	35194	591379	561337	73	177	129.459640221402	0.25286063439246	0.325357603383931	0.862496476250065	0.820148222955044	0.158874083088581	0.0620178389375431	0.0148800364533924	2.34030423896559	TRUE
set3IT005	benzoic 0.58 mg/ml	12/15/2014 pseudo1_N1B4_ML1_set3	62	1067337	35091	570476	539928	76	177	124.522140221402	0.1327186159541	0.224489176647001	0.828539286666012	0.820148222955044	0.0274604927499251	0.0331922445010361	0.0284074373183994	1.34971329459212	TRUE
set3IT006	Phosphomycin 0.05 mg/ml	12/15/2014 pseudo1_N1B4_ML1_set3	63	1250640	77700	777465	749626	17	177	172.884225092251	0.297554095763803	0.413088489152362	1.08496250072116	0.820148222955044	0.138337042750331	0.0535300491082314	-0.0174714941534454	11.1530771971336	FALSE
set3IT007	Phosphomycin 0.2 mg/ml	12/15/2014 pseudo1_N1B4_ML1_set3	64	1138425	129571	832909	815321	0	177	188.03528597786	0.184654508614821	0.379362866156536	0	0.820148222955044	0.0629892129111587	0.043790072115181	0.028553169818033	12.9878247171709	FALSE
set3IT008	Bacitracin 2 mg/ml	12/15/2014 pseudo1_N1B4_ML1_set3	65	1100937	35969	588277	557334	78	177	128.536439114391	0.157442304625157	0.226382466919313	0.839729676630143	0.820148222955044	0.055928974849731	0.0511457693125894	0.00377799530987893	1.2834318055919	TRUE
set3IT009	LB	12/15/2014 pseudo1_N1B4_ML1_set3	66	1079798	35747	574591	545220	75	177	125.742619926199	0.101101198075379	0.220058617382328	0.827401376711928	0.820148222955044	0.107065560887511	0.0526397651693781	0.000148277645799861	2.27074345525807	TRUE
set3IT010	Vancomycin 1 mg/ml	12/15/2014 pseudo1_N1B4_ML1_set3	67	1352353	43127	817195	792124	49	177	182.685424354244	0.348863699052825	0.285153074706214	0.866491040123854	0.820148222955044	0.179685618425658	0.1035728695405	-0.00317387489980208	7.40498072216426	FALSE
set3IT011	Doxycycline hyclate 0.0001 mg/ml	12/15/2014 pseudo1_N1B4_ML1_set3	68	1251625	36041	675426	641935	75	177	148.047739852399	0.304519909414539	0.321032072354729	0.854610301841651	0.820148222955044	0.192689072647329	0.0152232477746915	0.00723184443507735	5.95462684818391	TRUE
set3IT012	LB	12/15/2014 pseudo1_N1B4_ML1_set3	69	1409870	46916	750763	711365	97.5	177	164.060193726937	0.0825147067959218	0.214119422456294	0.842866609663034	0.820148222955044	0.0845866491843496	0.0342845008286869	-0.00159989356159428	2.11248438498213	FALSE
set3IT013	Time0	12/15/2014 pseudo1_N1B4_ML1_set3	70	1543952	53313	825334	788714	101	76	181.898985239852	0.0427331548396093	0.186268119393928	0.807354922057604	0.832055362685928	0.0167347423267722	-0.0483344307068777	0.0206117486085004	1.47790423688864	FALSE
set3IT014	Time0	12/15/2014 pseudo1_N1B4_ML1_set3	71	1165183	40462	622106	594438	76	101	137.093634686347	0.0427331548396093	0.186268119393928	0.832055362685928	0.807354922057604	0.0167347423267722	-0.0483344307068777	-0.0206117486085004	1.41087480785415	FALSE
set3IT015	Tetracycline 0.0004 mg/ml	12/15/2014 pseudo1_N1B4_ML1_set3	72	1230301	33986	653238	618474	86	177	142.636992619926	0.121655751340712	0.223977981236174	0.817754423530602	0.820148222955044	0.101884900065143	0.0428609593075247	0.0217290024331772	3.0897425225213	TRUE
set3IT016	Spectinomycin 0.025 mg/ml	12/15/2014 pseudo1_N1B4_ML1_set3	73	1476261	41294	791360	751553	104	177	173.328643911439	0.17634010668466	0.214376557283704	0.836119489282229	0.820148222955044	0.0530483891826338	-0.0236694063207506	0.0180633004500722	1.97074519440369	TRUE
set3IT017	Spectinomycin 0.05 mg/ml	12/15/2014 pseudo1_N1B4_ML1_set3	74	1358441	28767	740907	705222	88	177	162.643450184502	0.300649149077808	0.241291129729737	0.797211414985111	0.820148222955044	0.1272495265189	0.0471177274005248	-0.0252501571554849	4.50842343120283	TRUE
set3IT018	Rifampicin 0.004 mg/ml	12/15/2014 pseudo1_N1B4_ML1_set3	75	1228596	36230	664380	630786	87	177	145.47647601476	0.294228409472204	0.285348127722859	0.860649411592288	0.820148222955044	0.127884370486589	0.0140702097271033	0.0471698644129895	2.59358878590947	TRUE
set3IT020	Time0	12/16/2014 pseudo1_N1B4_ML1_set3	77	1328205	44674	710968	680515	86	77	156.945341328413	-0.0107456990363659	0.200798583287845	0.818612211568715	0.800048680359354	-0.0109157738992205	-0.0235389400700862	0.0330029894382815	1.86378782877119	FALSE
set3IT021	Time0	12/16/2014 pseudo1_N1B4_ML1_set3	78	1180505	39394	632018	604737	77	86	139.468865313653	-0.0107456990363659	0.200798583287845	0.800048680359354	0.818612211568715	-0.0109157738992205	-0.0235389400700862	-0.0330029894382816	1.6241066980633	FALSE
set3IT022	methylglyoxal 0.004 vol%	12/16/2014 pseudo1_N1B4_ML1_set3	79	1547615	46240	830941	789478	107	164	182.075184501845	0.213397683167424	0.212409475846277	0.820474121238098	0.822400395111284	0.121633542959809	0.0481079885236042	-0.0270912053751783	1.73860484116843	TRUE
set3IT023	methylglyoxal 0.008 vol%	12/16/2014 pseudo1_N1B4_ML1_set3	80	1256945	35186	679970	645037	83.5	164	148.763145756458	0.280919551286463	0.255277633811299	0.851901361010866	0.822400395111284	0.148726898640545	0.025038509141159	-0.0329269939000972	2.15291112672974	TRUE
set3IT024	5-Hydroxymethylfurfural 2.5 mM	12/16/2014 pseudo1_N1B4_ML1_set3	81	1306218	41637	695576	660900	91	164	152.421586715867	0.158888810124235	0.191055698861651	0.848965808675697	0.822400395111284	0.0299097531719127	0.0075408857882103	-0.0105172271286849	3.02149892701109	TRUE
set3IT025	LB	12/16/2014 pseudo1_N1B4_ML1_set3	82	1506829	47837	805697	764381	108	164	176.28713099631	0.133403794078833	0.208754922898091	0.813957322952851	0.822400395111284	0.0679276365253381	0.0605173891964762	-0.0273158048955118	1.28214287693527	TRUE
set3IT026	1-ethyl-3-methylimidazolium chloride 80 mM	12/16/2014 pseudo1_N1B4_ML1_set3	83	1222119	32655	653414	621665	79	164	143.372924354244	0.311731800199792	0.220670846419838	0.833337444428563	0.822400395111284	0.0841423267088029	0.0535469844243461	-0.0555169434319916	1.87521456211055	TRUE
set3IT027	Choline Lysine 6 mM	12/16/2014 pseudo1_N1B4_ML1_set3	84	1342120	31867	717355	685006	76	164	157.981088560886	0.345213562502817	0.242450958101089	0.821937819763102	0.822400395111284	0.177828223402092	0.0609504745897265	-0.0835237710569817	3.03664929142708	TRUE
set3IT028	LB	12/16/2014 pseudo1_N1B4_ML1_set3	85	1093662	34619	584771	555213	77	164	128.047278597786	0.106400606165593	0.220200868627068	0.815367876704489	0.822400395111284	0.024857354012521	0.00892885404907981	-0.0267041195025898	1.26414168482016	TRUE
set3IT029	Choline chloride 200 mM	12/16/2014 pseudo1_N1B4_ML1_set3	86	1303124	35216	702655	671158	76	164	154.787361623616	0.302578407443753	0.25383211892293	0.814403458628423	0.822400395111284	0.159795747497467	0.0241338897109983	-0.0359814994503344	3.2642410730557	TRUE
set3IT030	Cholin acetate 10 mM	12/16/2014 pseudo1_N1B4_ML1_set3	87	1189382	37975	635034	602700	83	164	138.999077490775	0.131151947466117	0.208046017084248	0.830074998557687	0.822400395111284	0.0909740980820805	0.00481628998491154	0.00152733158414277	1.30678777870228	TRUE
set3IT031	Cholin acetate 20 mM	12/16/2014 pseudo1_N1B4_ML1_set3	88	1204991	39118	643789	610959	84	164	140.903828413284	0.164044326873438	0.207506578550471	0.826259543757933	0.822400395111284	0.0546423168568685	0.0366677642258226	-0.000713879720106485	1.25400809159097	TRUE
set3IT032	acetate 20 mM	12/16/2014 pseudo1_N1B4_ML1_set3	89	1169639	38645	623047	591449	81	164	136.404289667897	0.115900902229835	0.219032555540159	0.833315876739278	0.822400395111284	0.0590899259756199	0.056235357190172	0.00472396247260186	1.32155481829605	TRUE
set3IT033	1-ethyl-3-methylimidazolium lysine 5 mM	12/16/2014 pseudo1_N1B4_ML1_set3	90	1110223	31213	592415	564083	70	164	130.092942804428	0.281088864356202	0.2391320880605	0.826777560160286	0.822400395111284	0.124031930297522	0.0772446092534059	-0.0788968143482104	2.15554641208741	TRUE
set3IT034	D-Glucosamine Hydrochloride (N)	12/16/2014 pseudo1_N1B4_ML1_set3	91	934665	35804	494714	470167	62	164	108.433348708487	0.230492660964561	0.293738050748304	0.865264148267532	0.822400395111284	0.0554580922761407	0.0449156680152107	-0.0151500498191897	3.66672634872135	TRUE
set3IT035	Carbenicillin 2 mg/ml	12/16/2014 pseudo1_N1B4_ML1_set3	92	1321578	52056	693572	658406	87	164	151.846402214022	0.351657292682329	0.244870659304384	0.821265396154079	0.822400395111284	0.14725085974149	0.0943673787781076	-0.0171513876666297	3.1335356702544	TRUE
set3IT036	Nalidixic 0.004 mg/ml	12/16/2014 pseudo1_N1B4_ML1_set3	93	1210991	41595	650898	617713	83	164	142.461485239852	0.241088178222479	0.244223910829586	0.868624668953055	0.822400395111284	0.0888293779532516	0.0446926731403176	-0.00830049334438125	2.22299439298153	TRUE
set3IT037	Nalidixic 0.008 mg/ml	12/16/2014 pseudo1_N1B4_ML1_set3	94	1248788	37333	717557	677976	46	164	156.359778597786	0.313580837483123	0.429618229075869	0.942154776941745	0.822400395111284	0.210937835898806	0.0719541781049789	-0.00964837004085091	9.07213461156245	FALSE
set3IT038	Gentamicin 0.001 mg/ml	12/16/2014 pseudo1_N1B4_ML1_set3	95	1599594	32856	867115	824811	101	164	190.223939114391	0.327871253348228	0.234461684261697	0.84245872301352	0.822400395111284	0.177318769412416	0.065567877146131	-0.0682500000775478	2.21881579260456	TRUE
set3IT039	Gentamicin 0.002 mg/ml	12/16/2014 pseudo1_N1B4_ML1_set3	96	1773678	16711	1001723	987612	1	164	227.770295202952	0.194454202097842	0.437750977750037	1	0.822400395111284	0.109220688185014	0.06415335038209	0.014580058086655	9.12863223430633	FALSE
set3IT040	nitrite 10 mM	12/16/2014 pseudo1_N1B4_ML1_set3	97	1219303	38518	647854	616008	84	164	142.068265682657	0.235396542650163	0.216647748998308	0.818191471420642	0.822400395111284	0.139226886967975	0.0464423998504884	0.00852061294507044	1.68241302653695	TRUE
set3IT041	nitrate 100 mM	12/16/2014 pseudo1_N1B4_ML1_set3	98	1236072	36051	661051	633005	69	164	145.98823800738	0.360142634307492	0.238721251404152	0.832198484107781	0.822400395111284	0.244228253583828	0.108649707639442	-0.0559538625059843	3.00894324560252	TRUE
set3IT042	Sisomicin 0.001 mg/ml	12/16/2014 pseudo1_N1B4_ML1_set3	99	1266064	25889	688931	655216	79	164	151.110701107011	0.334942133640668	0.244098061850571	0.830074998557688	0.822400395111284	0.23252082343799	0.0689912567054305	-0.0631326232486808	1.99981470288397	TRUE
set3IT043	Sisomicin 0.00175 mg/ml	12/16/2014 pseudo1_N1B4_ML1_set3	100	2064429	23682	1174934	1156833	1	164	266.797278597786	0.18852270780724	0.452762587119975	1	0.822400395111284	0.125592863862759	0.043795687053396	-0.00283802522413451	8.8692363205891	FALSE
set3IT044	LB	12/16/2014 pseudo1_N1B4_ML1_set3	101	1157353	36218	616725	586034	80	164	135.155442804428	0.118432018969472	0.216617547205963	0.84657693066247	0.822400395111284	0.0475604091270596	0.0197453966204573	-0.0178608013667178	2.07324658312671	TRUE
set3IT045	Polymyxin B sulfate 0.000075 mg/ml	12/16/2014 pseudo1_N1B4_ML1_set3	102	1738989	44466	931710	883395	97.5	164	203.735009225092	0.0580219848592631	1.12066861342138	1.88092013140262	0.822400395111284	0.0578534135760412	-0.0453491801622343	-0.00780906108819123	5.18274120495361	FALSE
set3IT046	Chloride 200 mM	12/16/2014 pseudo1_N1B4_ML1_set3	103	975867	30437	521998	495540	67	164	114.285055350554	0.164123806664626	0.219723606853639	0.808691989206767	0.822400395111284	0.0522946074974386	0.0341820355937423	-0.0144904422831858	1.468998454185	TRUE
set3IT047	Chloride 300 mM	12/16/2014 pseudo1_N1B4_ML1_set3	104	1050792	30693	560665	533688	68	164	123.083025830258	0.225506776988983	0.24037274063586	0.815009887853248	0.822400395111284	0.0723423204829164	0.0105764171335252	-0.0351983258075597	2.29919247758756	TRUE
set3IT048	Benzalkonium Chloride 0.006 mg/ml	12/16/2014 pseudo1_N1B4_ML1_set3	105	1422825	33568	729133	702871	2	164	162.101245387454	0.126696933548766	0.849933478292038	2.3825522760158	0.822400395111284	0.0664561404537572	0.00945141244787428	-0.00418484578243399	8.81991081108455	FALSE
set4IT049	Aluminum chloride 2.5 mM	12/16/2014 pseudo1_N1B4_ML1_set4	106	1467215	49515	777929	738492	93	80	170.316420664207	0.258667444167779	0.268372713771828	0.829297265306667	0.79446570146205	0.106030833013135	0.0129000279602474	-0.0408760779255864	2.2907134060498	TRUE
set4IT050	Fusidic 0.0625 mg/ml	12/16/2014 pseudo1_N1B4_ML1_set4	107	1372614	45284	735880	697986	91	80	160.97463099631	0.283186659368167	0.284530825278057	0.849258003939864	0.79446570146205	0.181009374561683	0.01912091118145	-0.00796622197186781	2.35994062222217	TRUE
set4IT051	Fusidic 0.125 mg/ml	12/16/2014 pseudo1_N1B4_ML1_set4	108	1358493	38647	740517	701552	81	80	161.79704797048	0.317559099129609	0.31417145580426	0.881999276431611	0.79446570146205	0.180784420542634	0.00950033564321462	-0.0400071499883115	4.14077039479876	TRUE
set4IT052	Dimethyl Sulfoxide 5 vol%	12/16/2014 pseudo1_N1B4_ML1_set4	109	1083395	32587	576033	547087	76	80	126.173201107011	0.11740105474352	0.225494307609057	0.825656783869183	0.79446570146205	0.0710045379402751	0.0107825000967739	0.0106669034751871	1.67984018455893	TRUE
set4IT053	Dimethyl Sulfoxide 6.5 vol%	12/16/2014 pseudo1_N1B4_ML1_set4	110	1225606	38404	650019	617513	85	80	142.415359778598	0.152021152592759	0.227193171413476	0.84799690655495	0.79446570146205	0.0989992966027376	-0.0127846499155389	-0.024739532051762	1.23134433357007	TRUE
set4IT054	Cephalothin 2.5 mg/ml	12/16/2014 pseudo1_N1B4_ML1_set4	111	1166732	36317	622469	591339	82	80	136.378920664207	0.156563821586366	0.226943657273401	0.834695640940931	0.79446570146205	0.132011527483027	-0.0122921201782985	-0.00067653254798096	1.60329824665741	TRUE
set4IT055	LB	12/16/2014 pseudo1_N1B4_ML1_set4	112	1222910	39417	651407	617997	84	80	142.526983394834	0.12133288906204	0.223496399524308	0.832359228641185	0.79446570146205	0.122131424863228	-0.0625646007472393	-0.0160680669684342	2.09422054280673	TRUE
set4IT056	D-Cycloserine 0.1 mg/ml	12/16/2014 pseudo1_N1B4_ML1_set4	113	1056456	33112	563730	534859	75	80	123.353090405904	0.154233018653659	0.244841460573898	0.823636201258251	0.79446570146205	0.0985816375593711	-0.0184012120438593	-0.00618006638612436	1.5602885207216	TRUE
set4IT057	Neomycin 0.04 mg/ml	12/16/2014 pseudo1_N1B4_ML1_set4	114	2483008	37214	2344725	2264653	0	80	522.29082103321	0.161405357501097	0.454277242423656	1	0.79446570146205	0.103952667082299	0.0203736521386539	0.020542310737767	11.7368230960411	FALSE
set4IT059	D-Mannitol (C)	12/16/2014 pseudo1_N1B4_ML1_set4	116	1652594	52870	876903	832432	114	80	191.981549815498	0.269799473730516	0.206916337480806	0.830074998557688	0.79446570146205	0.159576568978672	0.0501729430984427	-0.00792808585817638	3.88548322520012	TRUE
set4IT060	4-Hydroxybenzoic Acid (C)	12/16/2014 pseudo1_N1B4_ML1_set4	117	2012789	27886	1096794	1066718	53	80	246.014298892989	0.271388799035604	0.524255358637207	1.21150410519371	0.79446570146205	0.163477496908946	-0.00261072596870878	-0.00459051229231625	6.87815518660172	FALSE
set4IT061	m-Inositol (C)	12/16/2014 pseudo1_N1B4_ML1_set4	118	1263842	11777	690961	658825	84	80	151.943035055351	0.333913344103782	0.232651679142592	0.832272554261934	0.79446570146205	0.206754472714274	0.033636305545354	0.00696821879631624	1.83010643402079	TRUE
set4IT062	D-Galacturonic Acid (C)	12/16/2014 pseudo1_N1B4_ML1_set4	119	1354044	8051	740599	703175	95	80	162.171356088561	0.233070317455506	0.222272769501761	0.830074998557688	0.79446570146205	0.166734355900453	0.00602193264731198	0.0157303697383926	2.31637282706941	TRUE
set4IT063	Glycerol (C)	12/16/2014 pseudo1_N1B4_ML1_set4	120	1357985	42095	724161	686954	93	80	158.430350553506	0.252358506064849	0.221836283662285	0.824104021819507	0.79446570146205	0.179391479692056	-0.000699013027637769	-0.0242815535766659	1.60082699006576	TRUE
set4IT064	Tween 20 (C)	12/16/2014 pseudo1_N1B4_ML1_set4	121	1117673	28421	598930	567844	77	80	130.960332103321	0.254224122278234	0.221940261135228	0.821216277748958	0.79446570146205	0.123250845303768	-0.0412128534824035	-0.0338957308235592	1.48641581875573	TRUE
set4IT065	L-Malic (C)	12/16/2014 pseudo1_N1B4_ML1_set4	122	1125920	35560	599710	569234	79	80	131.280904059041	0.166174376845527	0.219778478743956	0.822170523900044	0.79446570146205	0.132990633665	0.00708726618433874	0.00646274494238751	1.326711193009	TRUE
set4IT066	D-Trehalose (C)	12/16/2014 pseudo1_N1B4_ML1_set4	123	1073011	32776	575025	547033	73	80	126.160747232472	0.276419308052409	0.221223804394076	0.82823365173352	0.79446570146205	0.19803353291752	-0.00641129971565621	0.0336291562339566	1.21148663951971	TRUE
set4IT067	L-Arginine (C)	12/16/2014 pseudo1_N1B4_ML1_set4	124	1078213	28911	576621	550504	70.5	80	126.961254612546	0.311517735612563	0.225997715553023	0.852755937014672	0.79446570146205	0.235709416514135	0.0185775491185019	-0.0233216583622181	1.94564935525191	TRUE
set4IT068	L-Histidine (C)	12/16/2014 pseudo1_N1B4_ML1_set4	125	1089138	31409	584505	558617	71	80	128.832333948339	0.2528292085545	0.219666394615602	0.807354922057604	0.79446570146205	0.198189028282775	-0.00674872341695515	0.00504961384834478	1.55707672086155	TRUE
set4IT069	L-Glutamic (C)	12/16/2014 pseudo1_N1B4_ML1_set4	126	935358	28092	497554	472532	65	80	108.978782287823	0.18437352051867	0.243713686837099	0.837847958608714	0.79446570146205	0.161116810181765	-0.0358834691532951	-0.0178202999148579	1.42240462923814	TRUE
set4IT070	L-Asparagine (C)	12/16/2014 pseudo1_N1B4_ML1_set4	127	1129819	23232	608590	578050	80	80	133.314114391144	0.189316441210579	0.218956525640246	0.824289300008564	0.79446570146205	0.14404740112082	-0.0382005898622399	-0.00319430577045843	1.23626904832011	TRUE
set4IT071	L-Glutamine (C)	12/16/2014 pseudo1_N1B4_ML1_set4	128	1094262	33585	585241	557838	73	80	128.652675276753	0.222368939566014	0.212864321099919	0.810522201136287	0.79446570146205	0.137136634471472	0.00351185440557897	-0.00567615731235443	1.53359178766542	TRUE
set4IT072	L-Alanine (C)	12/16/2014 pseudo1_N1B4_ML1_set4	129	948624	28858	505098	478820	67	80	110.428966789668	0.220632993140586	0.227035530564177	0.830473863660714	0.79446570146205	0.0972508850282451	0.0350814487436348	0.00870064927692064	1.45841598478609	TRUE
set4IT073	L-Valine (C)	12/16/2014 pseudo1_N1B4_ML1_set4	130	1480557	38972	795588	756918	97.5	80	174.565959409594	0.311088274924121	0.226855950328363	0.803939158161064	0.79446570146205	0.185885150017379	0.0569159502857223	-0.00270037996013007	2.11941953703873	TRUE
set4IT074	L-Isoleucine (C)	12/16/2014 pseudo1_N1B4_ML1_set4	131	978178	21967	523605	496522	67	80	114.511531365314	0.318380260315727	0.228912922550535	0.802483360451113	0.79446570146205	0.170982269468649	0.0570508769247969	-0.0332974000737744	2.41152172738283	TRUE
set4IT075	L-Leucine (C)	12/16/2014 pseudo1_N1B4_ML1_set4	132	1171116	24748	630896	601743	75	80	138.778367158672	0.368968727575989	0.231320658657397	0.831795359835127	0.79446570146205	0.227720815685922	-0.0113591415866736	-0.0122692573426547	2.85086926001166	TRUE
set4IT076	D-Alanine (C)	12/16/2014 pseudo1_N1B4_ML1_set4	133	1269866	39421	675398	640267	90	80	147.663053505535	0.260247188895995	0.212702663131064	0.812469120968463	0.79446570146205	0.140016280004017	0.00499126253063377	-0.000664369587421621	1.47386680285314	TRUE
set4IT077	L-Citrulline (C)	12/16/2014 pseudo1_N1B4_ML1_set4	134	1267860	33518	678011	645441	85.5	80	148.856319188192	0.277939591371182	0.217717517142776	0.82102985895468	0.79446570146205	0.219383015145013	0.0250863266230163	-0.0280248983540845	1.81058180982912	TRUE
set4IT078	Carnitine Hydrochloride (C)	12/16/2014 pseudo1_N1B4_ML1_set4	135	1362151	11706	737910	704008	90	80	162.363468634686	0.364629038930509	0.224101080131515	0.831755761619609	0.79446570146205	0.231049344786739	0.0340887032790808	-0.00876147086698743	1.78881242237182	TRUE
set4IT079	casaminos (C)	12/16/2014 pseudo1_N1B4_ML1_set4	136	1362783	23097	733494	696140	98	80	160.54889298893	0.12997489964394	0.207887124681281	0.815710905906908	0.79446570146205	0.0995098516281964	-0.0198462496759601	-0.00877446487633637	1.33363744688595	TRUE
set4IT080	Putrescine (C)	12/16/2014 pseudo1_N1B4_ML1_set4	137	1210834	31244	645773	612892	85	80	141.34963099631	0.25725458838094	0.207967759027641	0.810389340032564	0.79446570146205	0.205447605974374	-0.0452580222806795	-0.0314128859193328	1.73878732835955	TRUE
set4IT081	D-Glucosamine Hydrochloride (C)	12/16/2014 pseudo1_N1B4_ML1_set4	138	1043057	13926	677513	657227	6	80	151.574492619926	0.122088595269171	0.384202660240238	1	0.79446570146205	0.052832999492151	0.0346255210691845	-0.0254653026559862	11.6176110533346	FALSE
set4IT082	Uridine (C)	12/16/2014 pseudo1_N1B4_ML1_set4	139	1200019	33987	638708	608566	79	80	140.351937269373	0.25889029534201	0.227963146295243	0.829018065950763	0.79446570146205	0.151272116602203	-0.0271073502917019	0.0399094166030611	1.57946394947075	TRUE
set4IT083	Cytidine (C)	12/16/2014 pseudo1_N1B4_ML1_set4	140	987015	29009	525363	500184	66	80	115.356088560886	0.259568225674265	0.229316956151756	0.807354922057604	0.79446570146205	0.111846410555747	-0.062422289689788	0.0193184881391689	3.36160159297074	TRUE
set4IT084	D-Mannose (C)	12/16/2014 pseudo1_N1B4_ML1_set4	141	1106328	35045	586905	557448	75	80	128.562730627306	0.213805214277269	0.234573829723179	0.823157994992572	0.79446570146205	0.143508527132386	-0.0209381610122834	-0.0188503936374386	3.86226188986076	TRUE
set4IT085	octanoate (C)	12/16/2014 pseudo1_N1B4_ML1_set4	142	1195674	32830	643148	614830	74	80	141.796586715867	0.405880480441513	0.312726198161632	0.887525270741587	0.79446570146205	0.282067153552374	0.0447526065388726	0.0386371429525962	3.96699308257077	TRUE
set4IT086	butyrate (C)	12/16/2014 pseudo1_N1B4_ML1_set4	143	1194465	21759	645889	613330	83	80	141.450645756458	0.188062653916232	0.224753407448957	0.816293081024259	0.79446570146205	0.135658807580791	0.0078021041801519	-0.0130739962238524	1.89206137109709	TRUE
set4IT087	L-Valine (N)	12/16/2014 pseudo1_N1B4_ML1_set4	144	1371524	39403	737985	700551	94	80	161.5661900369	0.27013076776001	0.207536422583516	0.797148113715577	0.79446570146205	0.1639652558788	0.019429671978119	-0.0367091479360027	2.38014223292635	TRUE
set4IT088	L-Isoleucine (N)	12/16/2014 pseudo1_N1B4_ML1_set4	145	999226	29868	532438	505340	69	80	116.54520295203	0.221178755778703	0.235425634488855	0.83923424298331	0.79446570146205	0.128120112257462	-0.0340228972634828	-0.0358682547079135	1.41013019203957	TRUE
set4IT089	L-Leucine (N)	12/16/2014 pseudo1_N1B4_ML1_set4	146	942935	28128	502488	477677	65	80	110.165359778598	0.21617035200197	0.226632076281023	0.818794715686183	0.79446570146205	0.124406627396237	-0.0259176254389209	-0.0165327989951528	1.75846113518135	TRUE
set4IT090	L-Methionine (N)	12/16/2014 pseudo1_N1B4_ML1_set4	147	880475	17004	479114	455279	58	80	104.999769372694	0.252710665164398	0.28481349271239	0.850044685432529	0.79446570146205	0.119128210662249	5.6712229869657e-05	-0.0200130125373102	3.78247538370314	TRUE
set4IT091	D-Alanine (N)	12/16/2014 pseudo1_N1B4_ML1_set4	148	1498775	35019	806067	764341	105	80	176.277905904059	0.227337134431013	0.210573900599438	0.814444346843923	0.79446570146205	0.138321388035935	0.0317112579788273	-0.0020307034512041	1.66400215387982	TRUE
set4IT092	Gly-DL-Asp (N)	12/16/2014 pseudo1_N1B4_ML1_set4	149	1794390	6221	266678	260795	14	80	60.1464483394834	0.0501532466320403	0.366624888598795	0.906890595608519	0.79446570146205	0.091244724819922	0.0184455503773591	-0.0242798268336826	6.58100554149112	FALSE
set4IT093	Gly-Glu (N)	12/16/2014 pseudo1_N1B4_ML1_set4	150	1800831	7057	248617	242053	16	80	55.8240313653137	0.112846535626778	0.343466133375973	0.856065064332059	0.79446570146205	0.169078778466438	-0.042363089105798	0.0249907440296621	6.06899889680865	FALSE
set4IT094	L-Citrulline (N)	12/16/2014 pseudo1_N1B4_ML1_set4	151	1216758	35217	648836	615914	86	80	142.046586715867	0.181065442533372	0.226676795008888	0.820920860578338	0.79446570146205	0.137230888239775	0.0209512826953636	-0.0147987546415982	1.40657679204664	TRUE
set4IT095	Carnitine Hydrochloride (N)	12/16/2014 pseudo1_N1B4_ML1_set4	152	1105278	31012	590567	561318	76	80	129.455258302583	0.214091700577602	0.215305448494208	0.818794927883854	0.79446570146205	0.154501544561785	0.0329229498056467	-0.0162420054250681	1.39979216562821	TRUE
set4IT096	Putrescine (N)	12/16/2014 pseudo1_N1B4_ML1_set4	153	1001847	27002	534516	507312	70	80	117	0.197155745600973	0.22654390595099	0.842812419863177	0.79446570146205	0.151972677757931	0.00341163371104148	-0.0172225310885859	1.49289268604903	TRUE
set5IT002	Time0	11/19/2014 pseudo1_N1B4_ML1_set5	155	777125	24133	417814	399425	52	258	92.1183118081181	0.00508173014643483	0.201606921122355	0.79836613883035	0.805075712817637	0.005341891331811	-0.0399600059249236	0.00380693345307151	1.33711245971379	FALSE
set5IT003	Parabanic Acid (N)	12/16/2014 pseudo1_N1B4_ML1_set5	156	769123	9972	317606	302674	35	40	69.804889298893	0.160714972770232	0.313357253425065	0.865070419913891	0.786084250588464	0.0761933193657983	0.0351560694614191	0.03174088755529	6.9590644967482	FALSE
set5IT004	Adenosine (N)	12/16/2014 pseudo1_N1B4_ML1_set5	157	619318	11197	335027	317684	43	40	73.2666051660517	0.0921419358423337	0.327076487697849	0.864688718537814	0.786084250588464	0.0257694027804055	0.0290610045930225	-0.00194434873380397	2.35438255115437	FALSE
set5IT005	Adenine (N)	12/16/2014 pseudo1_N1B4_ML1_set5	158	791389	21502	422216	401266	55	40	92.5428966789668	0.175730234634458	0.264109573134702	0.807354922057604	0.786084250588464	0.141250801494702	0.0339918997276356	0.000644166960875617	2.11402102184945	TRUE
set5IT006	Uridine (N)	12/16/2014 pseudo1_N1B4_ML1_set5	159	830906	25912	434468	414486	52	40	95.5917896678967	0.222701048664755	0.262860992709418	0.838298378340274	0.786084250588464	0.177787605731715	0.0316230276063735	0.00158984988656765	3.91056805606077	TRUE
set5IT007	Cytidine (N)	12/16/2014 pseudo1_N1B4_ML1_set5	160	793568	22533	425182	404538	51	40	93.2975092250923	0.259055603330109	0.276534621657442	0.818524497469709	0.786084250588464	0.144595211255598	0.0314609079836369	-0.0247085859178851	2.61549626485108	TRUE
set5IT008	Thymine (N)	12/16/2014 pseudo1_N1B4_ML1_set5	161	831749	20615	446447	424011	57	40	97.7885147601476	0.153784196557392	0.244406408456918	0.818548866012542	0.786084250588464	0.0450414208647105	0.0594547085204975	0.0123633946409353	2.52621520827756	TRUE
set5IT009	Cytosine (N)	12/16/2014 pseudo1_N1B4_ML1_set5	162	1950688	60928	1042090	991410	131.5	40	228.646217712177	0.162822706708478	0.246767975120882	0.82384250685681	0.786084250588464	0.088410687967081	0.0928526213999441	-0.0114043705194171	2.91313879638645	TRUE
set5IT010	Ammonium chloride (N)	12/16/2014 pseudo1_N1B4_ML1_set5	163	1874169	50590	1001587	950047	132	40	219.106780442804	0.176423809377718	0.244183204664757	0.818164943109482	0.786084250588464	0.116786843836162	0.0490286715315792	-0.023661983630866	2.19937228328722	TRUE
set5IT011	nitrate (N)	12/16/2014 pseudo1_N1B4_ML1_set5	164	1636085	45001	877567	834189	113	40	192.38676199262	0.186209832884719	0.265014336419577	0.833605991911308	0.786084250588464	0.112057696178203	0.0722392043665981	-0.00539102248910289	2.57014106702459	TRUE
set5IT012	Urea (N)	12/16/2014 pseudo1_N1B4_ML1_set5	165	3288176	47209	717247	696933	48	40	160.731780442804	0.188785030115008	0.269935519315195	0.845418211718503	0.786084250588464	0.0711594522512502	0.0707069151448759	0.0053398033399132	9.21501312837302	FALSE
set5IT013	LB 10C	10/28/2014 pseudo1_N1B4_ML1_set5	166	1900062	60659	1012338	963257	129	522.5	222.153367158672	0.18463289522688	0.16601521760376	0.813978030312247	0.806722438439316	0.128638524746531	0.00276170553195403	-0.00559567703778811	1.0026464104293	TRUE
set5IT014	LB 10C	10/28/2014 pseudo1_N1B4_ML1_set5	167	1794252	56453	960456	915452	121	522.5	211.128228782288	0.188000638388934	0.165338215617506	0.805168293370657	0.806722438439316	0.10916923984584	0.0500794285999387	-0.0150257704646759	0.91064056898927	TRUE
set5IT015	LB 20C	10/28/2014 pseudo1_N1B4_ML1_set5	168	1739605	55861	925116	880925	120	522.5	203.165359778598	0.204401022606253	0.172030462893727	0.844773701371041	0.806722438439316	0.0956638919091976	0.105344609392028	0.000522423182391261	1.13909421890812	TRUE
set5IT016	LB 20C	10/28/2014 pseudo1_N1B4_ML1_set5	169	1946472	62664	1034929	985207	133	522.5	227.215636531365	0.212966170752949	0.157426153979666	0.802067101687339	0.806722438439316	0.127408654185765	0.0353490270456188	-0.0147365262562013	1.06053527062211	TRUE
set5IT018	LB 30C	10/28/2014 pseudo1_N1B4_ML1_set5	171	1785001	55224	948436	903420	118	522.5	208.35332103321	0.23907303544795	0.173110675886441	0.832846179105032	0.806722438439316	0.0950040245217428	0.0424374648397657	-0.0202259467056117	2.21411364628043	TRUE
set5IT019	LB 37C	10/28/2014 pseudo1_N1B4_ML1_set5	172	998838	45571	531696	507847	61	522.5	117.123385608856	0.151384562432139	0.4614183491181	0.916853124502278	0.806722438439316	0.134768345538178	0.052171124640469	-0.0121562976261326	2.3884480213321	TRUE
set5IT020	LB 37C	10/28/2014 pseudo1_N1B4_ML1_set5	173	1249816	55716	664737	634145	77	522.5	146.251153136531	0.215366609407759	0.314788043158087	0.863306524084146	0.806722438439316	0.196444467454692	0.0724141845200387	0.00654458388356307	1.8299605095357	TRUE
set5IT022	Minimal media pH6	10/28/2014 pseudo1_N1B4_ML1_set5	175	1996317	43477	1072860	1018919	133	522.5	234.990544280443	0.241084654453281	0.193668224334254	0.819366045538828	0.806722438439316	0.139048711136993	0.0805232838573925	-0.0258317678208211	3.54945602378841	TRUE
set5IT023	Minimal media pH7	10/28/2014 pseudo1_N1B4_ML1_set5	176	1798565	50475	954348	910076	117	522.5	209.888376383764	0.213903532005086	0.190940468438499	0.82312223791592	0.806722438439316	0.153634343257889	0.0756319578805659	-0.0221278785363803	3.17307539890791	TRUE
set5IT024	Minimal media pH7	10/28/2014 pseudo1_N1B4_ML1_set5	177	2192669	55541	1143906	1099185	113	522.5	253.502075645756	0.218084542126551	0.187702351096449	0.831212111987746	0.806722438439316	0.12894562718495	0.0490161005463917	-0.0304699229510585	5.47891974570741	TRUE
set5IT025	Minimal media pH8	10/28/2014 pseudo1_N1B4_ML1_set5	178	2085481	37646	1124876	1068823	143	522.5	246.499769372694	0.257182061270951	0.183616427992942	0.825118604000951	0.806722438439316	0.208908643133501	0.133720756307895	-0.0315026757186489	1.54417798797739	TRUE
set5IT027	Minimal media pH9	10/28/2014 pseudo1_N1B4_ML1_set5	180	2230276	70495	1202264	1154022	114	522.5	266.148985239852	0.378339192243717	0.315522431076407	0.885188600078054	0.806722438439316	0.177899143625337	0.0805565557788786	-0.0355352654229914	3.94892535836954	TRUE
set5IT028	Minimal media pH9	10/28/2014 pseudo1_N1B4_ML1_set5	181	2234648	68970	1212216	1164243	118	522.5	268.506226937269	0.373311181133093	0.317436434359507	0.883979326904479	0.806722438439316	0.267423973012173	0.108347367769829	0.00719474257988144	3.68647100418534	TRUE
set5IT029	Nitrate reduction	10/28/2014 pseudo1_N1B4_ML1_set5	182	3051298	2883	1859210	1858573	1	522.5	428.637684501845	0.198590386923999	0.379339121626182	1	0.806722438439316	0.0949850863907223	0.0141288489954797	-0.0332105359706006	5.83435108190215	FALSE
set5IT030	Nitrate reduction	10/28/2014 pseudo1_N1B4_ML1_set5	183	2452043	2381	138893	138480	1	522.5	31.9372693726937	0.182861026029719	0.362221632417659	1	0.806722438439316	0.0403809791646162	0.0158524482587279	-0.055448970062023	7.32185573877279	FALSE
set5IT031	Nitrate reduction with yeast extract	10/28/2014 pseudo1_N1B4_ML1_set5	184	2200804	758	1034197	1028158	1	522.5	237.1213099631	0.19848471249359	0.36772906268516	1	0.806722438439316	0.0571178692136938	0.0338479026696317	0.0143983301945388	3.0090972005912	FALSE
set5IT032	Nitrate reduction with yeast extract	10/28/2014 pseudo1_N1B4_ML1_set5	185	3398257	837	2887517	2883880	1	522.5	665.10147601476	0.200948262803304	0.371948342897916	1	0.806722438439316	0.0656265240721253	0.00808057903230831	4.43333857420993e-05	5.26932206311376	FALSE
set5IT033	4C survival; 24 hrs	10/28/2014 pseudo1_N1B4_ML1_set5	186	1891523	59075	1003432	956582	124.5	522.5	220.613929889299	0.25378551665338	0.16245112985061	0.805434550822576	0.806722438439316	0.184012972018745	0.124363997975285	-0.0115120335064972	1.65234158110408	TRUE
set5IT034	4C survival; 192 hrs	10/28/2014 pseudo1_N1B4_ML1_set5	187	347183	4196	201175	199600	2	522.5	46.0332103321033	0.116991282193248	0.437732607049115	1	0.806722438439316	0.0337324598465693	0.0103783927473865	-0.0392628753375565	9.22342379485339	FALSE
set5IT035	4C survival; 360 hrs	10/28/2014 pseudo1_N1B4_ML1_set5	188	793904	14376	378459	372239	11	522.5	85.8484778597786	0.227866616763584	0.406870978472216	0.941007963484745	0.806722438439316	0.105841583516858	0.0511135999610514	-0.0395803502888849	9.99382296018375	FALSE
set5IT036	4C survival; 672 hrs	10/28/2014 pseudo1_N1B4_ML1_set5	189	2640988	356426	1500292	1492436	15	522.5	344.196494464945	0.239442100207898	0.363212035247886	0.921997487998727	0.806722438439316	0.118986938044863	0.0479698509380153	-0.0285485112031478	8.92366952869348	FALSE
set5IT037	4C survival; 1152 hrs	10/28/2014 pseudo1_N1B4_ML1_set5	190	2533918	190180	1589122	1583051	8	522.5	365.094787822878	0.228827109118809	0.363131180726696	1	0.806722438439316	0.076048739618675	0.0197414512518728	-0.0307253888540677	10.2349906310105	FALSE
set5IT038	Time0	10/28/2014 pseudo1_N1B4_ML1_set5	191	2034454	69762	1093079	1045609	134	388	241.145987084871	0.0621842554145256	0.147306905982667	0.811355888660326	0.812425708891794	0.042804897185226	-0.0471703631067556	0.00909479224710699	1.24288315784077	FALSE
set5IT039	Time0	10/28/2014 pseudo1_N1B4_ML1_set5	192	1968926	66296	1059520	1013351	130	392	233.706411439114	0.0401706825266026	0.146217645446338	0.804362360003913	0.79396597935084	-0.0137440171346461	-0.0224395639655641	0.0200662238084227	0.910308288808143	FALSE
set5IT040	Time0	10/28/2014 pseudo1_N1B4_ML1_set5	193	2090241	70156	1123041	1074703	136	386	247.855857933579	0.0642126114452393	0.136108312051355	0.821040906399333	0.797562229315518	0.0274666067734264	-0.00569220248691758	-0.0289118167510063	0.973806804794867	FALSE
set5IT041	Time0	10/28/2014 pseudo1_N1B4_ML1_set5	194	1832349	61709	986778	944281	122	401	217.776983394834	0.0500815486442153	0.155551248268918	0.808626019338831	0.813583459320145	-0.0776537189965902	-0.0703676971406366	0.00256947756744559	1.07386000005729	FALSE
set5IT042	Time0	11/19/2014 pseudo1_N1B4_ML1_set5	195	1929002	61449	1033059	989061	128	183	228.104474169742	0.0555273951668344	0.165936635990091	0.818154059417541	0.79630724475179	0.0379120922189299	-0.0437698034053073	-0.0515917327785919	1.84873866174683	FALSE
set5IT043	Time0	11/19/2014 pseudo1_N1B4_ML1_set5	196	1945344	61228	1049023	1003272	131	181.5	231.381918819188	0.0216478123203285	0.173379728385862	0.807354922057604	0.796986871008063	0.00999375902617765	-0.00290984010650592	0.060306270134786	1.27136639035126	FALSE
set5IT044	L-Arginine (N)	11/19/2014 pseudo1_N1B4_ML1_set5	197	2016803	55462	1074518	1021154	135	308	235.505996309963	0.322856227133871	0.154910056738541	0.812586571067191	0.804173882370793	0.188334411236684	0.0433917339699916	-0.0514635656891579	2.11578285491191	TRUE
set5IT045	L-Histidine (N)	11/19/2014 pseudo1_N1B4_ML1_set5	198	2107688	55000	1121356	1066304	142	308	245.918819188192	0.327794095801746	0.151022891009038	0.815367488847127	0.804173882370793	0.187093970990826	0.0511209548965456	-0.0487514839331988	1.59115971510916	TRUE
set5IT046	L-Lysine (N)	11/19/2014 pseudo1_N1B4_ML1_set5	199	1995178	41438	1066376	995746	131	308	229.646217712177	0.296039493337147	0.175340227865851	0.805815225591618	0.804173882370793	0.169422811781333	0.0681478312521063	-0.0419333749262984	3.67735226601724	TRUE
set5IT047	L-Glutamic (N)	11/19/2014 pseudo1_N1B4_ML1_set5	200	1902118	51527	1011419	961884	128	308	221.836715867159	0.290801370022493	0.158625769580122	0.815232029636288	0.804173882370793	0.164802083978986	0.0687836987073325	-0.049631153043155	2.23907584205399	TRUE
set5IT048	L-Serine (N)	11/19/2014 pseudo1_N1B4_ML1_set5	201	2102718	48913	1122094	1066577	140	308	245.981780442804	0.387731540818057	0.160349905423957	0.80358278340814	0.804173882370793	0.206156233530154	0.049409183361786	-0.0314248873176523	2.95635590606292	TRUE
