name	short	t0set	num	nMapped	nPastEnd	nGenic	nUsed	gMed	gMedt0	gMean	cor12	mad12	mad12c	mad12c_t0	opcor	adjcor	gccor	maxFit	u
set1IT001	D-Glucose (C)	3/9/2015 pseudo6_N2E2_ML5_set1	1	1304742	13313	754214	751798	98	649	146.463666471849	0.205850093407371	0.243273731502876	1.04182017569463	1.02895137369613	0.214667842437832	0.0868396965244251	-0.0238919148836008	1.89923610404139	TRUE
set1IT002	D-Fructose (C)	3/9/2015 pseudo6_N2E2_ML5_set1	2	1602679	15971	918850	908752	39	649	177.041106565361	0.246768155556117	0.398613203157948	1.0703893278914	1.02895137369613	0.195361972904671	0.0715996950097591	-0.0170462536861839	9.32430597019593	FALSE
set1IT003	Sucrose (C)	3/9/2015 pseudo6_N2E2_ML5_set1	3	1612351	19928	931521	927934	119	649	180.778102474187	0.232164178724684	0.231232830524511	1.03622018791275	1.02895137369613	0.236420568971028	0.052750983999714	-0.0198470905406256	2.7274825711717	TRUE
set1IT004	L-Arabinose (C)	3/9/2015 pseudo6_N2E2_ML5_set1	4	1540302	16107	890416	887288	115	649	172.859536333528	0.179178003206923	0.221107863702725	1.02748073642211	1.02895137369613	0.121095881085623	0.0548945755217402	-0.018882446167431	1.31727658586287	TRUE
set1IT005	D-Xylose (C)	3/9/2015 pseudo6_N2E2_ML5_set1	5	1521012	22855	877901	874208	113	649	170.311318916813	0.261313824911162	0.249143001415985	1.03301505722796	1.02895137369613	0.187408880954469	0.084689686816541	0.00400126177862174	3.62841892013494	TRUE
set1IT006	D-Galactose (C)	3/9/2015 pseudo6_N2E2_ML5_set1	6	1589933	34783	921260	914630	90	649	178.186245860121	0.347983712472382	0.307689479272816	1.04532399050949	1.02895137369613	0.265986082282748	0.0944167083440909	-0.0139433890004522	7.40165765277557	TRUE
set1IT007	a-Ketoglutaric (C)	3/9/2015 pseudo6_N2E2_ML5_set1	7	1520101	16613	879561	876293	116	649	170.717514124294	0.169914463881381	0.221015547786223	1.0414504434935	1.02895137369613	0.20160728904241	0.00324785815240582	-0.0308512179173067	1.27436705241417	TRUE
set1IT008	D-Gluconic Acid (C)	3/9/2015 pseudo6_N2E2_ML5_set1	8	1656227	25184	956079	952156	124	649	185.496980323398	0.190038453204558	0.217715564190756	1.01720929003222	1.02895137369613	0.16781439448048	-0.0230169272024774	-0.0212708820313579	1.77491441447572	TRUE
set1IT009	D-Lactate (C)	3/9/2015 pseudo6_N2E2_ML5_set1	9	3060338	32583	1773068	1767024	231	649	344.24780829924	0.222944918156458	0.185060218000733	1.02934396158214	1.02895137369613	0.236394514908495	0.0214454288445506	-0.0315140701730584	1.4004971586715	TRUE
set1IT010	L-Lactate (C)	3/9/2015 pseudo6_N2E2_ML5_set1	10	3344538	35953	1937080	1930482	256	649	376.092343658679	0.169911782473332	0.191690180728546	1.02954427561401	1.02895137369613	0.198331663377707	0.0173843418445248	-0.0304540385621627	1.19765502770846	TRUE
set1IT011	D,L-Lactate (C)	3/9/2015 pseudo6_N2E2_ML5_set1	11	3061426	40648	1767066	1761333	230	649	343.139099941555	0.207318479651915	0.190593360522981	1.04439411935845	1.02895137369613	0.179439764383291	-0.0199421134086384	-0.0285193145141363	1.70811984345239	TRUE
set1IT012	pyruvate (C)	3/9/2015 pseudo6_N2E2_ML5_set1	12	3384802	37230	1960152	1953597	260	649	380.595558153127	0.177486159525045	0.192731666617255	1.01707351335894	1.02895137369613	0.174396016376503	-0.0296744782763985	-0.0195100189171429	1.70890855010884	TRUE
set1IT013	succinate (C)	3/9/2015 pseudo6_N2E2_ML5_set1	13	3745304	41575	2166776	2159725	282	649	420.752970972141	0.188788499525398	0.173826241326119	1.02812360091439	1.02895137369613	0.193939597659836	0.0586115545607724	-0.037183664799793	2.43837587776504	TRUE
set1IT014	propionate (C)	3/9/2015 pseudo6_N2E2_ML5_set1	14	3444687	39159	1995159	1987706	235	649	387.240600038964	0.295217863160634	0.273607503604938	1.07400058144378	1.02895137369613	0.239517219993722	0.063012527953746	0.0190506756909873	5.30824651328433	TRUE
set1IT015	D-Mannitol (C)	3/9/2015 pseudo6_N2E2_ML5_set1	15	3404736	15679	2555929	2530898	42	649	493.064095071109	0.16298307736114	0.396586147236643	1.08246216019197	1.02895137369613	0.152195438155733	0.00875674905328488	0.00603638801491857	15.0060936105832	FALSE
set1IT016	4-Hydroxybenzoic Acid (C)	3/9/2015 pseudo6_N2E2_ML5_set1	16	3274619	54070	1878818	1872688	210	649	364.833041106565	0.0432227522053323	1.48576879075597	2.22239242133645	1.02895137369613	0.052932587998568	0.0156322226200946	0.00961620233635548	6.95084425494388	FALSE
set1IT017	m-Inositol (C)	3/9/2015 pseudo6_N2E2_ML5_set1	17	3682743	29554	2150296	2140669	262	649	417.040522111825	0.337238669133015	0.2108278306595	1.02151022868511	1.02895137369613	0.283025075908666	0.0982510644805246	-0.010797386908275	5.85251232820548	TRUE
set1IT018	Glycerol (C)	3/9/2015 pseudo6_N2E2_ML5_set1	18	3212397	38701	1856909	1850889	243	649	360.586206896552	0.244350031373974	0.195001924855311	1.04007743937534	1.02895137369613	0.17802088060491	0.0737051817933743	-0.0228689522380694	3.31347120991794	TRUE
set1IT019	D-Sorbitol (C)	3/9/2015 pseudo6_N2E2_ML5_set1	19	3183337	43616	1832312	1824415	236	649	355.428599259692	0.201896667040291	0.217927670232253	1.05082425907768	1.02895137369613	0.182125311679768	0.064099060437411	-0.00657020939320645	2.30459179264954	TRUE
set1IT020	Tween 20 (C)	3/9/2015 pseudo6_N2E2_ML5_set1	20	3548650	34517	2054850	2045831	272	649	398.564387297876	0.203583713991355	0.18364917142911	1.00885997692023	1.02895137369613	0.200708707578497	0.043385866614989	-0.0208310139517451	1.67515570558582	TRUE
set1IT021	L-Malic (C)	3/9/2015 pseudo6_N2E2_ML5_set1	21	3391495	41467	1957564	1951093	257	649	380.107734268459	0.153546240506493	0.189587187426472	1.02527940844836	1.02895137369613	0.160976196030302	0.0308138155136652	-0.0386611941967035	1.20498123840309	TRUE
set1IT022	L-Histidine (C)	3/9/2015 pseudo6_N2E2_ML5_set1	22	3740942	56707	2160388	2149476	264	649	418.756282875511	0.318721391784977	0.186722631879875	1.03355255971103	1.02895137369613	0.229457130151597	0.0741947521430363	-0.0338196229385775	5.95933221828984	TRUE
set1IT023	L-Glutamine (C)	3/9/2015 pseudo6_N2E2_ML5_set1	23	3184385	46326	1826481	1819817	228	649	354.532826806936	0.176438823778472	0.172352604855892	1.03591957425494	1.02895137369613	0.218716036321555	0.0637985625302877	-0.0289702339666757	1.42401007273476	TRUE
set1IT025	L-Alanine (C)	3/9/2015 pseudo6_N2E2_ML5_set1	25	3798123	63714	2171445	2160001	278	649	420.806740697448	0.29169223671669	0.222631668163249	1.03747470541866	1.02895137369613	0.187263210686457	0.0789917376991863	-0.0392791218277053	3.81567478759473	TRUE
set1IT026	L-Isoleucine (C)	3/9/2015 pseudo6_N2E2_ML5_set1	26	3671346	43934	2125342	2118305	276	649	412.683615819209	0.258603698529697	0.195896512144036	1.01667874114663	1.02895137369613	0.221770274830889	0.0531842805087299	-0.0322304809655623	4.9807471655618	TRUE
set1IT027	L-Phenylalanine (C)	3/9/2015 pseudo6_N2E2_ML5_set1	27	3658745	35986	2121438	2114782	277	649	411.997272550166	0.220938275231912	0.182296694213551	1.03597929710557	1.02895137369613	0.185992681415835	0.00956861674992924	-0.000598787168250142	2.00788272936835	TRUE
set1IT028	D-Alanine (C)	3/9/2015 pseudo6_N2E2_ML5_set1	28	3641583	50967	2095584	2086295	272	649	406.447496590688	0.233498904944002	0.197961414223532	1.04350163863659	1.02895137369613	0.260501701978133	0.0130277354777648	-0.0161426380209587	2.45916187133718	TRUE
set1IT029	Carnitine Hydrochloride (C)	3/9/2015 pseudo6_N2E2_ML5_set1	29	3865515	70354	2206675	2195044	288	649	427.633742450808	0.24623378419578	0.200793985603821	1.05166211982249	1.02895137369613	0.2194798508165	0.0628924719254177	-0.0385769398489975	2.2327032223541	TRUE
set1IT030	casaminos (C)	3/9/2015 pseudo6_N2E2_ML5_set1	30	3520351	20376	2047741	2041085	271	649	397.639781804013	0.108929456228473	0.177250393336894	1.02345897282399	1.02895137369613	0.178672444585812	0.00489467998019536	-0.0132950716373471	1.31868546145531	TRUE
set1IT031	Putrescine (C)	3/9/2015 pseudo6_N2E2_ML5_set1	31	3921927	53150	2259887	2251002	291	649	438.535359438925	0.281650455382786	0.201160876828131	1.02315772098725	1.02895137369613	0.274084772764385	0.056534095064487	-0.0251870750799419	3.42045410746412	TRUE
set1IT032	D-Glucosamine Hydrochloride (C)	3/9/2015 pseudo6_N2E2_ML5_set1	32	3795655	67514	2553295	2541048	179	649	495.041496201052	0.317997140564357	0.221287590701508	1.03332007320003	1.02895137369613	0.23158774876875	0.0520743588868368	-0.0419832717236752	9.68188823367245	TRUE
set1IT033	D-Mannose (C)	3/9/2015 pseudo6_N2E2_ML5_set1	33	3069871	30980	2044186	2029664	144	649	395.414767192675	0.184707702585127	0.226598266835249	1.05183893151962	1.02895137369613	0.138085252278701	0.0169151564721489	-0.0141219077752609	12.1352338915298	TRUE
set1IT034	octanoate (C)	3/9/2015 pseudo6_N2E2_ML5_set1	34	3718652	48021	2150968	2143962	260	649	417.682057276447	0.293206230888644	0.31514419911447	1.09953567355091	1.02895137369613	0.209758843108893	0.083315180682367	0.0639124224539695	2.64168192043903	TRUE
set1IT035	Nickel (II) chloride 1 mM	3/9/2015 pseudo6_N2E2_ML5_set1	35	3838361	52746	2210774	2204237	279	649	429.424702902786	0.106284768290965	0.19694136143316	1.04012811270531	1.02895137369613	0.0753187928891512	0.0593521575854412	-0.0185133441074191	1.44809163534409	TRUE
set1IT036	Cobalt chloride 0.16 mM	3/9/2015 pseudo6_N2E2_ML5_set1	36	3464389	49786	1985666	1979991	254	649	385.737580362361	0.16526151273284	0.187640331677284	1.02308361311304	1.02895137369613	0.173198145037547	0.0749989066600933	0.00950973567617342	3.43452391238577	TRUE
set1IT037	sodium fluoride 12.5 mM	3/9/2015 pseudo6_N2E2_ML5_set1	37	3730167	51200	2155352	2149093	280	649	418.681667640756	0.144168967403892	0.177112227037026	1.05062607306997	1.02895137369613	0.168268110459252	0.0758071448894574	-0.0132104351576824	1.91813173571086	TRUE
set1IT038	Paraquat dichloride 0.03 mg/ml	3/9/2015 pseudo6_N2E2_ML5_set1	38	3947579	50122	2277527	2271194	280	649	442.469121371518	0.129871865082494	0.179427115120562	1.02748073642211	1.02895137369613	0.124810618837454	-0.0254940230103268	-0.00950536121079807	2.24452290019566	TRUE
set1IT039	Thallium(I) acetate 0.004 mg/ml	3/9/2015 pseudo6_N2E2_ML5_set1	39	3778385	55340	2178833	2172448	284	649	423.231638418079	0.0989332140797557	0.19248860350924	1.04669323544804	1.02895137369613	0.0666895332602679	0.0563481803142044	-0.010597971149522	1.217865266899	FALSE
set1IT040	Cisplatin 0.008 mg/ml	3/9/2015 pseudo6_N2E2_ML5_set1	40	3902086	46833	2248076	2240228	296	649	436.436391973505	0.192513766302558	0.225739942125701	1.04730571477836	1.02895137369613	0.143087641161332	0.0588221122600811	-0.0432340067449502	1.8725708002926	TRUE
set1IT041	LB	3/9/2015 pseudo6_N2E2_ML5_set1	41	4003175	62135	2305490	2296147	300	649	447.330411065654	0.0892178000589643	0.182576092344426	1.03473655242491	1.02895137369613	0.103607902902035	0.0158121092186643	-0.000291785547226782	1.81182556208923	FALSE
set1IT042	nitrite 10 mM	3/9/2015 pseudo6_N2E2_ML5_set1	42	3660409	48418	2110538	2104894	265	649	410.070913695695	0.106060117322555	0.186753664199365	1.03732925045651	1.02895137369613	0.0931382463877877	0.0367976914515801	0.0116787506594806	1.28730482554953	TRUE
set1IT043	nitrate 200 mM	3/9/2015 pseudo6_N2E2_ML5_set1	43	3832781	54260	2209928	2203489	285	649	429.278979154491	0.111964000688878	0.182497812034285	1.0217386590275	1.02895137369613	0.0900686550995776	0.0734491754650343	-0.0238818997680776	1.59229259546357	TRUE
set1IT044	Chlorite 0.08 mM	3/9/2015 pseudo6_N2E2_ML5_set1	44	4223876	58246	2439170	2430560	306	649	473.516462107929	0.122382350766271	0.176152910858415	1.02748073642211	1.02895137369613	0.146052830435245	-0.0416736954238635	-0.00747462974392453	2.26256792125269	TRUE
set1IT045	perchlorate 50 mM	3/9/2015 pseudo6_N2E2_ML5_set1	45	4152460	61001	2390902	2383391	301	649	464.327099162283	0.0841993091414906	0.182791949751502	1.01354653183795	1.02895137369613	0.049061431470363	-0.016902338997331	-0.00610744141257691	1.26430539736647	FALSE
set1IT046	Time0	3/9/2015 pseudo6_N2E2_ML5_set1	46	3401483	48981	1960397	1955713	225	423	381.007792713813	0.0111096924582244	0.175083337193807	1.03102689562062	1.02974734339405	-0.0100235645159958	-0.0187889802823385	-0.00487479293772803	1.50815109391958	FALSE
set1IT047	Time0	3/9/2015 pseudo6_N2E2_ML5_set1	47	3328381	47856	1915722	1911161	220	428	372.328268069355	-0.0117635650219844	0.179940234990157	1.02333250383062	1.01983874709224	0.00174767701285154	0.0028278713817748	-0.00159321182851361	1.21903662736186	FALSE
set1IT048	Time0	3/9/2015 pseudo6_N2E2_ML5_set1	48	3074034	44377	1770206	1766026	202	446	344.053380089616	-0.00181783064482446	0.17415544887469	1.03562390973072	1.03102689562062	-0.00247584999696382	0.00202262171135232	0.0111262959806755	1.30017907428621	FALSE
set2IT001	D-Glucose (C)	3/9/2015 pseudo6_N2E2_ML5_set2	49	2372932	22510	1375025	1370518	179	449	267.001363724917	0.21017928921659	0.210679621341435	1.02333250383062	1.03441003078583	0.196320189665323	0.0798302818671366	-0.0228924470429576	1.66393683387461	TRUE
set2IT002	D-Fructose (C)	3/9/2015 pseudo6_N2E2_ML5_set2	50	2893881	25049	1649246	1629352	68	449	317.426845899084	0.258163852339378	0.326380881525826	1.0703893278914	1.03441003078583	0.271267324978581	0.0923623203562558	-0.0081770871241133	9.49132025995563	TRUE
set2IT003	Sucrose (C)	3/9/2015 pseudo6_N2E2_ML5_set2	51	3081107	38716	1777911	1771469	230	449	345.113773621664	0.243299640750698	0.19975160197812	1.03476541816068	1.03441003078583	0.192473480144694	0.085094240074432	-0.0223746985826468	2.3852649570993	TRUE
set2IT004	L-Arabinose (C)	3/9/2015 pseudo6_N2E2_ML5_set2	52	2913090	23780	1689761	1684577	217	449	328.185661406585	0.161642174260944	0.204340613886763	1.05537675703637	1.03441003078583	0.108571630237926	0.0481420978694896	-0.0173445782839938	1.15631394587822	TRUE
set2IT005	D-Xylose (C)	3/9/2015 pseudo6_N2E2_ML5_set2	53	2985474	38307	1728146	1723028	219	449	335.676602376778	0.312913822731895	0.226991203162546	1.02914634565952	1.03441003078583	0.234174736412636	0.0574890342961018	0.00863712427021563	3.97107314603783	TRUE
set2IT006	D-Galactose (C)	3/9/2015 pseudo6_N2E2_ML5_set2	54	3171275	48495	1869694	1856492	166	449	361.67777128385	0.395699509189894	0.268148399043209	1.05889368905357	1.03441003078583	0.295732317401855	0.103749065234437	-0.000375594844880936	7.87373345358322	TRUE
set2IT007	a-Ketoglutaric (C)	3/9/2015 pseudo6_N2E2_ML5_set2	55	3079873	32501	1785356	1779764	234	449	346.729787648549	0.175656283535752	0.193978348692644	1.01989955743771	1.03441003078583	0.193249863042734	0.0318644807854523	-0.0297701737417348	1.63765975251272	TRUE
set2IT008	D-Gluconic Acid (C)	3/9/2015 pseudo6_N2E2_ML5_set2	56	3281915	51097	1891044	1884276	245	449	367.090590298071	0.183730008015929	0.199686015693216	1.04182017569463	1.03441003078583	0.161985924460154	0.0214610563600977	-0.0429007032170221	2.45019525863148	TRUE
set2IT009	D-Lactate (C)	3/9/2015 pseudo6_N2E2_ML5_set2	57	3413006	36348	1974701	1968961	258	449	383.588739528541	0.212129573206883	0.189149490797393	1.03537433010188	1.03441003078583	0.192740466982461	0.0602036937843066	-0.0165766516072125	1.49565671699123	TRUE
set2IT010	L-Lactate (C)	3/9/2015 pseudo6_N2E2_ML5_set2	58	3333182	31968	1934860	1929062	253	449	375.815702318332	0.193324319693133	0.192764399243872	1.03417711531809	1.03441003078583	0.178818832680323	0.072109035489066	-0.0188779310516364	1.32850460486402	TRUE
set2IT011	D,L-Lactate (C)	3/9/2015 pseudo6_N2E2_ML5_set2	59	3172572	34980	1837203	1832170	240	449	356.939411650107	0.172776879199791	0.182098058005898	1	1.03441003078583	0.185529816232111	0.0499450735271688	-0.0287834356526907	1.16036526449642	TRUE
set2IT012	pyruvate (C)	3/9/2015 pseudo6_N2E2_ML5_set2	60	3788456	39078	2195148	2188854	289	449	426.427819988311	0.169275705840865	0.182339802436614	1.01582496716168	1.03441003078583	0.155132962095801	0.0325299907992695	-0.0215283974784276	1.52464988190314	TRUE
set2IT013	succinate (C)	3/9/2015 pseudo6_N2E2_ML5_set2	61	3600234	38849	2084826	2079126	275	449	405.050847457627	0.173926877996041	0.188188176337589	1.03170885972734	1.03441003078583	0.147654006898757	0.0159241948158472	-0.029152889381513	2.17175488410855	TRUE
set2IT014	propionate (C)	3/9/2015 pseudo6_N2E2_ML5_set2	62	3239895	33967	1880822	1875252	227	449	365.332554061952	0.303349334337522	0.264305836654914	1.08246216019197	1.03441003078583	0.232735696906656	0.0487657872781497	0.0269094930263336	4.89039435290438	TRUE
set2IT015	D-Mannitol (C)	3/9/2015 pseudo6_N2E2_ML5_set2	63	3029866	9552	2299195	2279672	27	449	444.120787064095	0.155050936024072	0.393305734869846	1.06413033741972	1.03441003078583	0.0990885845879601	0.0136118676292672	-0.00786330149088742	15.1221271112465	FALSE
set2IT016	4-Hydroxybenzoic Acid (C)	3/9/2015 pseudo6_N2E2_ML5_set2	64	3693439	35870	2136588	2130563	237	449	415.071692967076	0.0834136229040203	1.54151462425689	2.30073387261824	1.03441003078583	0.0615290267924581	0.0208633201431374	0.0302745622529175	7.69050892479585	FALSE
set2IT017	m-Inositol (C)	3/9/2015 pseudo6_N2E2_ML5_set2	65	3359828	20650	1952204	1946894	259	449	379.289694135983	0.220106709327641	0.193376634378611	1.04539190281401	1.03441003078583	0.20026789036521	0.11120176047305	-0.0383938368035738	1.90817984843068	TRUE
set2IT018	Glycerol (C)	3/9/2015 pseudo6_N2E2_ML5_set2	66	3226337	29662	1874597	1868571	246	449	364.030976037405	0.295754529542365	0.210278140940121	1.03394733192334	1.03441003078583	0.230640664244899	0.0636260501201451	-0.00969773105736843	4.40375261011615	TRUE
set2IT019	D-Sorbitol (C)	3/9/2015 pseudo6_N2E2_ML5_set2	67	3687713	44303	2131112	2123491	278	449	413.693941165011	0.212828664312575	0.209089337411099	1.03747470541866	1.03441003078583	0.216980576115371	0.10144409891661	-0.00279944483626665	2.2749371414096	TRUE
set2IT020	Tween 20 (C)	3/9/2015 pseudo6_N2E2_ML5_set2	68	3647205	35938	2110861	2101429	278	449	409.395869861679	0.265506807775086	0.195224245879005	1.0055810322633	1.03441003078583	0.245087896618919	0.0305459922534421	-0.0149024478013343	2.25945728117546	TRUE
set2IT021	L-Malic (C)	3/9/2015 pseudo6_N2E2_ML5_set2	69	3673064	43844	2121950	2116064	277	449	412.247029027859	0.14983805386493	0.184878868191408	1.0432120668213	1.03441003078583	0.167193281758496	-0.00474921386454933	-0.034421151843209	1.12628633688257	TRUE
set2IT022	L-Histidine (C)	3/9/2015 pseudo6_N2E2_ML5_set2	70	3777640	59277	2189515	2179176	266	449	424.542372881356	0.299029900385308	0.192322788251396	1.03342300153745	1.03441003078583	0.22700669245763	0.0812003386492781	-0.0277392589177415	6.52829261507285	TRUE
set2IT023	L-Glutamine (C)	3/9/2015 pseudo6_N2E2_ML5_set2	71	3409867	49180	1959561	1953407	245	449	380.558542762517	0.164311684369229	0.176594250113354	1.03129613048954	1.03441003078583	0.235521413405879	0.0542762383910545	-0.0189456876070773	1.48459004488304	TRUE
set2IT025	L-Alanine (C)	3/9/2015 pseudo6_N2E2_ML5_set2	73	3466508	52337	1989747	1981047	255	449	385.943308007013	0.291107905907828	0.22865842286286	1.0363942372604	1.03441003078583	0.244053895881866	0.0630088378343278	-0.0307270453208313	4.51201521654606	TRUE
set2IT026	L-Isoleucine (C)	3/9/2015 pseudo6_N2E2_ML5_set2	74	3312863	39004	1916415	1911097	246	449	372.315799727255	0.265832909807808	0.205357790082918	1.04639290548445	1.03441003078583	0.239073588102306	0.0723581319233581	-0.0229764838519412	5.35767857009774	TRUE
set2IT027	L-Phenylalanine (C)	3/9/2015 pseudo6_N2E2_ML5_set2	75	3327640	28517	1934701	1929310	251	449	375.86401714397	0.256052203131934	0.190589644916814	1.0351282234036	1.03441003078583	0.194931788829046	0.0219464787715528	-0.00832833162222463	2.01085370687171	TRUE
set2IT028	D-Alanine (C)	3/9/2015 pseudo6_N2E2_ML5_set2	76	3551626	47811	2047011	2036725	209	449	396.790375998441	0.330281721809118	0.247870148580977	1.03881924889053	1.03441003078583	0.219919892732797	0.0765968483134944	-0.0259292948461734	9.82666240932639	TRUE
set2IT029	Carnitine Hydrochloride (C)	3/9/2015 pseudo6_N2E2_ML5_set2	77	3507988	47420	2010486	2002942	261	449	390.208844730177	0.311912714054095	0.200525707580566	1.03980100805797	1.03441003078583	0.248366668786962	0.110680274868393	-0.0280748674070595	3.24926765032449	TRUE
set2IT030	casaminos (C)	3/9/2015 pseudo6_N2E2_ML5_set2	78	3213045	19631	1866273	1860098	247	449	362.380284434054	0.133483261290184	0.189767747361875	1.02225280684713	1.03441003078583	0.147019476207696	0.0277052823323318	-0.0312141825351521	1.44898977851555	TRUE
set2IT031	Putrescine (C)	3/9/2015 pseudo6_N2E2_ML5_set2	79	3488930	48333	2010768	2003728	257	449	390.361971556595	0.285574860997885	0.206568447844892	1.03778466245947	1.03441003078583	0.215864746424033	0.0545966425059259	-0.028336850319812	3.78737606452001	TRUE
set2IT032	D-Glucosamine Hydrochloride (C)	3/9/2015 pseudo6_N2E2_ML5_set2	80	3473638	66077	2558692	2547384	103	449	496.275862068966	0.279141297812596	0.271819385431111	1.04730571477836	1.03441003078583	0.265506536587744	0.0412234511923993	-0.0348082242093849	10.9045533606585	TRUE
set2IT033	D-Mannose (C)	3/9/2015 pseudo6_N2E2_ML5_set2	81	2691534	18656	1877620	1860622	88	449	362.482368984999	0.178437331360823	0.255720193638648	1.0350469470992	1.03441003078583	0.130901945273744	0.00968513453160522	0.00451896353923725	13.0813600946915	TRUE
set2IT034	octanoate (C)	3/9/2015 pseudo6_N2E2_ML5_set2	82	3532635	44242	2050229	2044180	252	449	398.242743035262	0.313594600724872	0.293966093235975	1.08835587442085	1.03441003078583	0.235018858577036	0.0803833221712228	0.0273021267305595	2.52665157821258	TRUE
set2IT035	Time0	3/9/2015 pseudo6_N2E2_ML5_set2	83	3447173	50134	1986109	1982441	228	222	386.214884083382	-0.00196169335386086	0.192293110590776	1.03899413161586	1.02974734339405	-0.0224715380614765	-0.0321193251739876	0.00940166232790916	2.12417012312794	FALSE
set2IT036	Time0	3/9/2015 pseudo6_N2E2_ML5_set2	84	3332991	49501	1917382	1913597	222	228	372.802844340542	-0.00196169335386086	0.192293110590776	1.02974734339405	1.03899413161586	-0.0224715380614765	-0.0321193251739876	-0.00940166232790917	1.43482045381543	FALSE
set2IT037	Chloride 500 mM	3/9/2015 pseudo6_N2E2_ML5_set2	85	3368316	46301	1940179	1935844	229	449	377.136956945256	0.150688747638733	0.192038733807189	1.02236781302845	1.03441003078583	0.0945864615230751	0.0352549350721228	0.00373437573794739	1.17574253173002	TRUE
set2IT038	LB	3/9/2015 pseudo6_N2E2_ML5_set2	86	3391577	52267	1952112	1946555	254	449	379.223650886421	0.0605078678839675	0.193768551996766	1.06111151430339	1.03441003078583	0.0283910558347853	-0.000381926064793008	0.0120669537943405	1.37438486632445	FALSE
set2IT039	Benzethonium chloride 0.02 mM	3/9/2015 pseudo6_N2E2_ML5_set2	87	3257521	51574	1875844	1868802	238	449	364.075978959673	0.169094323026822	0.198637964493522	1.03683676818037	1.03441003078583	0.105169385700856	0.0215823277726546	-0.0259062027058229	2.57723991313807	TRUE
set2IT040	Benzalkonium Chloride 0.016 mg/ml	3/9/2015 pseudo6_N2E2_ML5_set2	88	3888200	63108	2237355	2228768	283	449	434.203779466199	0.168441558412379	0.183264348866889	1.02856915219677	1.03441003078583	0.128147123600951	0.0248622404513225	-0.00819399148369686	1.44909627541578	TRUE
set2IT041	Aluminum chloride 2 mM	3/9/2015 pseudo6_N2E2_ML5_set2	89	3346603	47529	1927863	1922376	251	449	374.513150204559	0.160624655338201	0.200102927865995	1.03905277656377	1.03441003078583	0.117239249028826	0.0510937893514335	0.0236618474404756	1.63977430539626	TRUE
set2IT042	Aluminum chloride 4 mM	3/9/2015 pseudo6_N2E2_ML5_set2	90	3398356	48762	1962861	1956634	250	449	381.187219949347	0.156562433330857	0.310951783738846	1.06047385902631	1.03441003078583	0.159799937162661	0.00093344466358523	-0.000872603022953346	2.74902478783457	TRUE
set2IT043	benzoic 0.58 mg/ml	3/9/2015 pseudo6_N2E2_ML5_set2	91	3242376	45252	1870927	1866557	238	449	363.638612896941	0.0970299380052969	0.196334191557646	1.04182017569463	1.03441003078583	0.102698324189012	0.0133072912326225	0.0121068489162931	1.57729040569892	FALSE
set2IT044	Phosphomycin 0.004 mg/ml	3/9/2015 pseudo6_N2E2_ML5_set2	92	3343581	54667	1920340	1914409	226	449	372.961036430937	0.274621030918803	0.264500735471629	1.03016197051025	1.03441003078583	0.193063698929457	0.0226326080099144	-0.0254061535055403	6.0977790823162	TRUE
set2IT045	Dimethyl Sulfoxide 5 vol%	3/9/2015 pseudo6_N2E2_ML5_set2	93	3444586	39521	1987338	1982549	251	449	386.235924410676	0.0847113653460769	0.197030117758259	1.05062607306997	1.03441003078583	0.0873526214494599	0.00463083271764742	0.0025451718809082	1.43272119574246	FALSE
set2IT046	Dimethyl Sulfoxide 7.5 vol%	3/9/2015 pseudo6_N2E2_ML5_set2	94	3014547	25614	1745339	1741346	215	449	339.245275667251	0.0624468343207761	0.196110805522472	1.05246741989414	1.03441003078583	0.0231455554889846	0.0395263302278211	-0.00198055368380518	1.46791638010628	FALSE
set2IT047	LB	3/9/2015 pseudo6_N2E2_ML5_set2	95	3189667	46480	1836402	1831460	237	449	356.801090979934	0.095733273062982	0.188754736273002	1.04182017569463	1.03441003078583	0.0949412965171111	0.015624801045721	-0.00301596203620293	1.38350122082016	FALSE
set2IT048	Vancomycin 0.12 mg/ml	3/9/2015 pseudo6_N2E2_ML5_set2	96	3287703	57684	1877726	1865251	235	449	363.38418079096	0.198083887953238	0.210173385802095	1.03970970980197	1.03441003078583	0.140317615522725	0.0249179025731652	-0.0143161088948872	2.15742283551753	TRUE
set3IT049	Vancomycin 0.24 mg/ml	3/9/2015 pseudo6_N2E2_ML5_set3	97	3981722	68066	2266126	2252603	240	230	438.847262809273	0.258774665743583	0.269235669494757	1.04730571477836	1.01837852931485	0.219446032032931	0.0596091725008131	-0.00673068651580922	5.71027436187248	TRUE
set3IT050	Cephalothin 4 mg/ml	3/9/2015 pseudo6_N2E2_ML5_set3	98	3608494	50617	2073610	2068850	260	230	403.048899279174	0.120858718381042	0.229271552899504	1.03747470541866	1.01837852931485	0.144449241802733	0.0279077286507065	0.00660452276184626	1.4536603676925	TRUE
set3IT051	A22 0.002 mg/ml	3/9/2015 pseudo6_N2E2_ML5_set3	99	3846284	74224	2192082	2177136	287	230	424.144944476914	0.18456192662778	0.215606108061381	1.03102689562062	1.01837852931485	0.0747631303412927	0.0484318687620402	-0.0306400695720001	2.79131808012253	TRUE
set3IT052	D-Cycloserine 0.06 mg/ml	3/9/2015 pseudo6_N2E2_ML5_set3	100	3262641	44024	1880799	1875616	240	230	365.403467757647	0.0872246405292812	0.227920984227568	1.0369942074822	1.01837852931485	0.0630022710505419	0.0403169402920265	-0.0253037719013805	1.61134104714059	FALSE
set3IT053	D-Cycloserine 0.12 mg/ml	3/9/2015 pseudo6_N2E2_ML5_set3	101	3505590	47500	2016076	2010552	258	230	391.691408533022	0.131431459800143	0.227867021715231	1.04306872189189	1.01837852931485	0.0677875441555323	0.00123724782422104	-0.0242410875847428	1.33266209884775	TRUE
set3IT054	Doxycycline hyclate 0.0001 mg/ml	3/9/2015 pseudo6_N2E2_ML5_set3	102	3852706	60423	2206043	2199343	260	230	428.471264367816	0.295811294240275	0.252687628546356	1.07324898203064	1.01837852931485	0.178232599142334	0.0813751897516437	0.00978940098609044	6.9710252665256	TRUE
set3IT055	Ceftazidime 0.15 mg/ml	3/9/2015 pseudo6_N2E2_ML5_set3	103	3770134	64512	2161251	2149881	279	230	418.835184102864	0.127609902700315	0.217044649995841	1.03813512888677	1.01837852931485	0.100763415247096	0.0288486234339109	-0.0227898234049752	2.09065479491875	TRUE
set3IT056	LB	3/9/2015 pseudo6_N2E2_ML5_set3	104	3948916	54120	2277121	2270406	289	230	442.31560490941	0.0529793748819482	0.212031454081131	1.04306872189189	1.01837852931485	0.0568849570146714	-0.0154950606680061	-0.0105566834012115	1.80090167710386	FALSE
set3IT058	Time0	3/14/2015 pseudo6_N2E2_ML5_set3	106	3799840	54260	2187348	2182898	257	1181	425.267484901617	0.00643671148682512	0.15030354260632	1.05311133645956	1.02856915219677	0.0495027638049995	-0.0270653115784535	0.0190691500289263	1.01783122147093	FALSE
set3IT059	Time0	3/14/2015 pseudo6_N2E2_ML5_set3	107	3958495	56015	2279421	2274968	270	1169	443.204363919735	-0.00707352075452575	0.147517446779096	1.02599520853294	1.03459866152397	0.0121943607056025	0.0118672637397236	-0.0326727909415408	1.23331443753561	FALSE
set3IT060	Time0	3/14/2015 pseudo6_N2E2_ML5_set3	108	3670277	52473	2114457	2110469	249	1193	411.157023183324	0.0054872240661857	0.151865047136948	1.02748073642211	1.03480667043149	-0.0222535053590793	0.0326631865542026	-0.0228126582294612	0.975721103694716	FALSE
set3IT061	Rifampicin 0.003 mg/ml	3/14/2015 pseudo6_N2E2_ML5_set3	109	3321408	71560	1899060	1891681	90	1441	368.533216442626	0.220494492972637	0.27045443964999	1.08365792904691	1.03604361125683	0.182641788468602	0.0430614993834184	-0.0327375343857072	11.2644211594156	TRUE
set3IT062	Chloramphenicol 0.002 mg/ml	3/14/2015 pseudo6_N2E2_ML5_set3	110	4390172	62899	2529843	2523369	337	1441	491.597311513735	0.186761446388982	0.172935885467064	1.05410740533945	1.03604361125683	0.152504574945992	0.0283958613165227	-0.0484514373641741	3.61403496863734	TRUE
set3IT063	Chloramphenicol 0.004 mg/ml	3/14/2015 pseudo6_N2E2_ML5_set3	111	3788785	54922	2179870	2173637	288	1441	423.463276836158	0.172569546196615	0.16527723094497	1.03736052750393	1.03604361125683	0.152767691626183	0.0416095686854816	-0.0318717262935753	6.16785805449358	TRUE
set3IT064	Chloramphenicol 0.008 mg/ml	3/14/2015 pseudo6_N2E2_ML5_set3	112	2769593	36820	1545626	1541796	154	1441	300.369374634717	0.234871840997341	0.214646048539889	1.06504353190588	1.03604361125683	0.153162766148956	0.0603146949787744	-0.0154048381371241	13.7120362006027	TRUE
set3IT065	Tetracycline 0.0001 mg/ml	3/14/2015 pseudo6_N2E2_ML5_set3	113	3587846	52091	2065865	2060365	273	1441	401.395869861679	0.15604470658492	0.164521945790745	1.02523729149902	1.03604361125683	0.152953236364362	0.0429534543089639	-0.0448490718192381	1.17883946323987	TRUE
set3IT066	Tetracycline 0.0002 mg/ml	3/14/2015 pseudo6_N2E2_ML5_set3	114	3409887	46129	1964905	1960245	258	1441	381.890707188778	0.19557625447656	0.168170345290992	1.04699747953717	1.03604361125683	0.135750254592532	-0.00781596080230776	-0.0469948357968308	3.08227264404667	TRUE
set3IT067	Spectinomycin 0.0125 mg/ml	3/14/2015 pseudo6_N2E2_ML5_set3	115	3542192	44602	2041709	2036091	269	1441	396.666861484512	0.209480838244013	0.171252147338888	1.02999474029784	1.03604361125683	0.164749896588386	0.0089739938143228	-0.0725888507281991	4.71191861360908	TRUE
set3IT068	Carbenicillin 0.5 mg/ml	3/14/2015 pseudo6_N2E2_ML5_set3	116	2824801	41222	1687611	1679238	21	1441	327.14552893045	0.128403050006432	0.494569662210007	1.11547721741994	1.03604361125683	0.0750973265379314	-0.00226103711399576	-0.0680837780866669	13.0596245005433	FALSE
set3IT069	Carbenicillin 1 mg/ml	3/14/2015 pseudo6_N2E2_ML5_set3	117	3154724	19022	1639911	1635233	11	1441	318.57256964738	0.041429503133506	0.53805647093545	1	1.03604361125683	0.0330385587227016	-0.0717550016703136	-0.0731820292735354	14.3738033197553	FALSE
set3IT070	Nalidixic 0.004 mg/ml	3/14/2015 pseudo6_N2E2_ML5_set3	118	3317175	49093	1897735	1888859	194	1441	367.983440483148	0.218009938659234	0.242584755652125	1.07166098512745	1.03604361125683	0.157304206176535	0.0633013759948177	-0.0447348808523811	8.26602208180127	TRUE
set3IT071	Nalidixic 0.008 mg/ml	3/14/2015 pseudo6_N2E2_ML5_set3	119	3241573	49296	1868926	1860609	218	1441	362.47983635301	0.216769350761922	0.216797120253694	1.05476580343089	1.03604361125683	0.188625172367717	0.06030960438811	-0.0310280892280165	6.20416286729695	TRUE
set3IT072	LB	3/14/2015 pseudo6_N2E2_ML5_set3	120	3189339	49598	1831065	1826543	243	1441	355.843171634522	0.140366924098894	0.166104105978077	1.053515509327	1.03604361125683	0.152719686253704	0.0493701357174483	-0.0810791216157637	2.52878263573756	TRUE
set3IT073	2-Furfuraldehyde 0.032 vol%	3/14/2015 pseudo6_N2E2_ML5_set3	121	2793425	17105	1183440	1180853	87	1441	230.051237093318	0.157818630557011	0.52124450986381	1.16992500144231	1.03604361125683	0.128583266191791	0.00190858746241283	0.00154127451256431	12.3481826974537	FALSE
set3IT074	5-Hydroxymethylfurfural 10 mM	3/14/2015 pseudo6_N2E2_ML5_set3	122	2536653	33808	1474703	1471723	180	1441	286.717903759984	0.217216207966937	0.196418485615941	1.05658352836637	1.03604361125683	0.173259769491023	0.0600797599829365	-0.00532097848188544	5.11808161734122	TRUE
set3IT075	Dimethyl Sulfoxide 7.5 vol%	3/14/2015 pseudo6_N2E2_ML5_set3	123	2986072	38693	1723005	1718869	224	1441	334.866354958114	0.121345929808347	0.16985193944432	1.03562390973072	1.03604361125683	0.0953952113433485	0.0277186714153133	-0.0053622104424737	0.984224361449206	TRUE
set3IT076	LB	3/14/2015 pseudo6_N2E2_ML5_set3	124	3225332	50757	1852513	1848358	246	1441	360.09312293006	0.100249919225466	0.17266963610729	1.03242147769238	1.03604361125683	0.119707701495817	0.0416098573965382	-0.0646081109294983	1.30489428974684	TRUE
set3IT077	Choline chloride 150 mM	3/14/2015 pseudo6_N2E2_ML5_set3	125	3070313	44648	1771717	1767855	233	1441	344.409701928697	0.0779342640553882	0.180043226745549	1.0452125768836	1.03604361125683	0.0415752666631062	0.0101127715195111	-0.0218640251430742	1.18172700482695	FALSE
set3IT078	Cholin acetate 40 mM	3/14/2015 pseudo6_N2E2_ML5_set3	126	2513221	37397	1450014	1445858	190	1441	281.678940190921	0.0664440944661513	0.310539647230811	1.07800251200127	1.03604361125683	0.0480326197912001	0.0444891287789381	-0.0257592912443516	1.82589767260111	FALSE
set3IT079	acetate 80 mM	3/14/2015 pseudo6_N2E2_ML5_set3	127	4276726	59055	2469821	2463030	325	1441	479.842197545295	0.152826670908065	0.164577051976317	1.02964546174853	1.03604361125683	0.148873350545434	0.0292819029052419	-0.0348364745389516	1.10642272898187	TRUE
set3IT080	Choline Lysine 20 mM	3/14/2015 pseudo6_N2E2_ML5_set3	128	3183763	41076	1828923	1824939	235	1441	355.530683810637	0.297720004641198	0.223138228357066	1.07528812730424	1.03604361125683	0.204378259824489	0.0948273234900025	-0.0277842055252071	3.00731272763091	TRUE
set3IT081	L-Lysine 25 mM	3/14/2015 pseudo6_N2E2_ML5_set3	129	2697474	36289	1554559	1551099	203	1441	302.181765049679	0.205230208567212	0.18359148811306	1.04020632239502	1.03604361125683	0.15591136474119	0.0707741485953656	-0.0404652386452939	1.21656008728536	TRUE
set3IT082	LB	3/14/2015 pseudo6_N2E2_ML5_set3	130	3205251	50040	1841741	1836775	242	1441	357.836547827781	0.179158535547813	0.166307383130763	1.04102726826005	1.03604361125683	0.170044245214197	0.0511073893996701	-0.0832472807845738	1.4196953892087	TRUE
set3IT083	copper (II) chloride 3 mM	3/14/2015 pseudo6_N2E2_ML5_set3	131	3261915	42435	1875654	1861836	242	1441	362.718877849211	0.237474107832302	0.261370304388574	1.06711419585854	1.03604361125683	0.186171619295211	0.00213508183235791	-0.0406123388090594	2.31875311867972	TRUE
set3IT084	perchlorate 50 mM	3/14/2015 pseudo6_N2E2_ML5_set3	132	3523101	52200	2027941	2020884	246	1441	393.704266510812	0.235203195581791	0.167063342136097	1.03394733192334	1.03604361125683	0.172740384750736	0.0424797177465221	0.000745653978110166	4.18299138607871	TRUE
set3IT085	LB	3/14/2015 pseudo6_N2E2_ML5_set3	133	3422937	52434	1966740	1961315	258	1441	382.099162283265	0.135664255022323	0.163213752010074	1.02520055412514	1.03604361125683	0.118337413461239	0.0930069764570102	-0.0931468563410455	1.55806310323919	TRUE
set3IT086	inner cut, LB soft agar motility assay	3/14/2015 pseudo6_N2E2_ML5_set3	134	3658595	92319	1770378	1766624	146	1441	344.169881161114	0.293932160065402	0.328731867080691	1.13245029602365	1.03604361125683	0.251791157315064	0.0531279360641618	-0.028853958551075	9.15786380568797	TRUE
set3IT087	inner cut, LB soft agar motility assay	3/14/2015 pseudo6_N2E2_ML5_set3	135	4550386	109818	1948126	1944256	113	1441	378.775764660043	0.322867525670622	0.35978424894684	1.1096244911745	1.03604361125683	0.259532720820146	0.0734289261671406	-0.0269337610860257	10.0507851813895	TRUE
set3IT088	inner cut, LB soft agar motility assay	3/14/2015 pseudo6_N2E2_ML5_set3	136	3026731	52167	1388745	1386115	79	1441	270.039937658289	0.300287526204034	0.377997894474391	1.10691520391651	1.03604361125683	0.258637128243601	0.0530308400160164	-0.0173914111961115	9.89750990568143	TRUE
set3IT089	outer cut, LB soft agar motility assay	3/14/2015 pseudo6_N2E2_ML5_set3	137	2943292	68588	1180075	1177655	60	1441	229.428209624002	0.285521242986761	0.514855292508688	1.16992500144231	1.03604361125683	0.215884978899902	0.0474057016553304	-0.0329168938803304	9.80671107354831	FALSE
set3IT090	outer cut, LB soft agar motility assay	3/14/2015 pseudo6_N2E2_ML5_set3	138	3046398	63682	1414813	1411232	129	1441	274.933177479057	0.272416373945173	0.355651429034723	1.1197392442741	1.03604361125683	0.224385791193473	0.0723505634618961	-0.0201819481665342	8.60506368693074	TRUE
set3IT091	outer cut, LB soft agar motility assay	3/14/2015 pseudo6_N2E2_ML5_set3	139	3941403	87945	1788416	1782751	128	1441	347.311708552503	0.273197980170241	0.337329418449556	1.11103131238874	1.03604361125683	0.24030271402674	0.0622302400268891	-0.0365301822262481	9.62784429422789	TRUE
set3IT092	Time0	3/14/2015 pseudo6_N2E2_ML5_set3	140	3325228	47449	1912528	1908767	227	1212	371.861874147672	-0.0156115048333204	0.15517967116198	1.04385428958943	1.02786679343294	-0.0202292096116526	-0.0501655239716903	0.0167970672389044	1.25663254610804	FALSE
set3IT093	Time0	3/14/2015 pseudo6_N2E2_ML5_set3	141	3227554	45619	1859065	1855578	219	1221	361.499707773232	-0.00810849881780516	0.161722662236944	1.02553509210714	1.03485875721165	0.03793672543736	-0.0134374817917667	0.00809556734415729	0.97817760857693	FALSE
set3IT094	Time0	3/14/2015 pseudo6_N2E2_ML5_set3	142	3214803	46464	1848346	1844914	218	1221	359.422170270797	-0.00298834045949279	0.154657231316924	1.03224033700021	1.03476541816068	0.0565520351290252	0.00135523416653822	0.00150852010361641	1.08289196282564	FALSE
set7IT007	Time0	2/1/2016 pseudo6_N2E2_ML5_set7	143	1818666	27859	1046659	1043635	123	271	203.318721994935	-0.00273513228790596	0.223486226856765	1.0207585601668	1.0331668639352	0.000911195165495917	-0.0253955804106227	-0.0200878646618933	1.59196643389392	FALSE
set7IT008	Time0	2/1/2016 pseudo6_N2E2_ML5_set7	144	1779807	27445	1023992	1021003	120	273	198.909604519774	-0.0206159465013254	0.233692849549608	1.03426990208475	1.03789358209569	0.0128979332536302	-0.0197719061985957	-0.0112894312546997	1.32271416385563	FALSE
set7IT009	Time0	2/1/2016 pseudo6_N2E2_ML5_set7	145	2237023	34419	1285250	1281978	149	243	249.75219170076	-0.018543486358561	0.216881705821917	1.04182017569463	1.02003775323655	0.00535239253107958	0.0017919866494823	0.0412938523908929	1.68149512419857	FALSE
set7IT013	Tetracycline 0.0002 mg/ml	2/1/2016 pseudo6_N2E2_ML5_set7	146	2974515	50675	1709756	1704697	221	392	332.105396454315	0.170401916598502	0.192744723420808	1.02395989894418	1.02688329415095	0.118550861452476	0.0087398953625504	-0.0172806310098354	3.60957421520857	TRUE
set7IT014	Tetracycline 0.0004 mg/ml	2/1/2016 pseudo6_N2E2_ML5_set7	147	2545626	33522	1461364	1456343	184	392	283.721605299045	0.164666939563449	0.208054148496178	1.03862129402731	1.02688329415095	0.136312192597925	0.0856428007467256	-0.0420719101257419	4.73065866751855	TRUE
set7IT015	Tetracycline 0.0008 mg/ml	2/1/2016 pseudo6_N2E2_ML5_set7	148	2082419	14409	727985	726135	18	392	141.464056107539	0.0392172464533916	0.496672649371293	1.09310940439148	1.02688329415095	-0.00276936611927959	0.0577797954992459	-0.0433599657172027	12.2043942988439	FALSE
set7IT016	Spectinomycin 0.01 mg/ml	2/1/2016 pseudo6_N2E2_ML5_set7	149	2990604	44781	1719424	1713838	220	392	333.886226378336	0.177675151734074	0.196185727809539	1.04340977648814	1.02688329415095	0.163964381895321	0.0866878998321707	-0.0519782304840045	4.06220769387592	TRUE
set7IT017	Nalidixic 0.016 mg/ml	2/1/2016 pseudo6_N2E2_ML5_set7	150	1820570	812	559942	559844	3	392	109.067601792324	0.0640950121583793	0.516116990358043	1	1.02688329415095	0.0651923652294522	0.038771986609969	-0.107337164261105	13.9879145909083	FALSE
set7IT018	Nickel (II) chloride 0.5 mM	2/1/2016 pseudo6_N2E2_ML5_set7	151	2366302	36041	1362768	1358425	178	392	264.645431521527	0.110657379888856	0.208613280443013	1.02647221136119	1.02688329415095	0.0788413644231939	0.00222465861972916	-0.00229789755759094	1.32612443136621	TRUE
set7IT019	sodium fluoride 15 mM	2/1/2016 pseudo6_N2E2_ML5_set7	152	2626315	40015	1517317	1512062	200	392	294.576660822131	0.115379890323869	0.207746090889901	1.05755102256216	1.02688329415095	0.145125992870421	0.0283584910386805	-0.00851897553975774	2.22698177858017	TRUE
set7IT020	Chloride 500 mM	2/1/2016 pseudo6_N2E2_ML5_set7	153	2615442	35201	1507466	1503573	180	392	292.922852133255	0.122526352113146	0.229339329541569	1.0332761548743	1.02688329415095	0.0660343806680808	-0.0110344897561068	0.000664600565455148	1.16683743591922	TRUE
set7IT021	Chloride 600 mM	2/1/2016 pseudo6_N2E2_ML5_set7	154	2328182	29977	1342392	1338626	159	392	260.788233002143	0.186524223436859	0.319645637254608	1.06413033741971	1.02688329415095	0.103119572604651	0.0386762226873934	0.0342355895174321	1.95181480089449	TRUE
set7IT022	Fusidic 0.3 mg/ml	2/1/2016 pseudo6_N2E2_ML5_set7	155	2701074	35983	1557068	1552479	185	392	302.450613676213	0.188961972600918	0.232831551378169	1.0320612092323	1.02688329415095	0.114824861081754	0.0535781659834132	-0.0344854187875572	3.56051612968611	TRUE
set7IT023	Fusidic 0.4 mg/ml	2/1/2016 pseudo6_N2E2_ML5_set7	156	2153943	28554	1235844	1230921	141	392	239.805376972531	0.208515279675974	0.261227669443526	1.05134688000022	1.02688329415095	0.14737313679634	0.0503282940457537	-0.0530980051072319	6.36675690647366	TRUE
set7IT024	Fusidic 0.6 mg/ml	2/1/2016 pseudo6_N2E2_ML5_set7	157	2347017	9411	928942	925598	5	392	180.323007987532	0.111725480861664	0.501350196136657	1	1.02688329415095	0.0750297299061588	0.0217539257132706	-0.0816877786898796	13.378476052103	FALSE
set7IT025	Lomefloxacin 0.0002 mM	2/1/2016 pseudo6_N2E2_ML5_set7	158	2947482	44969	1693743	1684052	188	392	328.083382037795	0.230573202720938	0.232173339263565	1.05195207963472	1.02688329415095	0.169729857442217	0.0446254496683792	-0.0392743246244078	6.08757163461864	TRUE
set7IT026	Sisomicin 0.0004 mg/ml	2/1/2016 pseudo6_N2E2_ML5_set7	159	2566108	39936	1477212	1472439	193	392	286.85739333723	0.0738308324695046	0.199360658481656	1.02046410255972	1.02688329415095	0.013719671052785	0.0355983616765039	-0.00907984711501347	1.61303777992096	FALSE
set7IT027	Sisomicin 0.0008 mg/ml	2/1/2016 pseudo6_N2E2_ML5_set7	160	2418384	38923	1388849	1383187	181	392	269.469511007208	0.139452919429864	0.208348830648732	1.04182017569463	1.02688329415095	0.110991594065006	0.0134994012888214	-0.0292434007038711	1.78367936770064	TRUE
set7IT028	Sisomicin 0.0016 mg/ml	2/1/2016 pseudo6_N2E2_ML5_set7	161	2716195	46365	1551746	1539568	196	392	299.935320475356	0.160745793898329	0.218028931976427	1.03671177835652	1.02688329415095	0.189724934063548	0.0292416359272766	-0.0315866425133492	2.72823505623886	TRUE
set7IT029	LB	2/1/2016 pseudo6_N2E2_ML5_set7	162	2425259	37842	1396113	1392147	184	392	271.215078901227	0.0932101574820849	0.204736580754146	1.03747470541866	1.02688329415095	0.0985503255625778	0.0369424062007558	-0.00470264617257686	1.09851043186582	FALSE
setAIT067	L-Arginine (N)	1/21/2016 pseudo6_N2E2_ML5_set7.b	163	3519978	45092	2032632	2027434	256	358	394.980323397623	0.164170996028411	0.237414820101159	1.04730571477836	1.03527547474753	0.185390531591196	0.0451929125904538	-0.0220653439430585	1.89823861045224	TRUE
setAIT068	L-Histidine (N)	1/21/2016 pseudo6_N2E2_ML5_set7.b	164	2274113	29977	1311462	1307120	171	358	254.65030196766	0.175599530371772	0.243158035644543	1.05784407457228	1.03527547474753	0.140758175256432	0.0449612350094877	-0.0329605027914847	1.77352125640301	TRUE
setAIT069	L-Lysine (N)	1/21/2016 pseudo6_N2E2_ML5_set7.b	165	1708980	15331	987381	984723	128	358	191.841613091759	0.17557559539089	0.264236865231861	1.02046410255972	1.03527547474753	0.153425052737426	0.0746966149634352	-0.0191799502364889	4.06071880128496	TRUE
setAIT070	L-Aspartic Acid (N)	1/21/2016 pseudo6_N2E2_ML5_set7.b	166	1251225	15994	721779	719799	94	358	140.229690239626	0.123450679880215	0.295669040712386	1.03652587602511	1.03527547474753	0.135229082260917	0.0365298706586618	0.00450271313312159	2.67060446063523	TRUE
setAIT071	L-Glutamic (N)	1/21/2016 pseudo6_N2E2_ML5_set7.b	167	2270501	27011	1313304	1308843	173	358	254.985973115137	0.168761326010739	0.227710832091075	1.03102689562062	1.03527547474753	0.18410781054469	0.0472078160661929	-0.0194371512416773	1.52388258651492	TRUE
setAIT072	L-Serine (N)	1/21/2016 pseudo6_N2E2_ML5_set7.b	168	2750802	18722	1020674	1018136	92	358	198.351061757257	0.242725802357968	0.364028122673737	1.08746284125034	1.03527547474753	0.191570998307322	0.0721307819618622	-0.00890860768043956	6.55574800055196	TRUE
setAIT073	L-Asparagine (N)	1/21/2016 pseudo6_N2E2_ML5_set7.b	169	2058347	22499	1190985	1186983	156	358	231.245470485096	0.1414682388686	0.248624446932474	1.01858902649427	1.03527547474753	0.153528537899137	0.018678258720993	-0.0240936815276426	1.86448712846592	TRUE
setAIT074	L-Glutamine (N)	1/21/2016 pseudo6_N2E2_ML5_set7.b	170	1955224	28322	1127529	1124001	147	358	218.97545295149	0.149720335115052	0.246979476941927	1.04820909304262	1.03527547474753	0.189514693866069	0.0764013174237981	-0.0312866257367922	1.55367326923603	TRUE
setAIT075	Glycine (N)	1/21/2016 pseudo6_N2E2_ML5_set7.b	171	1953267	20893	1134944	1130778	146	358	220.295733489188	0.2203713258249	0.248680680903015	1.02308361311304	1.03527547474753	0.216706727408241	0.039040871883901	-0.0111260577667497	2.18229496404604	TRUE
setAIT076	L-Proline (N)	1/21/2016 pseudo6_N2E2_ML5_set7.b	172	3169269	43215	1813809	1807049	231	358	352.045392557958	0.259100350940074	0.225197352142055	1.0383281186591	1.03527547474753	0.235062855188321	0.0848405320092862	-0.0405818433656561	2.24315356118906	TRUE
setAIT077	L-Alanine (N)	1/21/2016 pseudo6_N2E2_ML5_set7.b	173	2595852	29657	1492925	1488221	192	358	289.932008571985	0.148221322134111	0.238358673878164	1.04130697415691	1.03527547474753	0.158782522956375	0.0600259771781884	-0.0306554528845082	1.97866240761521	TRUE
setAIT078	L-Isoleucine (N)	1/21/2016 pseudo6_N2E2_ML5_set7.b	174	2687734	32447	1552808	1546276	200	358	301.242158581726	0.275716932123118	0.253143124779273	1.05658352836637	1.03527547474753	0.188824821252433	0.0729920374888682	-0.0323911726983248	5.48201650261321	TRUE
setAIT079	L-Phenylalanine (N)	1/21/2016 pseudo6_N2E2_ML5_set7.b	175	3487454	38979	2013011	2005625	264	358	390.731541009156	0.231162273975035	0.218558243456424	1.04654258593703	1.03527547474753	0.226499380640529	0.0185120703987057	-0.0217073545988089	1.29988185662475	TRUE
setAIT081	D-Serine (N)	1/21/2016 pseudo6_N2E2_ML5_set7.b	177	2381851	2045	106610	86348	6	358	16.8221313072277	0.078691378672112	0.799449387129298	1.03394733192334	1.03527547474753	0.101983039938859	0.0100645048157726	-0.0201416517185851	9.31766449358072	FALSE
setAIT083	Gly-Glu (N)	1/21/2016 pseudo6_N2E2_ML5_set7.b	179	2519425	20100	1323713	1320781	122	358	257.311708552503	0.24460988066728	0.259212510753749	1.03747470541866	1.03527547474753	0.217155299270382	0.0143824069619845	-0.0122148665517316	8.20575663523112	TRUE
setAIT084	L-Citrulline (N)	1/21/2016 pseudo6_N2E2_ML5_set7.b	180	2610871	33524	1505613	1500185	198	358	292.262809273329	0.176924645136533	0.24106762910375	1.02974734339405	1.03527547474753	0.148514834276764	0.0303106297096194	-0.0289253106129635	1.72221516116772	TRUE
setAIT086	Putrescine (N)	1/21/2016 pseudo6_N2E2_ML5_set7.b	182	2287263	27337	1304372	1299715	169	358	253.207675823105	0.190912621524756	0.237674362725732	1.05514155419246	1.03527547474753	0.237577616956224	0.062859829149018	-0.0167320898534038	3.73634966827067	TRUE
setAIT087	Parabanic Acid (N)	1/21/2016 pseudo6_N2E2_ML5_set7.b	183	2784109	29508	1611806	1606039	212	358	312.885057471264	0.202348132281025	0.252599339873982	1.04629365227394	1.03527547474753	0.167429579585939	0.0480275977640883	-0.0107971702487416	2.27108975263483	TRUE
setAIT088	Uridine (N)	1/21/2016 pseudo6_N2E2_ML5_set7.b	184	1957114	24526	1128866	1125121	146	358	219.193648938243	0.223230525957854	0.236754603773257	1.03170885972734	1.03527547474753	0.160383307174218	0.0531211837116572	-0.0118520043279705	1.4993408031153	TRUE
setAIT089	Cytidine (N)	1/21/2016 pseudo6_N2E2_ML5_set7.b	185	1792245	20489	1039041	1034945	133	358	201.625754919151	0.296861304953016	0.269066996570387	1.03421571533791	1.03527547474753	0.240125424957839	0.0788868150916618	-0.027485219654691	3.203128400557	TRUE
setAIT090	Cytosine (N)	1/21/2016 pseudo6_N2E2_ML5_set7.b	186	2135206	20397	1235870	1231372	160	358	239.893239820768	0.246536342247848	0.238880858113474	1.01131531322783	1.03527547474753	0.217568827207172	0.0711585234182379	-0.0135836503854171	2.64783882036033	TRUE
setAIT091	Glucuronamide (N)	1/21/2016 pseudo6_N2E2_ML5_set7.b	187	2837743	27532	1645328	1639007	217	358	319.307812195597	0.115660602420459	0.302196502201743	1.0619277491432	1.03527547474753	0.12183106256124	0.0842670151505184	-0.0148370486556422	2.40146054270736	TRUE
setAIT092	Ammonium chloride (N)	1/21/2016 pseudo6_N2E2_ML5_set7.b	188	2565254	30290	1480685	1475358	190	358	287.426066627703	0.167308589002434	0.218016813681203	1.0351894284623	1.03527547474753	0.143489904075747	0.00344874604542934	-0.0181589429541779	1.71738627830825	TRUE
setAIT093	nitrate (N)	1/21/2016 pseudo6_N2E2_ML5_set7.b	189	2751276	33306	1583557	1578335	204	358	307.487823884668	0.18054267819823	0.209713215660805	1.0335959692716	1.03527547474753	0.123600231133101	0.0734545902581932	-0.0367252557065153	1.34419613153261	TRUE
setAIT094	Urea (N)	1/21/2016 pseudo6_N2E2_ML5_set7.b	190	2363038	19355	1370761	1366301	182	358	266.179816871225	0.165583627716636	0.227561387208413	1.02974734339405	1.03527547474753	0.178620419828057	0.0699079744956851	-0.0122762899478869	2.30785434810602	TRUE
setAIT095	Time0	1/21/2016 pseudo6_N2E2_ML5_set7.b	191	2411364	35194	1387751	1384447	161	194	269.714981492305	0.00423019409028452	0.217862090818756	1.0142138592197	1.03627538639155	0.00844056449465973	-0.0169104439219672	0.0198078550127521	1.90123510511137	FALSE
setAIT096	Time0	1/21/2016 pseudo6_N2E2_ML5_set7.b	192	2915540	42634	1677159	1673112	194	161	325.952074810053	0.00423019409028452	0.217862090818756	1.03627538639155	1.0142138592197	0.00844056449465973	-0.0169104439219672	-0.0198078550127521	1.40544231878617	FALSE
set8IT001	L-Arginine (N)	1/21/2016 pseudo6_N2E2_ML5_set8	193	1409776	17732	813335	811120	102	377	158.020650691603	0.171528552035441	0.264367850764523	1.03394733192334	1.04679421147894	0.161031636131727	-0.013389394223488	-0.0132904474986101	1.89340601117848	TRUE
set8IT002	L-Histidine (N)	1/21/2016 pseudo6_N2E2_ML5_set8	194	2160134	28876	1242107	1237094	163	377	241.007987531658	0.195314656639464	0.234039431398952	1.02647221136119	1.04679421147894	0.167151039392764	0.0606186788976156	-0.0609509037288925	1.26929285828493	TRUE
set8IT003	L-Lysine (N)	1/21/2016 pseudo6_N2E2_ML5_set8	195	1713609	17645	988356	984551	131	377	191.808104422365	0.182188822142615	0.24789942768421	1.05585323473352	1.04679421147894	0.16258839701446	0.0786718064893871	-0.0354266675003256	4.22152757340201	TRUE
set8IT004	L-Aspartic Acid (N)	1/21/2016 pseudo6_N2E2_ML5_set8	196	1903879	23812	1097977	1093921	143	377	213.115332164426	0.158695950638924	0.258454391899057	1.0500406824996	1.04679421147894	0.146654902228765	0.0389059454150968	-0.0136821766586712	1.68552746375694	TRUE
set8IT005	L-Glutamic (N)	1/21/2016 pseudo6_N2E2_ML5_set8	197	1801125	21940	1040242	1036168	137	377	201.86401714397	0.115138323232346	0.253036240758495	1.04439411935845	1.04679421147894	0.104158584172443	0.0152393121132141	-0.0285642747544988	1.51985336845999	TRUE
set8IT006	L-Serine (N)	1/21/2016 pseudo6_N2E2_ML5_set8	198	2432828	14610	832644	830097	72	377	161.717708942139	0.225188096380219	0.425021610424595	1.11289405640593	1.04679421147894	0.187952990434546	0.0313478831924204	-0.0175493559911143	8.04457435714274	TRUE
set8IT007	L-Asparagine (N)	1/21/2016 pseudo6_N2E2_ML5_set8	199	2333186	26912	1349096	1344119	179	377	261.858367426456	0.134670209261905	0.227992145324665	1.04494740605397	1.04679421147894	0.180056628177474	0.0217265237741227	-0.045163509358116	1.34861668676522	TRUE
set8IT008	L-Glutamine (N)	1/21/2016 pseudo6_N2E2_ML5_set8	200	2025755	29955	1169072	1165865	154	377	227.131307227742	0.160364675019451	0.238144198915889	1.0331668639352	1.04679421147894	0.158023211490925	0.0538193369290677	-0.0151697087252653	1.33665866216764	TRUE
set8IT009	Glycine (N)	1/21/2016 pseudo6_N2E2_ML5_set8	201	2477496	33281	1434454	1429061	186	377	278.406584843172	0.224397687229087	0.222757568089833	1.0369942074822	1.04679421147894	0.17872138329561	0.0613321097790189	-0.0127974557176853	2.18427547012613	TRUE
set8IT010	L-Proline (N)	1/21/2016 pseudo6_N2E2_ML5_set8	202	2690196	34714	1546172	1541098	198	377	300.233391778687	0.274042702367119	0.223081495693808	1.05534303384377	1.04679421147894	0.232864165243979	0.0863278200234643	-0.0394299977424685	2.08421483153076	TRUE
set8IT011	L-Alanine (N)	1/21/2016 pseudo6_N2E2_ML5_set8	203	2510326	29625	1443367	1438615	188	377	280.267874537308	0.194340513597996	0.235547092367388	1.02748073642211	1.04679421147894	0.218454149425766	0.0370908547563187	-0.050899127676477	1.61943919485703	TRUE
set8IT012	L-Isoleucine (N)	1/21/2016 pseudo6_N2E2_ML5_set8	204	2885805	36635	1661639	1655146	214	377	322.45197740113	0.282366720971623	0.245519841041147	1.01158797427521	1.04679421147894	0.205086347953969	0.0962116729811227	-0.0555933104619477	5.91669431873178	TRUE
set8IT013	L-Phenylalanine (N)	1/21/2016 pseudo6_N2E2_ML5_set8	205	2931584	31267	1696419	1690966	221	377	329.4303526203	0.268045658986734	0.223178732956742	1.03493379010939	1.04679421147894	0.264906030270668	0.110398836876219	-0.0346128994521167	1.4183073980163	TRUE
set8IT014	L-tyrosine (N)	1/21/2016 pseudo6_N2E2_ML5_set8	206	283415	4846	163040	162158	18	377	31.5912721605299	0.0342392259068569	1.39681749178904	1.8073549220576	1.04679421147894	-0.0299716333130172	-0.0207844653114036	0.0235047389368273	3.96447737058501	FALSE
set8IT015	D-Serine (N)	1/21/2016 pseudo6_N2E2_ML5_set8	207	2730546	9644	355635	347564	23	377	67.7116695889343	0.186406037562815	0.799362602431741	1.30485458152842	1.04679421147894	0.160315090334364	0.0449182926148879	-0.0129321293651591	8.56758308460029	FALSE
set8IT016	D-Alanine (N)	1/21/2016 pseudo6_N2E2_ML5_set8	208	3190851	36125	1842163	1836946	241	377	357.86986167933	0.200360778701031	0.210459110765722	1.02531108852919	1.04679421147894	0.160407343663687	0.0327942951817346	-0.0406090277815473	1.39290594925091	TRUE
set8IT017	Gly-Glu (N)	1/21/2016 pseudo6_N2E2_ML5_set8	209	2606797	13837	1143918	1141890	77	377	222.460549386324	0.201732598269945	0.287771163151524	1.0497530351971	1.04679421147894	0.14590168998718	0.0297487274270299	-0.0233084167589923	9.29212711486877	TRUE
set8IT018	L-Citrulline (N)	1/21/2016 pseudo6_N2E2_ML5_set8	210	2710729	31236	1565760	1560410	205	377	303.995714007403	0.230739190275881	0.217444643587798	1.02856915219677	1.04679421147894	0.161469508937467	0.0345673758303079	-0.0326561642318381	1.96168444398604	TRUE
set8IT019	casaminos (N)	1/21/2016 pseudo6_N2E2_ML5_set8	211	2960637	20531	1720794	1715042	230	377	334.120787064095	0.0875171045471601	0.22070519538701	1.04064198449734	1.04679421147894	0.0623909013736527	0.0325070054668121	0.00191563109748621	3.05728916676053	FALSE
set8IT020	Putrescine (N)	1/21/2016 pseudo6_N2E2_ML5_set8	212	3016825	34178	1716155	1710678	222	377	333.270601987142	0.261677873573623	0.216597361932468	1.04730571477836	1.04679421147894	0.252718721088387	0.0620681765368501	-0.0378933475057715	3.94213204728659	TRUE
set8IT021	Parabanic Acid (N)	1/21/2016 pseudo6_N2E2_ML5_set8	213	2553354	30896	1473919	1468527	194	377	286.095265926359	0.211641099736956	0.243933819777492	1.04182017569463	1.04679421147894	0.17506072397031	0.0680054146643198	-0.00166798217515646	2.41400015299784	TRUE
set8IT022	Uridine (N)	1/21/2016 pseudo6_N2E2_ML5_set8	214	2825936	36580	1628477	1623055	210	377	316.200077927138	0.203539408244644	0.237431063312234	1.06242250053381	1.04679421147894	0.139705150692951	0.00787770196848886	-0.0292680293363176	1.55603805697321	TRUE
set8IT023	Cytidine (N)	1/21/2016 pseudo6_N2E2_ML5_set8	215	2386888	30757	1381371	1375015	175	377	267.877459575297	0.306781383931173	0.249572870340776	1.05246741989414	1.04679421147894	0.26069915473915	0.0825503857565298	-0.0620122396819987	3.13300145255559	TRUE
set8IT024	Cytosine (N)	1/21/2016 pseudo6_N2E2_ML5_set8	216	2349814	23105	1356663	1351222	176	377	263.242158581726	0.257111661269628	0.228642050614769	1.03221462486517	1.04679421147894	0.189718745989443	0.0585299457782607	-0.0184274774751216	2.58251747453027	TRUE
set8IT025	Glucuronamide (N)	1/21/2016 pseudo6_N2E2_ML5_set8	217	2590989	30484	1498708	1493430	191	377	290.946814728229	0.154969294023198	0.330284657819224	1.08142759934385	1.04679421147894	0.123230118666376	0.0283060483103293	-0.0205645958116731	4.06000236858353	TRUE
set8IT026	Ammonium chloride (N)	1/21/2016 pseudo6_N2E2_ML5_set8	218	2598657	29803	1498253	1493024	197	377	290.867718683031	0.179052595708619	0.21526240831259	1.03992618441276	1.04679421147894	0.206392009697384	0.0323988879494543	-0.0433129500558387	1.78293166488162	TRUE
set8IT027	nitrate (N)	1/21/2016 pseudo6_N2E2_ML5_set8	219	2701325	31714	1556978	1552052	202	377	302.367426456263	0.193459417538075	0.214627637564337	1.05354946827673	1.04679421147894	0.183731731261549	0.000649555241825522	-0.0356833653441384	1.22672093022402	TRUE
set8IT028	Urea (N)	1/21/2016 pseudo6_N2E2_ML5_set8	220	2807024	33709	1608156	1602599	206	377	312.214884083382	0.247689122335981	0.233539727458623	1.05396848333993	1.04679421147894	0.200085700064396	-0.000410474187821053	-0.0206639318822851	3.95216880398606	TRUE
set8IT029	Trisodium citrate (C)	1/21/2016 pseudo6_N2E2_ML5_set8	221	2703637	74214	2078838	2076530	7	377	404.54510033119	0.125668652314686	0.439229659562132	1	1.04679421147894	0.0871371666538357	-0.0143731882847036	-0.0777551375495033	12.791850082356	FALSE
set8IT030	4-Hydroxybenzoic Acid (C)	1/21/2016 pseudo6_N2E2_ML5_set8	222	2734621	15914	1553179	1545364	7	377	301.064484706799	0.0704090729868526	1.0435877549878	1.8073549220576	1.04679421147894	0.0190469454208314	0.0292484892251013	-0.0196430717033252	10.7965542934153	FALSE
set8IT031	L-Asparagine (C)	1/21/2016 pseudo6_N2E2_ML5_set8	223	3023165	39788	1742114	1736012	220	377	338.206117280343	0.201230242331177	0.214091225781287	1.05585323473352	1.04679421147894	0.201644674730647	0.06680719568658	-0.0320552781214199	1.70469611858771	TRUE
set8IT032	L-Leucine (C)	1/21/2016 pseudo6_N2E2_ML5_set8	224	2448100	27785	1418034	1413359	182	377	275.347555036041	0.263896162037776	0.225149789464811	1.02106161552783	1.04679421147894	0.286430760110744	0.0191457027818176	-0.00934001092863422	2.76532119774954	TRUE
set8IT033	Trisodium citrate (C)	1/21/2016 pseudo6_N2E2_ML5_set8	225	2195741	22027	1275986	1271195	165	377	247.651470874732	0.220296620329535	0.237934564557404	1.07179068306801	1.04679421147894	0.121241548184016	0.0639831623570403	-0.0209586732282841	3.775982322714	TRUE
set8IT034	4-Hydroxybenzoic Acid (C)	1/21/2016 pseudo6_N2E2_ML5_set8	226	2395726	13383	1393361	1388588	180	377	270.521722189753	0.15828844697243	0.258747093495061	1.03813512888677	1.04679421147894	0.198977954219066	0.0771912010990342	-0.0229578329590143	2.34539740806895	TRUE
set8IT035	D-Trehalose (C)	1/21/2016 pseudo6_N2E2_ML5_set8	227	2277221	22849	1318510	1313778	175	377	255.947399181765	0.136399692540304	0.278669911926283	1.0679040645018	1.04679421147894	0.129366477458226	-0.0174238910660845	-0.00492803637300321	1.91744595172606	TRUE
set8IT036	L-Leucine (C)	1/21/2016 pseudo6_N2E2_ML5_set8	228	2010233	14371	1169392	1165457	152	377	227.051821546854	0.193208392162585	0.30210882831398	1.05794734920928	1.04679421147894	0.166727207175195	0.0733741249226159	-0.000128663357999531	2.4594296218671	TRUE
set8IT037	Time0	1/21/2016 pseudo6_N2E2_ML5_set8	229	3024310	44746	1738414	1734423	202	177	337.896551724138	0.00266124258725333	0.221597655868979	1.03747470541866	1.04532399050949	0.013429581127842	-0.0271215496153198	-0.0191154217217965	2.02605177939757	FALSE
set8IT038	Time0	1/21/2016 pseudo6_N2E2_ML5_set8	230	2653368	39247	1525542	1521860	177	202	296.485486070524	0.00266124258725333	0.221597655868979	1.04532399050949	1.03747470541866	0.013429581127842	-0.0271215496153198	0.0191154217217965	2.08472604654887	FALSE
set8IT039	Trisodium citrate (C)	1/21/2016 pseudo6_N2E2_ML5_set8	231	2457005	46701	1778478	1776999	8	377	346.191116306254	0.0827136300756795	0.468229897178732	1	1.04679421147894	0.0788444738050422	0.00221789693405669	-0.0734859824125105	12.5007123898016	FALSE
set8IT040	4-Hydroxybenzoic Acid (C)	1/21/2016 pseudo6_N2E2_ML5_set8	232	2762651	20753	1572874	1565305	8	377	304.949347360218	0.0795077539292004	1.05732080253338	2	1.04679421147894	0.0349961432812236	-0.014536209498913	-0.0381389835901776	11.3038312804558	FALSE
set8IT041	L-Asparagine (C)	1/21/2016 pseudo6_N2E2_ML5_set8	233	2603899	39256	1494334	1488217	183	377	289.931229300604	0.216909820880784	0.210823140677994	1.03881924889053	1.04679421147894	0.178941279699851	0.0845018522938054	-0.0478005032079299	1.97434021975469	TRUE
set8IT042	L-Leucine (C)	1/21/2016 pseudo6_N2E2_ML5_set8	234	2315328	25594	1340430	1336058	174	377	260.287940775375	0.262526975434405	0.229722446889815	1.0320612092323	1.04679421147894	0.216351826251321	0.0657435717162405	0.00472087002363327	2.74662268501523	TRUE
set8IT043	Trisodium citrate (C)	1/21/2016 pseudo6_N2E2_ML5_set8	235	2444214	23485	1416456	1411385	187	377	274.96298460939	0.205309694184531	0.22242490547898	1.04439411935845	1.04679421147894	0.14747779504632	0.0691413893760766	-0.0147225689732004	2.66988182440314	TRUE
set8IT044	4-Hydroxybenzoic Acid (C)	1/21/2016 pseudo6_N2E2_ML5_set8	236	2822844	22645	1641082	1635218	215	377	318.5696473797	0.185912274632584	0.240445805160239	1.04102726826005	1.04679421147894	0.211044556003831	0.0472871478323962	-0.0576683853235837	2.4364411391108	TRUE
set8IT045	D-Trehalose (C)	1/21/2016 pseudo6_N2E2_ML5_set8	237	2125331	22745	1235488	1231082	161	377	239.836742645626	0.161462378977027	0.299954839673022	1.07346216194102	1.04679421147894	0.13388131684221	0.057190718032228	-0.0127024173725505	3.29388071294444	TRUE
set8IT046	L-Leucine (C)	1/21/2016 pseudo6_N2E2_ML5_set8	238	2311137	20906	1341175	1336545	173	377	260.382817066043	0.212492707228694	0.281033413204494	1.06288770595539	1.04679421147894	0.137051129981473	0.033268220572795	-0.0015153117965929	2.58265526870699	TRUE
