name	short	t0set	num	nMapped	nPastEnd	nGenic	nUsed	gMed	gMedt0	gMean	cor12	mad12	mad12c	mad12c_t0	opcor	adjcor	gccor	maxFit	u
set3IT002	Chloramphenicol 0.0006640625 mg/ml	6/20/2015 SynE_ML6_set3	2	845923	1513	562571	553956	169	123	291.709320695103	0.542980420448111	0.287807500356257	0.795180208111502	0.649092838140872	0.302414645358682	0.0873809370091977	0.00241277059448712	3.20444032121836	TRUE
set3IT003	Chloramphenicol 0.00033203125 mg/ml	6/20/2015 SynE_ML6_set3	3	858783	1695	563603	554961	193	123	292.238546603476	0.541631186995487	0.25367399691819	0.696607856550066	0.649092838140872	0.301356282370572	0.0851053556211501	-0.0331069195056279	1.64139790433864	TRUE
set3IT004	BG11	6/20/2015 SynE_ML6_set3	4	837870	1637	548534	539605	185	123	284.152185360716	0.489851513882231	0.246577918967122	0.680063202931729	0.649092838140872	0.279855870289638	0.135279667626474	-0.0701713893510361	1.90033489984476	TRUE
set3IT006	Tetracycline 0.00125 mg/ml	6/20/2015 SynE_ML6_set3	6	964343	1860	630529	622431	216	123	327.767772511848	0.526174000588685	0.297289162168929	0.72041069385253	0.649092838140872	0.297686806373167	0.0369764084232188	-0.0463329013299781	1.77750085874627	TRUE
set3IT007	Spectinomycin 0.0009765625 mg/ml	6/20/2015 SynE_ML6_set3	7	868839	1868	592946	582797	148	123	306.896787783044	0.57564292720689	0.316311431867102	0.773892163164565	0.649092838140872	0.253241999141638	0.128373774255875	-0.0291690094749417	7.88587226470629	TRUE
set3IT008	Carbenicillin 0.0048828125 mg/ml	6/20/2015 SynE_ML6_set3	8	931334	59	849972	843726	5	123	444.300157977883	0.186462322105701	0.501884655130466	0.84799690655495	0.649092838140872	0.167065540283186	0.0294876787607365	0.0553664936947761	12.588245430829	FALSE
set3IT009	Nalidixic 0.015625 mg/ml	6/20/2015 SynE_ML6_set3	9	3094410	7234	2260185	2250662	4	123	1185.18272775145	0.176441519970271	0.65889963217134	1	0.649092838140872	0.0978315519094321	0.0445557236654156	0.0677199244404836	5.27281050595761	FALSE
set3IT010	Nalidixic 0.0078125 mg/ml	6/20/2015 SynE_ML6_set3	10	2432922	4188	1605216	1586085	499	123	835.221169036335	0.512648238308474	0.374084542965556	0.851592278304357	0.649092838140872	0.25326582126041	0.00495544134799019	-0.0633491418122346	2.30843327916163	TRUE
set3IT011	Nalidixic 0.00390625 mg/ml	6/20/2015 SynE_ML6_set3	11	2381849	4407	1555219	1533359	524	123	807.456029489205	0.563916734173336	0.252633174843054	0.712197689017263	0.649092838140872	0.306869878845126	0.0890267312575354	-0.0588030731129161	1.69871565457809	TRUE
set3IT012	Gentamicin 0.0009765625 mg/ml	6/20/2015 SynE_ML6_set3	12	2461119	1384	2104097	1586321	34	123	835.345444971037	0.193105372146391	0.518783405932487	0.947532580105864	0.649092838140872	0.109275946140966	0.0468462838180457	0.0238971387641478	11.126780530142	FALSE
set3IT013	Gentamicin 0.00048828125 mg/ml	6/20/2015 SynE_ML6_set3	13	2733231	5395	1776324	1748203	572	123	920.591363875724	0.627478968010903	0.27664403690614	0.712423409903415	0.649092838140872	0.314677433943794	0.0590430311691848	-0.0427353350500139	3.03944898802985	TRUE
set3IT014	sodium fluoride 25 mM	6/20/2015 SynE_ML6_set3	14	2220486	4103	1470601	1452122	480	123	764.67719852554	0.517958262554629	0.323045279353901	0.766409372058688	0.649092838140872	0.268692074471917	0.0326645714291618	-0.03934028178095	2.63791713164983	TRUE
set3IT015	sodium fluoride 12.5 mM	6/20/2015 SynE_ML6_set3	15	2321039	4809	1524762	1505842	508	123	792.965771458662	0.545603928016365	0.277536017323155	0.736240439568938	0.649092838140872	0.338896951383809	0.0442456519398221	-0.0448626611452292	2.17279230267544	TRUE
set3IT016	BG11	6/20/2015 SynE_ML6_set3	16	2688648	4804	1760721	1738660	608	123	915.566087414429	0.520579057308782	0.263101921240864	0.709326587987935	0.649092838140872	0.32556420613583	0.0730471964355058	-0.0560751121871986	2.81538580669501	TRUE
set3IT017	Thallium(I) acetate 0.0078125 mg/ml	6/20/2015 SynE_ML6_set3	17	3393649	1110	2860870	2827665	132	123	1489.02843601896	0.354054841505675	0.387562152444412	0.84799690655495	0.649092838140872	0.235537743659354	0.0715502553691027	-0.0203611520085199	12.0632665381693	TRUE
set3IT018	Thallium(I) acetate 0.00390625 mg/ml	6/20/2015 SynE_ML6_set3	18	3053746	2293	2372368	2354102	253	123	1239.65350184308	0.455884082967806	0.298517521197696	0.792058734961093	0.649092838140872	0.226478064703927	0.056169329782376	-0.0322488712254556	10.6512504040735	TRUE
set3IT019	Thallium(I) acetate 0.001953125 mg/ml	6/20/2015 SynE_ML6_set3	19	2725059	4047	1894944	1871805	455	123	985.679304897314	0.477788533847721	0.280020191478781	0.724992952500131	0.649092838140872	0.22755726788835	0.0669081973221635	-0.0325789344052185	8.20428161751437	TRUE
set3IT020	Thallium(I) acetate 0.0009765625 mg/ml	6/20/2015 SynE_ML6_set3	20	2602169	5183	1719869	1696808	568	123	893.527119536598	0.533547178368306	0.25872144457979	0.695742931439693	0.649092838140872	0.307361163361981	0.0554567931004203	-0.0624078999029611	4.01900495785056	TRUE
set3IT021	Cisplatin 0.0125 mg/ml	6/20/2015 SynE_ML6_set3	21	2003937	1785	1376476	1363856	237	123	718.196945760927	0.218818804396628	0.942391048066625	2.11377126232196	0.649092838140872	0.0190215816132255	0.0169610035580049	0.0194617505378733	6.19748213826272	FALSE
set3IT022	Cisplatin 0.00625 mg/ml	6/20/2015 SynE_ML6_set3	22	2733335	5038	1814157	1794457	590	123	944.948393891522	0.476851734671551	0.46594848403048	0.906238136846714	0.649092838140872	0.253274307331704	0.0182112223684236	-0.0239081430983286	3.5817403818807	TRUE
set3IT023	Zinc 0.0390625 mM	6/20/2015 SynE_ML6_set3	23	2346039	473	1608536	1597222	1	123	841.085834649816	0.149330023613597	0.6889370067434	1	0.649092838140872	0.0267406698310501	0.0912037228257128	0.0409706463719587	7.03805489868683	FALSE
set3IT024	Zinc 0.01953125 mM	6/20/2015 SynE_ML6_set3	24	2464227	5042	1600674	1582455	547	123	833.309636650869	0.562063821569347	0.344074972636051	0.75771267243263	0.649092838140872	0.31976684046289	-0.0161340976520952	-0.0509789089909266	2.45784987023452	TRUE
set3IT025	nitrite 20 mM	6/20/2015 SynE_ML6_set3	25	2487688	4296	1648355	1624859	411	123	855.639283833597	0.503342148032165	0.548828888182963	0.962921896201296	0.649092838140872	0.184514897034748	0.0577850444710184	-0.044287617292787	4.7932167395908	FALSE
set3IT026	nitrite 10 mM	6/20/2015 SynE_ML6_set3	26	2627950	5169	1703671	1673224	585	123	881.107951553449	0.568607124853613	0.252715587476439	0.685364397678995	0.649092838140872	0.312300910604572	0.013975299203594	-0.0472070194278903	2.5122496401249	TRUE
set3IT027	nitrite 5 mM	6/20/2015 SynE_ML6_set3	27	2337517	4492	1524606	1497352	515	123	788.494997367035	0.509561678900506	0.255613642941968	0.684922746094113	0.649092838140872	0.280052394456453	0.0825534851964545	-0.0353198229311463	2.25910398300673	TRUE
set3IT028	nitrate 100 mM	6/20/2015 SynE_ML6_set3	28	2527799	4817	1680955	1656688	487	123	872.400210637177	0.386641069296997	0.550082457398955	1.02308361311304	0.649092838140872	0.213723900705376	-0.0587170657727924	-0.0013907276621988	4.71629844441293	FALSE
set3IT029	nitrate 50 mM	6/20/2015 SynE_ML6_set3	29	2519355	4677	1656435	1628508	531	123	857.560821484992	0.539337461570089	0.337963797109784	0.723219586797384	0.649092838140872	0.333844663696708	-0.0186798208606478	-0.0205645174229501	3.53252315542735	TRUE
set3IT030	nitrate 25 mM	6/20/2015 SynE_ML6_set3	30	2403295	4431	1582920	1557824	514	123	820.339125855714	0.550009858288562	0.305947175067096	0.736965594166207	0.649092838140872	0.335905796594858	0.0117629545310665	-0.0362050919989162	3.09185244513007	TRUE
set3IT031	BG11	6/20/2015 SynE_ML6_set3	31	2175272	3996	1429783	1411131	480	123	743.091627172196	0.530851169004381	0.266768193130103	0.705938698545582	0.649092838140872	0.30444080129439	0.0723238013745535	-0.049334077662803	1.81515159139881	TRUE
set3IT032	Sisomicin 0.00009765625 mg/ml	6/20/2015 SynE_ML6_set3	32	2544732	4885	1678725	1654161	422	123	871.069510268562	0.448390442396811	0.594022432239206	1.08665438225418	0.649092838140872	0.249344977823565	0.0959303252538281	-0.0178712624315745	5.41411079118322	FALSE
set3IT033	Chlorate 20 mM	6/20/2015 SynE_ML6_set3	33	2359855	3843	1532401	1501479	498	123	790.668246445498	0.50322293131808	0.280127428585095	0.700549483047059	0.649092838140872	0.253158148379302	0.0720496514481024	-0.0642232593836691	2.9959512585493	TRUE
set3IT034	Chlorate 10 mM	6/20/2015 SynE_ML6_set3	34	2528789	5012	1656868	1632820	574	123	859.83149025803	0.514596294105565	0.254502648856419	0.677238218270087	0.649092838140872	0.295632832103945	0.105100697297209	-0.0582155493165802	2.40009649055206	TRUE
set3IT035	Chlorite 20 mM	6/20/2015 SynE_ML6_set3	35	2746325	5179	1795616	1767370	612	123	930.684570826751	0.51885567616978	0.262510593194823	0.720526483456284	0.649092838140872	0.259861084649924	0.0875479661940362	-0.0605048499600657	1.98970898533952	TRUE
set3IT036	perchlorate 100 mM	6/20/2015 SynE_ML6_set3	36	1918790	3801	1257704	1239361	412	123	652.638757240653	0.540630500398247	0.294881838429886	0.698463693943815	0.649092838140872	0.294294580753619	0.0180853945295771	-0.037751361290104	1.94508049532183	TRUE
set3IT037	Polymyxin B sulfate 0.2 mg/ml	6/20/2015 SynE_ML6_set3	37	2488301	4627	1626663	1605414	544	123	845.399684044234	0.528608394294852	0.28107735539676	0.711967777456477	0.649092838140872	0.308524301921687	0.0838762988184014	-0.049859608046037	3.05745964134469	TRUE
set3IT038	Chloride 250 mM	6/20/2015 SynE_ML6_set3	38	2632031	7853	1817699	1800156	390	123	947.949447077409	0.213663302387783	0.891468326770335	1.67646085520665	0.649092838140872	0.118990455417278	0.0140347461110751	0.0416383608850033	7.89271917378501	FALSE
set3IT039	Chloride 125 mM	6/20/2015 SynE_ML6_set3	39	2720031	5755	1786578	1758973	534	123	926.262769878884	0.366022241354701	0.599975565243954	1.0850361038558	0.649092838140872	0.279662004523413	0.0501322745989404	-0.0125003903749084	5.21954646169696	FALSE
set3IT040	Chloride 62.5 mM	6/20/2015 SynE_ML6_set3	40	2621305	4722	1721541	1692686	561	123	891.356503422854	0.528868365822852	0.351502903963389	0.771058792834614	0.649092838140872	0.313675376513286	0.0607567261591769	-0.0433222821196598	4.55362375804192	TRUE
set3IT041	Chloride 31.25 mM	6/20/2015 SynE_ML6_set3	41	2603087	5374	1718551	1694971	568	123	892.559768299105	0.51227268013183	0.314285901148006	0.722601368065252	0.649092838140872	0.289890557824104	0.0449778829379011	-0.0570747941917127	4.33704049930743	TRUE
set4IT050	BG11	6/20/2015 SynE_ML6_set4	43	1779533	3373	1162802	1146511	391	341	603.744602422327	0.553267312004903	0.256797238046532	0.742379090352571	0.630170359900994	0.287961876227007	0.048340260694303	-0.0591312646011887	1.68333419075835	TRUE
set4IT051	Benzethonium chloride 0.00078125 mM	6/20/2015 SynE_ML6_set4	44	1682207	3353	1100996	1085377	376	341	571.55186940495	0.61714052865954	0.243016600094302	0.698619282516723	0.630170359900994	0.300582702940577	-0.0598734665998664	-0.0246469326424482	2.0095506240903	TRUE
set4IT053	Aluminum chloride 0.3125 mM	6/20/2015 SynE_ML6_set4	46	1467691	2872	965377	950412	333	341	500.480252764613	0.537812712939141	0.215626029486888	0.679740725473257	0.630170359900994	0.312408802007569	0.0182972849048979	-0.041227502630122	1.38021615425597	TRUE
set4IT054	Aluminum chloride 0.15625 mM	6/20/2015 SynE_ML6_set4	47	1559594	2982	1024442	1009091	352	341	531.380200105319	0.484217898939757	0.215022926156635	0.673666725992637	0.630170359900994	0.253533380537534	0.00198512728008509	-0.0443336418602877	1.51293143332515	TRUE
set4IT055	Aluminum chloride 0.078125 mM	6/20/2015 SynE_ML6_set4	48	1613501	3197	1062522	1047943	373	341	551.839389152185	0.529966795934205	0.201867100721302	0.677593478631421	0.630170359900994	0.267297605896363	0.0479298087628855	-0.0516036759758107	1.49121751509849	TRUE
set4IT056	benzoic 0.29 mg/ml	6/20/2015 SynE_ML6_set4	49	1656707	3330	1084682	1065782	374	341	561.233280674039	0.533535967999351	0.209885917181621	0.693748946539015	0.630170359900994	0.303979684080872	0.0591211506360045	-0.0586953761945469	1.57284364191424	TRUE
set4IT057	Phosphomycin 0.00625 mg/ml	6/20/2015 SynE_ML6_set4	50	1492519	2852	979684	966105	342	341	508.744075829384	0.510747741127962	0.209402825513579	0.678071905112638	0.630170359900994	0.24119597584983	0.0184339236315975	-0.047289588280284	1.49132961889834	TRUE
set4IT058	Phosphomycin 0.003125 mg/ml	6/20/2015 SynE_ML6_set4	51	1566657	3068	1028713	1014163	357	341	534.051079515535	0.503906153765678	0.199594254120219	0.678071905112638	0.630170359900994	0.306159257564679	-0.0115298853787211	-0.0408351430616964	1.78346340924231	TRUE
set4IT059	Phosphomycin 0.0015625 mg/ml	6/20/2015 SynE_ML6_set4	52	1611404	3113	1061264	1046463	367	341	551.060031595577	0.497011941271166	0.193547468455564	0.677750985293521	0.630170359900994	0.284792632990772	0.0561660615694572	-0.0404622604382364	1.50268902799794	TRUE
set4IT060	Bacitracin 0.0009765625 mg/ml	6/20/2015 SynE_ML6_set4	53	1727685	2975	1176434	1162605	309	341	612.219589257504	0.628888601598847	0.309621349973982	0.793410741155951	0.630170359900994	0.299821378491181	0.16635602140271	-0.0336432116525051	7.45748149674966	TRUE
set4IT061	Bacitracin 0.0009765625 mg/ml	6/20/2015 SynE_ML6_set4	54	1842556	3599	1215606	1197145	413	341	630.408109531332	0.598093986331484	0.235803941011512	0.68684211474037	0.630170359900994	0.311869522941984	0.0939940812021775	-0.0392873081173156	2.96779654526771	TRUE
set4IT062	BG11	6/20/2015 SynE_ML6_set4	55	1928698	3837	1262600	1239363	442	341	652.63981042654	0.539857534425806	0.195325762830548	0.690671941892271	0.630170359900994	0.34419184715703	0.03533980376293	-0.0456284208678522	1.57703444724195	TRUE
set4IT063	Fusidic 0.5 mg/ml	6/20/2015 SynE_ML6_set4	56	1703394	3082	1113172	1097518	380	341	577.94523433386	0.549357480580556	0.238727620788423	0.692332598237808	0.630170359900994	0.300059377611828	-0.0325704011528017	-0.0545317974103984	1.73401985600855	TRUE
set4IT064	Fusidic 0.25 mg/ml	6/20/2015 SynE_ML6_set4	57	1501495	2638	981806	968364	339	341	509.9336492891	0.533954628335598	0.224479367108654	0.689749207584583	0.630170359900994	0.318366352760726	0.0212192023406127	-0.0359359205870492	1.43759288086613	TRUE
set4IT065	Fusidic 0.015625 mg/ml	6/20/2015 SynE_ML6_set4	58	1477542	2911	969961	954709	336	341	502.743022643497	0.485259351301681	0.207087451617498	0.682103659131688	0.630170359900994	0.277890234554573	0.042761163400794	-0.0257879882138976	1.55884182574324	TRUE
set4IT066	Dimethyl Sulfoxide 5 vol%	6/20/2015 SynE_ML6_set4	59	1584715	3110	1040213	1025090	361	341	539.805160610848	0.565421130208544	0.216538501447029	0.70030453940678	0.630170359900994	0.264673031259054	0.045493150188171	-0.0343689751227069	1.8778372510745	TRUE
set4IT067	Dimethyl Sulfoxide 2.5 vol%	6/20/2015 SynE_ML6_set4	60	1597393	3229	1049650	1034329	363	341	544.670352817272	0.549184994062312	0.204409441660801	0.690528256367092	0.630170359900994	0.254255128700679	0.0371249536718053	-0.0325159723323778	2.02206021751713	TRUE
set4IT068	Vancomycin 0.015625 mg/ml	6/20/2015 SynE_ML6_set4	61	2005571	3	1748955	1748908	1	341	920.962611901001	0.308134872809906	0.462155538726739	0.584962500721156	0.630170359900994	0.183580504590447	0.0663806888250323	0.0518342217217404	12.5525283730679	FALSE
set4IT069	Vancomycin 0.0078125 mg/ml	6/20/2015 SynE_ML6_set4	62	2211567	164	2082980	2082233	19	341	1096.48920484465	0.28086851241	0.38979142895815	0.777607578663552	0.630170359900994	0.171279955696786	0.0364716156174584	0.0270826726862866	12.3134434902884	FALSE
set4IT070	Vancomycin 0.00390625 mg/ml	6/20/2015 SynE_ML6_set4	63	2485794	459	2221353	2203416	3	341	1160.30331753554	0.314571965311804	0.460864583432061	1	0.630170359900994	0.209946745978272	0.0545664080482909	0.0594957449457812	13.3931386587623	FALSE
set4IT071	Vancomycin 0.001953125 mg/ml	6/20/2015 SynE_ML6_set4	64	2130292	4943	1778730	1769697	40	341	931.909952606635	0.270805949378716	0.58207613029299	1.41601725825768	0.630170359900994	0.132273084103835	-0.0356792778016721	0.0768441790245786	11.6331583559543	FALSE
set4IT072	Cephalothin 0.0078125 mg/ml	6/20/2015 SynE_ML6_set4	65	2139767	663	1792260	1781981	28	341	938.378620326488	0.309894684403019	0.657153943663908	1.84799690655495	0.630170359900994	0.203951976691365	-0.0088524320610726	0.0776441160870673	12.9031879067974	FALSE
set4IT073	Cephalothin 0.00390625 mg/ml	6/20/2015 SynE_ML6_set4	66	1403240	2821	934663	923246	283	341	486.174828857293	0.552863483449735	0.398838086191944	0.875671864997798	0.630170359900994	0.341071796041282	-0.045240270991615	-0.0310743595658089	4.67023073072222	TRUE
set4IT074	A22 0.000341796875 mg/ml	6/20/2015 SynE_ML6_set4	67	1261932	2135	827181	814555	236	341	428.938915218536	0.603483941243821	0.480538329175114	0.909802191028422	0.630170359900994	0.308189028169549	0.0133542227650142	-0.0345207632066744	4.98249288009352	TRUE
set4IT075	Lomefloxacin 0.00125 mM	6/20/2015 SynE_ML6_set4	68	1484890	2021	995811	985474	247	341	518.943654555029	0.32512639572014	0.786180307318989	1.51150033878013	0.630170359900994	0.196603302581816	0.0596534356979483	0.0307745454520247	5.31827909013517	FALSE
set4IT076	Lomefloxacin 0.000625 mM	6/20/2015 SynE_ML6_set4	69	1651023	2850	1087409	1074996	329	341	566.085308056872	0.400142424903616	0.584598902381927	1.06043585386197	0.630170359900994	0.173210404599115	0.0153786884008573	0.0160637308850665	2.69085918654606	FALSE
set4IT077	BG11	6/20/2015 SynE_ML6_set4	70	1582806	3020	1038607	1026013	358	341	540.291205897841	0.544314116874521	0.256712413300577	0.718464093913596	0.630170359900994	0.361516205964793	0.0190713217564579	-0.0570122787001325	1.57716344907104	TRUE
set4IT078	D-Cycloserine 0.0625 mg/ml	6/20/2015 SynE_ML6_set4	71	1551669	3398	1011386	994815	328	341	523.862559241706	0.578893094832409	0.343146623877328	0.81982623386379	0.630170359900994	0.282880461556273	0.0387396754662557	-0.0580749603237024	1.81374281216761	TRUE
set4IT079	D-Cycloserine 0.03125 mg/ml	6/20/2015 SynE_ML6_set4	72	1770873	3225	1161824	1144882	399	341	602.886782517114	0.552444221708129	0.255616367135529	0.723616040507187	0.630170359900994	0.295387502724849	-0.0309443176887404	-0.0439615595995413	1.60095430342602	TRUE
set4IT080	D-Cycloserine 0.015625 mg/ml	6/20/2015 SynE_ML6_set4	73	1494965	2868	978305	963195	334	341	507.211690363349	0.576795652540174	0.213378908435185	0.69845663186199	0.630170359900994	0.365751657463576	0.0407391081764071	-0.050289341166657	1.32357302164184	TRUE
set4IT081	Neomycin 0.0625 mg/ml	6/20/2015 SynE_ML6_set4	74	1298441	2144	823787	736424	1	341	387.795681937862	0.380630624140645	0.497123170223743	1	0.630170359900994	0.209913508372503	0.0702181353132547	0.026231010371658	11.7701300570125	FALSE
set4IT082	Neomycin 0.03125 mg/ml	6/20/2015 SynE_ML6_set4	75	1522911	1977	919464	871689	10	341	459.025276461295	0.454615870498995	0.57245399158538	1.32192809488736	0.630170359900994	0.191869455842211	0.12739643588683	0.0190953249054876	7.42145976444501	FALSE
set4IT083	Neomycin 0.015625 mg/ml	6/20/2015 SynE_ML6_set4	76	1712217	2928	1100842	1081986	285	341	569.766192733017	0.731304312798975	0.412530979730741	0.834491051995119	0.630170359900994	0.483430919143523	0.17658410069846	0.253625966904342	4.13005588753957	FALSE
set4IT084	Doxycycline hyclate 0.0015625 mg/ml	6/20/2015 SynE_ML6_set4	77	1664795	3154	1088520	1073898	380	341	565.507109004739	0.557903619469456	0.248976065776861	0.723064777349944	0.630170359900994	0.319859070198564	0.0690432462341619	-0.0523086182768873	1.3091021387972	TRUE
set4IT085	Doxycycline hyclate 0.00078125 mg/ml	6/20/2015 SynE_ML6_set4	78	1719559	3187	1130186	1116180	389	341	587.772511848341	0.530427199859678	0.244468004573331	0.706071586220422	0.630170359900994	0.310787544722184	0.0467338780221781	-0.0646318235479874	1.36004114638404	TRUE
set4IT086	Ceftazidime 0.125 mg/ml	6/20/2015 SynE_ML6_set4	79	1654534	3871	1165778	1149085	236	341	605.100052659294	0.474560120654895	0.37644519613704	0.878823163131944	0.630170359900994	0.242405854819317	0.0962750202362784	0.0162917603327117	8.57891243860859	TRUE
set4IT087	Ceftazidime 0.0625 mg/ml	6/20/2015 SynE_ML6_set4	80	1729067	3384	1135031	1119934	387	341	589.74934175882	0.51811387078291	0.244940104456834	0.732066794753367	0.630170359900994	0.325190908043399	0.0848197919928613	-0.0454554974552081	1.9702007485599	TRUE
set4IT088	Ceftazidime 0.03125 mg/ml	6/20/2015 SynE_ML6_set4	81	1391400	3006	908378	895185	307	341	471.398104265403	0.575598371290448	0.231815917370844	0.702706789692938	0.630170359900994	0.312977959281342	0.0118915390308998	-0.0558474353688916	1.43389380949446	TRUE
set4IT089	BG11	6/20/2015 SynE_ML6_set4	82	1327517	2542	870886	859740	304	341	452.733017377567	0.551505778402201	0.216568815633503	0.67137725253863	0.630170359900994	0.303091746046091	0.0345439204139795	-0.0414693492687898	1.4010556360565	TRUE
set4IT090	Rifampicin 0.000390625 mg/ml	6/20/2015 SynE_ML6_set4	83	1472860	3104	976152	962761	310	341	506.983149025803	0.583634968407398	0.323444296511212	0.757925212801853	0.630170359900994	0.26793228423494	0.0699662363197995	-0.0451336229374515	3.91424435504681	TRUE
set4IT091	Rifampicin 0.0001953125 mg/ml	6/20/2015 SynE_ML6_set4	84	1652308	2946	1078491	1063528	361	341	560.046340179042	0.60871762162266	0.278396584197746	0.707607414567409	0.630170359900994	0.309722231441897	0.0699461745985373	-0.063998999551515	1.96754756016747	TRUE
set4IT092	Rifampicin 0.000625 mg/ml	6/20/2015 SynE_ML6_set4	85	1642923	2996	1086026	1071483	348	341	564.235387045814	0.59791984270351	0.329754455716423	0.756573878791356	0.630170359900994	0.270345732597117	0.0627898439306265	-0.0462001307095823	3.49826846270479	TRUE
set4IT093	Rifampicin 0.0003125 mg/ml	6/20/2015 SynE_ML6_set4	86	1443721	2839	945309	931871	319	341	490.716692996314	0.626357554696195	0.267431898558653	0.681091149411431	0.630170359900994	0.317369448166584	0.019101756656797	-0.0484379331666011	1.52370916025411	TRUE
set7IT001	Time0	10/2/2015 SynE_ML6_set7	178	1345343	2566	883149	866267	291	1633	456.1700895208	0.0184007238324526	0.135396801243906	0.666955872918464	0.638572432229946	-0.0242003958384562	-0.00247963894796916	-0.00603055151877594	0.895093329856357	FALSE
set7IT002	Time0	10/2/2015 SynE_ML6_set7	179	1498063	2788	981855	961866	323	1609	506.511848341232	0.019189992649442	0.133761545132841	0.649379229216926	0.636199953832808	0.0893086113798682	-0.076329257058035	0.0569432238562034	1.59782414294752	FALSE
set7IT003	Time0	10/2/2015 SynE_ML6_set7	180	1596224	2872	1045490	1024481	340	1596	539.484465508162	0.0690279268852035	0.131933031144564	0.648236675571874	0.645971061945612	-0.00800562665477163	0.0353343431885139	0.0541607464800619	0.984044657102303	FALSE
set7IT004	Time0	10/2/2015 SynE_ML6_set7	181	1512351	2776	990112	972129	326	1609	511.916271721959	0.0316854264035384	0.1311425684539	0.65950945408621	0.636492801361238	0.059572581506758	-0.0486888704388787	0.0151357271644293	0.944530777674201	FALSE
set7IT005	Time0	10/2/2015 SynE_ML6_set7	182	1289670	2335	844780	828239	278	1649	436.144813059505	0.0132025263697862	0.137647850887896	0.654004145150807	0.642950958404361	0.0011519568801512	0.0345456532852826	-0.000974930601346616	1.00532196923184	FALSE
set7IT006	Time0	10/2/2015 SynE_ML6_set7	183	1716788	3045	1124540	1103541	365	1566	581.116903633491	0.00286743152448341	0.122896525259754	0.641206611360776	0.643366227113916	0.0388764890820879	0.00228374166227776	0.00760955812833901	0.85225602117496	FALSE
set7IT007	L-Glutamic (N)	10/2/2015 SynE_ML6_set7	184	1202753	2266	790625	779019	271	1929	410.225908372828	0.534114632447654	0.183514096212476	0.710493382805015	0.638673672050118	0.259735279928916	0.010362961810543	-0.0406956384730987	1.70986619138806	TRUE
set7IT010	L-Phenylalanine (N)	10/2/2015 SynE_ML6_set7	187	1606746	3580	1066777	1047484	364	1929	551.597682991048	0.499174880500971	0.309145372163676	0.736965594166206	0.638673672050118	0.227602121026733	0.0722072171764967	0.00215000242948931	3.1560463958721	TRUE
set7IT013	L-Glutamic (N)	10/2/2015 SynE_ML6_set7	190	1559212	2974	1024607	1010749	342	1929	532.253291205898	0.555879237111678	0.182001451327699	0.703606997219776	0.638673672050118	0.290837567886021	0.0126699607063152	-0.0396441232620292	2.73298034269936	TRUE
set7IT014	L-Glutamine (N)	10/2/2015 SynE_ML6_set7	191	1400208	3143	918096	900737	248	1929	474.321748288573	0.427663677335901	0.41886700382207	0.921997487998727	0.638673672050118	0.278169316471991	0.0715799773690996	-0.0266034268747034	4.22203203155705	TRUE
set7IT015	L-Leucine (N)	10/2/2015 SynE_ML6_set7	192	1210680	2357	797240	787034	267	1929	414.446550816219	0.585505732799233	0.213061222546764	0.749456538349403	0.638673672050118	0.295740883561048	0.0245643975843722	-0.0185646723680559	3.03764966106815	TRUE
set7IT016	L-Phenylalanine (N)	10/2/2015 SynE_ML6_set7	193	1499854	3196	1000744	981551	335	1929	516.877830437072	0.510198182103033	0.295376485578076	0.741847815545952	0.638673672050118	0.193808327645594	0.0741507770130835	0.00392442437032917	3.87484544848238	TRUE
set7IT017	nitrate (N)	10/2/2015 SynE_ML6_set7	194	249801	311	156096	153807	35	1929	80.9936808846762	0.357189444115835	0.482398128766993	0.85982234195174	0.638673672050118	0.252689776364424	0.0149968276168526	0.0183552146674427	3.11402950689027	FALSE
set7IT020	L-Glutamine (N)	10/2/2015 SynE_ML6_set7	197	1555080	3082	1015389	995757	329	1929	524.358609794629	0.492674523616648	0.261178646057957	0.74793671198721	0.638673672050118	0.240619038637489	0.0329677970068702	-0.0572192395864579	2.5257936447066	TRUE
set7IT021	L-Leucine (N)	10/2/2015 SynE_ML6_set7	198	1367316	2633	899732	886132	319	1929	466.630858346498	0.564699997590052	0.172017291157819	0.678071905112637	0.638673672050118	0.326523011903641	0.0135879798239087	-0.033147358674304	1.53581987057674	TRUE
set7IT022	L-Phenylalanine (N)	10/2/2015 SynE_ML6_set7	199	1248802	2453	829668	814849	284	1929	429.093733543971	0.547011601628571	0.274248602220795	0.719892080807265	0.638673672050118	0.17984666099635	0.072343346491461	-0.0153710352917281	2.92500476461238	TRUE
set7IT025	L-Glutamic (N)	10/2/2015 SynE_ML6_set7	202	1430116	2479	944856	931231	307	1929	490.379673512375	0.56406130942561	0.183137433301278	0.712986731231766	0.638673672050118	0.292670171914107	-0.0142373339895357	-0.0291722298722392	1.85413594155502	TRUE
set7IT026	L-Glutamine (N)	10/2/2015 SynE_ML6_set7	203	1310772	2540	858552	841578	281	1929	443.169036334913	0.490591225166988	0.26050763237664	0.753360032416875	0.638673672050118	0.202691807085843	0.0374990903387087	-0.044109841870015	2.61722661407751	TRUE
set7IT027	L-Leucine (N)	10/2/2015 SynE_ML6_set7	204	1599388	2925	1057495	1042449	364	1929	548.946287519747	0.593530388342151	0.182243926416862	0.71895980611189	0.638673672050118	0.332562016681351	0.0682646878988241	-0.0250092328684381	1.95254455797188	TRUE
set7IT028	L-Phenylalanine (N)	10/2/2015 SynE_ML6_set7	205	1166996	2235	779542	763249	257	1929	401.921537651395	0.518247499592321	0.300454994452908	0.764621937069071	0.638673672050118	0.228287634709009	0.0475102874714426	0.00497752503228446	4.15461582013543	TRUE
set7IT031	BG11 with Spectinomycin 0.0009765625 mg/ml	10/2/2015 SynE_ML6_set7	208	1019063	54	284378	283961	6	1929	149.531858873091	0.0686929787135818	0.525481445209961	0.807354922057604	0.638673672050118	0.147799674515634	-0.00203326578399335	0.0658212991018333	2.52169242981405	FALSE
set7IT032	BG11	10/2/2015 SynE_ML6_set7	209	1618797	2725	1102098	1087749	251	1929	572.800947867299	0.599236686799901	0.188919968064116	0.735379343274255	0.638673672050118	0.289659125032439	0.0654199470306625	-0.0655391018739082	5.0737157486124	TRUE
set7IT033	BG11 with Nalidixic 0.015625 mg/ml	10/2/2015 SynE_ML6_set7	210	1542716	2517	1039287	1028520	237	1929	541.611374407583	0.382063755804157	0.513915629637208	1.05598460977717	0.638673672050118	0.178497678863902	0.0446692886876139	-0.0215755635644883	4.44409681386514	FALSE
set7IT034	BG11 with Nalidixic 0.0078125 mg/ml	10/2/2015 SynE_ML6_set7	211	1716461	2829	1124626	1107253	325	1929	583.071616640337	0.630304686232763	0.175072196384174	0.687103562529433	0.638673672050118	0.327862022355979	0.0154753545712201	-0.0696647940968214	2.84006861398818	TRUE
set7IT035	BG11 with Nalidixic 0.00390625 mg/ml	10/2/2015 SynE_ML6_set7	212	1992583	3460	1303895	1283681	397	1929	675.977356503423	0.619486775377392	0.163585485662121	0.68826500419499	0.638673672050118	0.296463303533811	0.0588183852672819	-0.0576882366700634	2.25682434929737	TRUE
set7IT036	BG11 with Nalidixic 0.001953125 mg/ml	10/2/2015 SynE_ML6_set7	213	1812000	3096	1193663	1175777	345	1929	619.155871511322	0.633327656759011	0.169066435624074	0.673189683732891	0.638673672050118	0.257210007142822	0.0156302543734462	-0.0716487119882182	2.63198046272008	TRUE
set7IT037	BG11 with Nalidixic 0.0009765625 mg/ml	10/2/2015 SynE_ML6_set7	214	1729835	2837	1136511	1118949	335	1929	589.230647709321	0.63017689841065	0.161360793622894	0.693468606826377	0.638673672050118	0.265200168891637	0.00158546606932235	-0.0697421207582222	2.52758162533355	TRUE
set7IT038	BG11 with Cisplatin 0.1 mg/ml	10/2/2015 SynE_ML6_set7	215	1883288	3173	1225832	1205284	380	1929	634.694049499737	0.618327127392495	0.172571633485179	0.680931559251878	0.638673672050118	0.308001293971769	0.100302509121446	-0.0706966638705807	1.63754176038223	TRUE
set7IT039	BG11 with Cisplatin 0.05 mg/ml	10/2/2015 SynE_ML6_set7	216	1894131	3259	1234765	1214041	375	1929	639.30542390732	0.625648411244965	0.168511748559809	0.692571474807751	0.638673672050118	0.268896121818617	0.0184216755490594	-0.0630112988255417	1.92071269020433	TRUE
set7IT040	BG11 with Cisplatin 0.025 mg/ml	10/2/2015 SynE_ML6_set7	217	1613926	2678	1053262	1035712	320	1929	545.398630858346	0.63634136391207	0.16705114360531	0.676055559514133	0.638673672050118	0.272670822192629	0.0230204317813462	-0.0666138131936251	1.80724472359613	TRUE
set7IT041	BG11 with Cisplatin 0.0125 mg/ml	10/2/2015 SynE_ML6_set7	218	2011112	3418	1323567	1302817	386	1929	686.054239073196	0.638239273751542	0.157369581563919	0.688538904163707	0.638673672050118	0.29237450258178	0.0369987893633322	-0.0661256660083209	2.62368780795637	TRUE
set7IT042	BG11	10/2/2015 SynE_ML6_set7	219	1593569	2723	1038412	1021521	318	1929	537.925750394945	0.629887830112591	0.166956689078273	0.690979388892026	0.638673672050118	0.26717704582732	0.00600367208497523	-0.0658591861508646	1.79177493076914	TRUE
set7IT043	BG11 with nitrite 20 mM	10/2/2015 SynE_ML6_set7	220	1760312	3104	1165782	1142175	296	1929	601.461295418641	0.631290947754705	0.202476882131037	0.708469257547147	0.638673672050118	0.294645693203382	0.0700069498129494	-0.0819757813373146	3.61383093423498	TRUE
set7IT045	BG11 with nitrite 5 mM	10/2/2015 SynE_ML6_set7	222	1649443	2808	1101334	1084292	282	1929	570.980516061085	0.633018971396945	0.19152459062238	0.704082232352422	0.638673672050118	0.32278624454756	0.0699985838786384	-0.0738200325724009	3.50844961620849	TRUE
set7IT046	BG11 with nitrite 2.5 mM	10/2/2015 SynE_ML6_set7	223	1667752	2812	1111626	1094273	293	1929	576.236440231701	0.647118837828708	0.18992745218294	0.693338661765948	0.638673672050118	0.31870839288299	0.0232276401768657	-0.081100717659115	3.47293003443352	TRUE
set7IT047	BG11	10/2/2015 SynE_ML6_set7	224	1498317	2490	989399	974013	285	1929	512.908372827804	0.627712161857133	0.173016323347952	0.687212558969106	0.638673672050118	0.303118290782438	0.0589219247090861	-0.0727083050913149	2.79019243065384	TRUE
set7IT048	BG11 with nitrate 200 mM	10/2/2015 SynE_ML6_set7	225	1647696	3030	1119150	1104940	275	1929	581.853607161664	0.697095584209276	0.238479927259358	0.73730864375548	0.638673672050118	0.285718288027639	0.0411012517210116	-0.0576067547081835	3.81593074900218	TRUE
set8IT049	BG11 with nitrate 100 mM	10/2/2015 SynE_ML6_set8	226	1430697	2547	978252	965881	230	1280	508.626119010005	0.634787215645054	0.256964987312567	0.718587064851351	0.631038371269129	0.290940238487816	0.114016861694961	-0.0606996601502614	4.68849903215826	TRUE
set8IT050	BG11 with nitrate 50 mM	10/2/2015 SynE_ML6_set8	227	1632990	3034	1151175	1139778	210	1280	600.199052132701	0.602534508228458	0.253164930481393	0.729460424509336	0.631038371269129	0.285074453051647	0.0698452725072464	-0.063206823568834	5.82064791931158	TRUE
set8IT051	BG11 with nitrate 25 mM	10/2/2015 SynE_ML6_set8	228	1629695	2826	1139266	1126987	228	1280	593.463401790416	0.613128402077644	0.241029626714525	0.707446507246151	0.631038371269129	0.281755452821386	0.0915149275790355	-0.0623826944696569	5.48710445009852	TRUE
set8IT052	BG11	10/2/2015 SynE_ML6_set8	229	1630922	2775	1097976	1084367	297	1280	571.020010531859	0.586185809767005	0.191770259272544	0.696607856550067	0.631038371269129	0.303795912854568	0.0537269613504058	-0.0746287695331156	3.83831143797588	TRUE
set8IT053	BG11 with Chlorate 20 mM	10/2/2015 SynE_ML6_set8	230	1393310	2432	929411	917208	258	1280	482.995260663507	0.588119777968064	0.187980756360827	0.653442238603922	0.631038371269129	0.262346691241576	0.00720569752827817	-0.0554645726865043	3.67569063086618	TRUE
set8IT054	BG11 with Chlorate 10 mM	10/2/2015 SynE_ML6_set8	231	1941001	3309	1296376	1277932	348	1280	672.949973670353	0.620250689982849	0.187534762002032	0.679113938412464	0.631038371269129	0.272679772062103	0.0432212061824125	-0.0648506689246511	3.71227238361189	TRUE
set8IT055	BG11 with Chlorate 5 mM	10/2/2015 SynE_ML6_set8	232	1615670	2740	1083195	1069182	287	1280	563.023696682464	0.614538334204938	0.189579125106849	0.700439718141092	0.631038371269129	0.255885921838489	0.0953735141880982	-0.0823761915759295	3.98028198934957	TRUE
set8IT056	BG11 with Chlorate 2.5 mM	10/2/2015 SynE_ML6_set8	233	1719830	3105	1150215	1133942	325	1280	597.125855713533	0.587874460828197	0.218228365102149	0.6959938131099	0.631038371269129	0.333817091752684	-0.00194372491055817	-0.0803072159330484	3.43773352614389	TRUE
set8IT057	BG11	10/2/2015 SynE_ML6_set8	234	1438104	2474	980669	970311	231	1280	510.958925750395	0.566959490503225	0.19794828081583	0.702168828062351	0.631038371269129	0.25589794371098	0.0968344960937661	-0.0708326302078605	4.73616964259297	TRUE
set8IT058	BG11 with Chlorite 2.5 mM	10/2/2015 SynE_ML6_set8	235	1574396	3210	1067590	1057853	308	1280	557.057925223802	0.544544152260953	0.279841207610609	0.777607578663551	0.631038371269129	0.264265431291822	0.0399386544093495	-0.0561513250480032	3.72982330907091	TRUE
set8IT059	BG11 with Chlorite 1.25 mM	10/2/2015 SynE_ML6_set8	236	1815455	2922	1277671	1265847	281	1280	666.586097946288	0.538443954926442	0.177788758687887	0.688641146822825	0.631038371269129	0.240342564950022	0.0519562143142334	-0.0469390328771214	4.96655498453285	TRUE
set8IT060	BG11 with Chlorite 0.625 mM	10/2/2015 SynE_ML6_set8	237	1557132	3258	1126042	1118125	153	1280	588.796735123749	0.50754611427022	0.211762911570323	0.767826557870967	0.631038371269129	0.173976675319192	0.0371297186835578	-0.0497530957117187	6.17418944120947	TRUE
set8IT061	BG11 with Chlorite 0.3125 mM	10/2/2015 SynE_ML6_set8	238	1752208	2895	1230194	1218322	234	1280	641.559768299105	0.582668003776826	0.198500775363979	0.719263592432747	0.631038371269129	0.256011374155205	0.0403516113059645	-0.0666748015054193	5.50656089119874	TRUE
set8IT062	BG11	10/2/2015 SynE_ML6_set8	239	1749146	2971	1190201	1175922	280	1280	619.232227488152	0.595754034899942	0.187467111697194	0.714347291504186	0.631038371269129	0.290006685208242	0.0707379907581339	-0.0604724038135653	4.65370634980678	TRUE
set8IT063	BG11 with perchlorate 50 mM	10/2/2015 SynE_ML6_set8	240	1646402	3059	1096149	1083528	350	1280	570.578199052133	0.618964651686135	0.1756729357421	0.679427184724648	0.631038371269129	0.262945192852548	0.0692636437549176	-0.0494554534319959	2.10147983767427	TRUE
set8IT064	BG11 with perchlorate 25 mM	10/2/2015 SynE_ML6_set8	241	1654208	3003	1129898	1117445	277	1280	588.438651922064	0.59464503043825	0.229855894036583	0.738192897550208	0.631038371269129	0.202330938365386	0.123553702905815	-0.0663489828776798	4.7394068508272	TRUE
set8IT065	BG11 with perchlorate 12.5 mM	10/2/2015 SynE_ML6_set8	242	1532120	2671	1075689	1065209	204	1280	560.931542917325	0.583099423425327	0.264706190786635	0.748815312043949	0.631038371269129	0.247679777760451	0.127142830309603	-0.0543704110092804	5.69044302958562	TRUE
set8IT066	BG11	10/2/2015 SynE_ML6_set8	243	1921100	2996	1330613	1317180	276	1280	693.617693522907	0.583165746754434	0.215181273912087	0.729146089706907	0.631038371269129	0.280688865007715	0.0886668004114619	-0.0693659486014373	5.21700191373101	TRUE
set8IT067	BG11 with Polymyxin B sulfate 0.000390625 mg/ml	10/2/2015 SynE_ML6_set8	244	1738616	2693	1181724	1169683	266	1280	615.946814112691	0.602808433226114	0.227833362973922	0.731351987702679	0.631038371269129	0.246868386253159	0.03445911250562	-0.0790311700848001	4.61291856671373	TRUE
set8IT068	BG11 with Polymyxin B sulfate 0.0001953125 mg/ml	10/2/2015 SynE_ML6_set8	245	1466704	2763	1025894	1015919	203	1280	534.975776724592	0.554525936601232	0.217254009249316	0.707218250772154	0.631038371269129	0.260448361020015	0.0733199857325762	-0.0710325032738484	5.50131190966842	TRUE
set8IT069	BG11	10/2/2015 SynE_ML6_set8	246	1570580	2522	1083297	1071636	230	1280	564.315955766193	0.576104875749004	0.213972986639741	0.721698837512896	0.631038371269129	0.251019154240363	0.0768026536540848	-0.0559041968600898	5.17397096864464	TRUE
set8IT070	BG11 with Chloride 250 mM	10/2/2015 SynE_ML6_set8	247	1596758	2685	1155910	1144044	173	1280	602.445497630332	0.662653190167706	0.282543878377849	0.773337983831168	0.631038371269129	0.238335614570813	0.0982106716545608	-0.0149795986672192	8.22549026884835	TRUE
set8IT071	BG11 with Chloride 125 mM	10/2/2015 SynE_ML6_set8	248	1748653	2908	1241381	1223341	226	1280	644.202738283307	0.694466642359506	0.274706780029892	0.750771393691237	0.631038371269129	0.200514222528519	0.0907731848267805	-0.0190343682319359	6.38761001961988	TRUE
set8IT072	BG11 with Chloride 62.5 mM	10/2/2015 SynE_ML6_set8	249	1701815	3306	1226778	1215851	160	1280	640.258557135334	0.625607498373934	0.280368302017632	0.789580220329628	0.631038371269129	0.243301044314314	0.0852591684278862	-0.0467533809440623	7.6013971157421	TRUE
set8IT073	BG11 with Chloride 31.25 mM	10/2/2015 SynE_ML6_set8	250	1416264	2407	1019812	1011125	139	1280	532.451290152712	0.592969320408916	0.283887597920265	0.79836613883035	0.631038371269129	0.212259961038676	0.102586103383361	-0.0594860451345031	7.1874904189164	TRUE
set8IT074	BG11 with Chloride 15.625 mM	10/2/2015 SynE_ML6_set8	251	1516384	2596	1093618	1084968	135	1280	571.336492890995	0.552202980279399	0.293549758041011	0.788495894806288	0.631038371269129	0.181008287644768	0.0706271913619739	-0.0572066639281991	7.116041868614	TRUE
set8IT075	BG11 with Chloride 7.8125 mM	10/2/2015 SynE_ML6_set8	252	1484452	2629	1070575	1062244	116	1280	559.370194839389	0.551619335848592	0.304982402846338	0.813121865276491	0.631038371269129	0.191843629936449	0.0401888654917288	-0.0492221245184166	7.43977943180499	TRUE
set8IT076	BG11 with Chloride 3.90625 mM	10/2/2015 SynE_ML6_set8	253	1560623	2513	1101063	1091294	155	1280	574.667719852554	0.562692203636201	0.267625365710023	0.784271308944563	0.631038371269129	0.212369296737561	0.0394861849367511	-0.0609884535047168	6.69888061026057	TRUE
set8IT077	BG11 with Chloride 1.953125 mM	10/2/2015 SynE_ML6_set8	254	1572391	2773	1102999	1093073	171	1280	575.604528699315	0.573077141573115	0.252001430922801	0.796617871450094	0.631038371269129	0.248164279623639	0.0618075322942285	-0.0380743632023091	6.43937514156013	TRUE
set8IT078	BG11 with Chloride 0.9765625 mM	10/2/2015 SynE_ML6_set8	255	1661096	3159	1156900	1146043	184	1280	603.498156924697	0.589542690067133	0.245908245003402	0.775484406770581	0.631038371269129	0.223731698985903	0.0681686806087883	-0.0648832102966113	6.07948033785815	TRUE
set8IT079	BG11 with Chloride 0.48828125 mM	10/2/2015 SynE_ML6_set8	256	1577287	2572	1095744	1085900	170	1280	571.827277514481	0.576930869232798	0.254304941787408	0.778973120687781	0.631038371269129	0.222045820113738	0.086723569341847	-0.0676323952391777	6.31858539488535	TRUE
set8IT080	BG11	10/2/2015 SynE_ML6_set8	257	1457610	2329	1015949	1006093	169	1280	529.801474460242	0.567346635468006	0.236743295521247	0.772589503896928	0.631038371269129	0.209828212354744	0.031609995418257	-0.0698254663994131	5.76719456563663	TRUE
set8IT081	BG11 with Bacitracin 0.0078125 mg/ml	10/2/2015 SynE_ML6_set8	258	2464424	21	2267734	2267617	2	1280	1194.11111111111	0.397440254379756	0.447614338552896	1	0.631038371269129	0.234600830711389	0.0572428229504796	0.0884294464117249	14.6735380289573	FALSE
set8IT082	BG11 with Bacitracin 0.00390625 mg/ml	10/2/2015 SynE_ML6_set8	259	2411745	0	2174656	2173776	0	1280	1144.69510268562	0.396627275480993	0.466389263397745	0	0.631038371269129	0.225170387935112	0.057104412533905	0.0926549963936716	14.9576904729799	FALSE
set8IT083	BG11 with Bacitracin 0.001953125 mg/ml	10/2/2015 SynE_ML6_set8	260	2341391	14	2089191	2087068	1	1280	1099.03528172722	0.403516758939123	0.469771174638235	0.807354922057604	0.631038371269129	0.260919391233135	0.0473283726446579	0.0876496833671454	13.8594045198741	FALSE
set8IT084	BG11 with Bacitracin 0.0009765625 mg/ml	10/2/2015 SynE_ML6_set8	261	1705141	3131	1149223	1135178	308	1280	597.77672459189	0.594244784355292	0.187640080145762	0.697390082312417	0.631038371269129	0.308655448777213	0.0151085930587075	-0.0580046658310874	4.59123850150929	TRUE
set8IT085	BG11	10/2/2015 SynE_ML6_set8	262	1451235	2466	969206	956802	270	1280	503.845181674566	0.561061858608216	0.174256247550469	0.706869169420073	0.631038371269129	0.317325068487433	0.0358383938980509	-0.0795761871309947	3.68380755301084	TRUE
set8IT086	BG11 with Fusidic 0.5 mg/ml	10/2/2015 SynE_ML6_set8	263	1472475	2315	1047216	1036495	194	1280	545.810953133228	0.578185803190486	0.202961279737742	0.757955883503596	0.631038371269129	0.254615575799343	0.126557490754829	-0.0349273399785469	6.37428412544854	TRUE
set8IT087	BG11 with Fusidic 0.25 mg/ml	10/2/2015 SynE_ML6_set8	264	1634806	2883	1128803	1115935	242	1280	587.643496577146	0.572440621063959	0.178843761936709	0.735801661032571	0.631038371269129	0.301089999686125	0.0477369113935055	-0.0461426769060192	5.18073824346425	TRUE
set8IT088	BG11 with Fusidic 0.125 mg/ml	10/2/2015 SynE_ML6_set8	265	1454802	2513	1007578	997835	203	1280	525.452869931543	0.579874441271707	0.194707491488086	0.721283971933937	0.631038371269129	0.276127887532976	0.117877453328904	-0.0558549266223967	5.39635627967918	TRUE
set8IT089	BG11 with Fusidic 0.0625 mg/ml	10/2/2015 SynE_ML6_set8	266	1513004	2406	1031165	1018673	244	1280	536.426013691417	0.566416373870953	0.182608220437745	0.698619282516723	0.631038371269129	0.253117448026112	0.0798683597184279	-0.0667362068879612	4.71503316811884	TRUE
set8IT090	BG11	10/2/2015 SynE_ML6_set8	267	1383962	2420	936692	925560	234	1280	487.39336492891	0.567974044036977	0.209199164793071	0.714597781137751	0.631038371269129	0.24996030167591	0.074509147249103	-0.0766777746578503	4.53037415139461	TRUE
set8IT091	Time0	10/2/2015 SynE_ML6_set8	268	1490473	2818	980338	968085	336	941	509.78672985782	-0.00143622955010855	0.145964024439831	0.634005123657675	0.641353682571555	-0.0514315098433276	-0.0787653798258578	0.0318220227745526	0.931700589884069	FALSE
set8IT092	Time0	10/2/2015 SynE_ML6_set8	269	1391845	2533	916837	906753	319	951	477.489731437599	0.265685990859244	0.135067609785234	0.667762805773669	0.633795538239703	0.0575669575315766	0.0367699398701521	-0.011341311401246	0.977465173541264	FALSE
set8IT093	Time0	10/2/2015 SynE_ML6_set8	270	1466399	2607	956321	935651	315	963	492.707214323328	0.0483749789237708	0.143124727507276	0.646890249864359	0.634544529571716	-0.0110570411311727	-0.0149818763500788	0.0145511425439563	1.56494715484943	FALSE
set8IT094	Time0	10/2/2015 SynE_ML6_set8	271	1421730	2492	929972	915709	301	972	482.205897840969	0.0923812454810769	0.154840520866238	0.64171727901839	0.635879469051893	0.0625315116815496	0.00631157640766575	0.0161836302274661	1.96835083700258	FALSE
