name	short	t0set	num	nMapped	nPastEnd	nGenic	nUsed	gMed	gMedt0	gMean	cor12	mad12	mad12c	mad12c_t0	opcor	adjcor	gccor	maxFit	u
set1IT002	Time0	6/19/2014 Keio_ML9_set1	2	1959009	0	1336684	1335256	218	373	352.403272631301	-0.0358121399064105	0.147808824026091	0.662965012722429	0.639503663737359	-0.0140419811616535	0.0499002173887311	0.0555812144189523	1.21928048319258	FALSE
set1IT003	D-Glucose (C)	6/19/2014 Keio_ML9_set1	3	1831987	0	1245629	1244431	206	590	328.432567959884	0.318615210133702	0.154821532222614	0.665940784458394	0.648717735254507	0.207311576172793	0.0129795242603194	-0.07596117554456	1.30270991722395	TRUE
set1IT004	D-Glucose (C)	6/19/2014 Keio_ML9_set1	4	1718470	0	1168204	1167102	195	590	308.023752969121	0.282256315584262	0.17360670098784	0.664522077459644	0.648717735254507	0.204590586314114	0.00446736404476709	-0.0793688497749435	1.26023405438061	TRUE
set1IT005	D-Fructose (C)	6/19/2014 Keio_ML9_set1	5	1999827	0	1359778	1358459	222	590	358.52705199261	0.329862837366044	0.151077031406193	0.662965012722429	0.648717735254507	0.246709661595733	0.0405051981171146	-0.0860992515884208	1.22913067474728	TRUE
set1IT006	D-Fructose (C)	6/19/2014 Keio_ML9_set1	6	2139479	0	1454760	1453365	241	590	383.574821852732	0.33283454861723	0.149882604466896	0.671637695015533	0.648717735254507	0.246292156370014	0.00698631101275255	-0.0750639396353097	1.23735489464076	TRUE
set1IT007	Sucrose (C)	6/19/2014 Keio_ML9_set1	7	1916286	0	1303666	1302442	214	590	343.742940089733	0.31891188674448	0.165868921669554	0.65653830154696	0.648717735254507	0.249341301800204	0.0172840925867674	-0.0866636168891278	1.3121262633736	TRUE
set1IT008	Sucrose (C)	6/19/2014 Keio_ML9_set1	8	2040747	0	1386624	1385310	230	590	365.613618368963	0.322528058303568	0.167943346968569	0.649780140929454	0.648717735254507	0.245264875089748	0.0197954179602993	-0.081012323938632	1.35157075050518	TRUE
set1IT009	D-Maltose (C)	6/19/2014 Keio_ML9_set1	9	1754274	0	1191498	1190408	196	590	314.17471628398	0.402437738651364	0.180276338735005	0.683483893960303	0.648717735254507	0.256549265507638	0.0730368088044778	-0.0782575822702429	1.64813981301642	TRUE
set1IT010	D-Maltose (C)	6/19/2014 Keio_ML9_set1	10	1627007	0	1104817	1103823	179	590	291.323040380048	0.389602753107701	0.172568190226124	0.678071905112637	0.648717735254507	0.264507346138603	0.0741722137319036	-0.0778618270222311	1.69263759096547	TRUE
set1IT011	D-Xylose (C)	6/19/2014 Keio_ML9_set1	11	1608814	0	1091341	1090284	179	590	287.749802058591	0.410369712310575	0.184558528542842	0.683671111426094	0.648717735254507	0.260111813118362	0.0552984115013743	-0.0828783257270571	2.16214256677834	TRUE
set1IT012	D-Xylose (C)	6/19/2014 Keio_ML9_set1	12	1926399	0	1305198	1303989	215	590	344.151227236738	0.46084160331038	0.16643223341041	0.6738514764276	0.648717735254507	0.292640254175126	0.0996332297460381	-0.0844407929988163	1.9586975050984	TRUE
set1IT013	D-Galactose (C)	6/19/2014 Keio_ML9_set1	13	1693864	0	1151047	1149905	189	590	303.485088413829	0.306753401326219	0.173885854052786	0.65425378956252	0.648717735254507	0.230458551399942	0.0800241550872094	-0.0763285337931894	2.99331643069254	TRUE
set1IT014	D-Galactose (C)	6/19/2014 Keio_ML9_set1	14	1639054	0	1113627	1112555	183	590	293.627606228556	0.280316661795962	0.17725605127698	0.670814049289025	0.648717735254507	0.18954746810332	0.0229847224281196	-0.0801738240753348	3.49366201688742	TRUE
set1IT015	D-Ribose (C)	6/19/2014 Keio_ML9_set1	15	1640776	0	1115769	1114649	177	590	294.180258643442	0.442754074188563	0.201474014139568	0.690659476849699	0.648717735254507	0.282808475080014	0.0719115882769965	-0.0794225569435776	5.89465019160606	TRUE
set1IT016	D-Ribose (C)	6/19/2014 Keio_ML9_set1	16	1840899	0	1251392	1250124	202	590	329.935075217736	0.447667855447947	0.199758635004222	0.68342698288444	0.648717735254507	0.311731251045389	0.0644300901975535	-0.0798337991616209	5.91617882264941	TRUE
set1IT017	L-Fucose (C)	6/19/2014 Keio_ML9_set1	17	1695199	0	1153353	1152197	190	590	304.089997360781	0.384185817867885	0.191963686419689	0.678071905112638	0.648717735254507	0.265687708440475	0.0424122100431295	-0.0760495658874462	2.40805540045865	TRUE
set1IT018	L-Fucose (C)	6/19/2014 Keio_ML9_set1	18	1701212	0	1155963	1154834	192	590	304.785959356031	0.392468187766528	0.180685255734167	0.669175504624241	0.648717735254507	0.281958723084867	0.0596287068434708	-0.078602296008595	2.62595767693714	TRUE
set1IT019	a-Ketoglutaric (C)	6/19/2014 Keio_ML9_set1	19	1743333	0	1183647	1181751	166	590	311.889944576405	0.42811510382239	0.246773306992542	0.746738668687125	0.648717735254507	0.282223622321646	0.0170778733360179	-0.0688285135112014	10.0960708043346	TRUE
set1IT020	a-Ketoglutaric (C)	6/19/2014 Keio_ML9_set1	20	1777777	0	1207969	1205932	164	590	318.271839535498	0.431306951393205	0.245266048095123	0.741094362411172	0.648717735254507	0.291766670051098	0.0370691703305765	-0.0642568131814945	10.4925361446169	TRUE
set1IT021	D-Glucuronic Acid (C)	6/19/2014 Keio_ML9_set1	21	1784382	0	1214801	1213563	199	590	320.285827395091	0.334967550895717	0.177810957819041	0.673682783836249	0.648717735254507	0.238750266942493	0.0493361699781649	-0.0628050651888872	3.5212064255577	TRUE
set1IT022	D-Glucuronic Acid (C)	6/19/2014 Keio_ML9_set1	22	1784485	0	1215928	1214743	200	590	320.597255212457	0.36351738633909	0.160962319825718	0.673074332725939	0.648717735254507	0.264575061866936	0.0412484631124283	-0.0689499484816582	3.34230587440805	TRUE
set1IT023	D-Gluconic Acid (C)	6/19/2014 Keio_ML9_set1	23	1523126	0	1035303	1034347	171	590	272.986803906044	0.33313406172329	0.168303362247359	0.673295074560816	0.648717735254507	0.238796385659938	0.0867791750771018	-0.0796636015100807	1.42497805281582	TRUE
set1IT024	D-Gluconic Acid (C)	6/19/2014 Keio_ML9_set1	24	1642757	0	1116721	1115642	187	590	294.442333069411	0.315911502968705	0.157190115762331	0.660438699339311	0.648717735254507	0.207057428640734	0.0465525339260695	-0.0835853382272823	1.05577085047164	TRUE
set1IT025	D-Glucose-6-Phosphate (C)	6/19/2014 Keio_ML9_set1	25	1735821	0	1180465	1179315	198	590	311.24703087886	0.357215490020747	0.155244068649882	0.664367125445239	0.648717735254507	0.22220617838946	0.0194974323888447	-0.0953956826777747	1.42435457144085	TRUE
set1IT026	D-Glucose-6-Phosphate (C)	6/19/2014 Keio_ML9_set1	26	1618145	0	1099990	1098898	185	590	290.023225125363	0.335473761688802	0.16734128866426	0.662596319885144	0.648717735254507	0.214794612542606	0.0305722128292087	-0.0970677523460449	1.39135541259014	TRUE
set1IT027	acetate (C)	6/19/2014 Keio_ML9_set1	27	1727849	0	1173818	1172202	170	590	309.369754552652	0.399166461941475	0.283984066235909	0.771553828887081	0.648717735254507	0.287941852647117	0.0263755457690514	-0.0505764316261075	7.27028634525173	TRUE
set1IT028	acetate (C)	6/19/2014 Keio_ML9_set1	28	1626112	0	1103333	1102071	167	590	290.860649247823	0.404067661842783	0.263434176469698	0.740404278522734	0.648717735254507	0.281950417207333	0.0283564160938266	-0.0581863800593196	6.33088241229587	TRUE
set1IT029	Fumarate (C)	6/19/2014 Keio_ML9_set1	29	1721671	0	1158213	1157072	48	590	305.37661652151	0.368055640636175	0.396000757198566	0.906890595608518	0.648717735254507	0.219600568063829	0.0500755153113935	0.00369781011920668	10.5340118445632	FALSE
set1IT030	Fumarate (C)	6/19/2014 Keio_ML9_set1	30	1596625	0	1076217	1074914	47	590	283.693322776458	0.358918066319576	0.405771698836475	0.874469117916141	0.648717735254507	0.168823515949951	0.0443612717948404	0.0103286624413612	10.4303274889408	FALSE
set1IT031	D-Lactate (C)	6/19/2014 Keio_ML9_set1	31	1635412	0	1111906	1110777	185	590	293.158353127474	0.349440637549904	0.215590159504974	0.688934607883795	0.648717735254507	0.260144632342696	0.0205859251227162	-0.0656523526821753	2.23421412861528	TRUE
set1IT032	D-Lactate (C)	6/19/2014 Keio_ML9_set1	32	1550780	0	1053881	1052902	176	590	277.883874373186	0.385415072467337	0.186812804771848	0.685134168137028	0.648717735254507	0.288962588992303	0.0670610272367028	-0.0692730494229041	2.96363860081083	TRUE
set1IT033	L-Lactate (C)	6/19/2014 Keio_ML9_set1	33	1647304	0	702736	702734	0	590	185.46687780417	0.174345107928091	0.470168961566754	0	0.648717735254507	0.116764567519002	0.0180422921369207	-0.0378717714118136	6.83827338294022	FALSE
set1IT034	L-Lactate (C)	6/19/2014 Keio_ML9_set1	34	1745417	0	726290	726290	0	590	191.68382158881	0.136017549682063	0.454621246100968	0	0.648717735254507	0.11094688904277	0.0288250756544743	-0.039686168870583	15.2109545974012	FALSE
set1IT035	D,L-Lactate (C)	6/19/2014 Keio_ML9_set1	35	1617859	0	1098867	1097811	182	590	289.736342042755	0.343764588720645	0.165238123814246	0.655274516378436	0.648717735254507	0.250243497795171	0.053129517571115	-0.074338302942762	1.87946679647272	TRUE
set1IT036	D,L-Lactate (C)	6/19/2014 Keio_ML9_set1	36	1612966	0	1096348	1095268	183	590	289.065188704144	0.342052234838621	0.169465433104402	0.657909250683938	0.648717735254507	0.250030172333938	0.0364579869561293	-0.0654110048468214	2.02025985374706	TRUE
set1IT037	pyruvate (C)	6/19/2014 Keio_ML9_set1	37	1606732	0	1094195	1093031	185	590	288.474795460544	0.34005482735968	0.181636817290661	0.671270394154545	0.648717735254507	0.198765543866477	0.0447414195842956	-0.0430187219795916	2.1403019456154	TRUE
set1IT038	pyruvate (C)	6/19/2014 Keio_ML9_set1	38	1818363	0	1237898	1236592	210	590	326.363684349433	0.367237833456183	0.16198544199242	0.675377795943374	0.648717735254507	0.226661186738998	0.0551545113603751	-0.0405296587436358	1.97109826501828	TRUE
set1IT039	succinate (C)	6/19/2014 Keio_ML9_set1	39	1610300	0	1083528	1082333	156	590	285.651359197677	0.495191729857352	0.233021897857165	0.736965594166207	0.648717735254507	0.268658785047589	0.0409040406100345	-0.0482547739453221	6.88820171095136	TRUE
set1IT040	succinate (C)	6/19/2014 Keio_ML9_set1	40	1786544	0	1205679	1204423	178	590	317.8735814199	0.495754165934752	0.223095786377032	0.740298937101334	0.648717735254507	0.308034356689576	0.0725063675699919	-0.0523767693401997	6.224365091966	TRUE
set1IT041	Glycolic Acid (C)	6/19/2014 Keio_ML9_set1	41	1742803	0	1180301	1178936	186	590	311.147004486672	0.562261331185595	0.246989765270238	0.6881652730337	0.648717735254507	0.333992450301896	0.112988974173497	-0.0171966457161708	5.08506509531052	TRUE
set1IT042	Glycolic Acid (C)	6/19/2014 Keio_ML9_set1	42	1581733	0	1071770	1070593	171	590	282.552916336764	0.544237274553545	0.251890322450645	0.710493382805015	0.648717735254507	0.306165976944963	0.0954112221270978	-0.026895499615766	4.90575613643969	TRUE
set1IT043	D-Mannitol (C)	6/19/2014 Keio_ML9_set1	43	1647074	0	1118974	1117897	188	590	295.037476906836	0.323907796939651	0.162152522342079	0.650334761591324	0.648717735254507	0.241458520570181	0.115602110159253	-0.0739156934236253	1.07715748830386	TRUE
set1IT044	D-Mannitol (C)	6/19/2014 Keio_ML9_set1	44	1670062	0	1135152	1134023	190	590	299.293481129586	0.311835331276518	0.160113776997859	0.665690127994258	0.648717735254507	0.243851932387662	0.00066940737314618	-0.0850249186232898	1.40710772542215	TRUE
set1IT045	D-Galacturonic Acid (C)	6/19/2014 Keio_ML9_set1	45	1721912	0	1170890	1169745	191	590	308.721298495645	0.40936971647879	0.160608499152808	0.668665970435898	0.648717735254507	0.279047193096679	0.0663900096951966	-0.0771110999901429	3.47010392215948	TRUE
set1IT046	D-Galacturonic Acid (C)	6/19/2014 Keio_ML9_set1	46	1599315	0	1085830	1084741	181	590	286.286883082608	0.378851990267433	0.169145753464609	0.646447586553921	0.648717735254507	0.296390577561097	0.0658442162889343	-0.073103887797414	3.26959512904637	TRUE
set1IT047	Glycerol (C)	6/19/2014 Keio_ML9_set1	47	1468770	0	999609	998672	164	590	263.571390868303	0.334332956879657	0.158818884199232	0.662965012722429	0.648717735254507	0.232572676093228	0.100505112249701	-0.0697129472329865	1.49180226700398	TRUE
set1IT048	Glycerol (C)	6/19/2014 Keio_ML9_set1	48	1629671	0	1107939	1106866	183	590	292.126154658221	0.324782302031984	0.16170986679799	0.658764336463044	0.648717735254507	0.244035537546076	0.0928445649474324	-0.0740616703530472	1.87493771384716	TRUE
set1IT049	Time0	6/19/2014 Keio_ML9_set1	49	1597750	0	1089887	1088724	177	413	287.338083927158	0.0158405540488931	0.155349901955282	0.641512657259968	0.646347024966144	-0.0191011979445271	0.013118010578535	-0.00993106473805938	1.25520410856921	FALSE
set1IT050	Time0	6/19/2014 Keio_ML9_set1	50	1755769	0	1197394	1196059	195	394	315.666138822908	0.0365041698616548	0.154864914914946	0.646210071676648	0.657363907450442	-0.0550587117532364	-0.0187988254046858	-0.0411354310556258	1.43958004824784	FALSE
set1IT051	D-Sorbitol (C)	6/19/2014 Keio_ML9_set1	51	1679862	0	1141913	1140829	187	590	301.089733438902	0.352207483456569	0.161157821775021	0.666427927665682	0.648717735254507	0.261240468577701	0.0449434495165083	-0.0768005750999643	1.09886070809034	TRUE
set1IT052	D-Sorbitol (C)	6/19/2014 Keio_ML9_set1	52	1622984	0	1103540	1102506	184	590	290.975455265241	0.334159706714532	0.16503406028773	0.672722488819305	0.648717735254507	0.31157757694481	0.0720628993145754	-0.0795859185476992	1.50665636330104	TRUE
set1IT053	L-Malic (C)	6/19/2014 Keio_ML9_set1	53	1557921	0	1047809	1046674	158	590	276.240168910003	0.482356950088661	0.255334011562055	0.747847581312035	0.648717735254507	0.294647999039734	0.0923294890761123	-0.0416248737660434	5.84796730882917	TRUE
set1IT054	L-Malic (C)	6/19/2014 Keio_ML9_set1	54	1736326	0	1166890	1165624	172	590	307.633676431776	0.467458626183429	0.255512767975393	0.741359817959287	0.648717735254507	0.30774282136264	0.066317450151464	-0.0481576441324124	5.83187097481912	TRUE
set1IT055	D-Trehalose (C)	6/19/2014 Keio_ML9_set1	55	1680525	0	1140805	1139611	188	590	300.768276590129	0.425357695933861	0.172738707472944	0.672489727968674	0.648717735254507	0.268636932271486	0.0684778985625724	-0.101704734396842	1.85931501775222	TRUE
set1IT056	D-Trehalose (C)	6/19/2014 Keio_ML9_set1	56	1750668	0	1188443	1187279	193	590	313.348904724202	0.384185791691564	0.183368747804416	0.676760689758867	0.648717735254507	0.247402544946894	0.0602085163761677	-0.0936613129209714	2.04283705444558	TRUE
set1IT057	D-Serine (C)	6/19/2014 Keio_ML9_set1	57	1587572	0	1127227	1125188	132	590	296.961731327527	0.367853623420855	0.214803602340908	0.719892080807265	0.648717735254507	0.256601880933403	0.0728670691637547	-0.0486113804654555	8.56786509545924	TRUE
set1IT058	D-Serine (C)	6/19/2014 Keio_ML9_set1	58	1731194	0	1228603	1226560	144	590	323.716020058063	0.410185290673135	0.211672325753665	0.700439718141092	0.648717735254507	0.232546869608118	0.0467530552443218	-0.0541931360654188	8.46864128788327	TRUE
set1IT059	casaminos (C)	6/19/2014 Keio_ML9_set1	59	1675096	0	1141719	1140681	195	590	301.050673000792	0.278239447075525	0.169698688049967	0.663727368140732	0.648717735254507	0.169257483582386	0.0190141085537677	-0.0276115289314893	1.78817647059613	TRUE
set1IT060	casaminos (C)	6/19/2014 Keio_ML9_set1	60	1602488	0	1090795	1089696	187	590	287.594615993666	0.274844719197901	0.168496107995497	0.645015884139284	0.648717735254507	0.218662351428689	0.0356976350972452	-0.0440183882438015	1.89757795114242	TRUE
set1IT061	NAG (C)	6/19/2014 Keio_ML9_set1	61	1749471	0	1189231	1187996	197	590	313.538136711533	0.327644826029286	0.161931555426321	0.675404828291123	0.648717735254507	0.213025767999878	0.0557862593710431	-0.0810691666570302	1.66365125388966	TRUE
set1IT062	NAG (C)	6/19/2014 Keio_ML9_set1	62	1920641	0	1306066	1304786	217	590	344.3615729744	0.320966056849448	0.153020936263917	0.673398287557552	0.648717735254507	0.242402286322792	0.0411145628208418	-0.0906403132517329	1.71661552975926	TRUE
set1IT063	D-Glucosamine Hydrochloride (C)	6/19/2014 Keio_ML9_set1	63	1673522	0	1138422	1137216	188	590	300.136183689628	0.338596187473673	0.199050397017178	0.661514675326834	0.648717735254507	0.213626756123546	0.0624418873716564	-0.0893400521100739	2.19062682700597	TRUE
set1IT064	D-Glucosamine Hydrochloride (C)	6/19/2014 Keio_ML9_set1	64	1510988	0	1028335	1027302	171	590	271.127474267617	0.324969064995957	0.23731781500218	0.685245530162791	0.648717735254507	0.214354370915283	0.00157538865682718	-0.0692741391730411	2.00710308389429	TRUE
set1IT065	D-Mannose (C)	6/19/2014 Keio_ML9_set1	65	1541066	0	1047246	1046171	175	590	276.107416204803	0.290637015380332	0.163124690546434	0.652713086140549	0.648717735254507	0.260772443722023	0.0447736650127454	-0.0738586278982203	1.08113695102845	TRUE
set1IT066	D-Mannose (C)	6/19/2014 Keio_ML9_set1	66	1693675	0	1151420	1150289	191	590	303.586434415413	0.323661748243109	0.159966381719249	0.651614738497658	0.648717735254507	0.260858244205251	0.0551222343168321	-0.085122400774489	1.23058279316756	TRUE
set1IT067	D-Galacturonic Acid (C) MOPS	6/19/2014 Keio_ML9_set1	67	1555286	0	1060541	1059439	182	590	279.609131697018	0.180888972345303	0.153362980139182	0.646943380989177	0.648717735254507	0.116348624701995	-0.0225102583219113	-0.0091337021207503	2.14783073345808	TRUE
set1IT068	D-Galacturonic Acid (C) MOPS	6/19/2014 Keio_ML9_set1	68	1430170	0	974038	973102	167	590	256.822908419108	0.173314224764072	0.162353743982011	0.652076696579694	0.648717735254507	0.119817135815718	0.0504593299730068	-0.00626789141999957	1.34513890392997	TRUE
set1IT069	D-Glucose (C) MOPS	6/19/2014 Keio_ML9_set1	69	1461688	0	997643	996712	155	590	263.05410398522	0.12265637717642	0.16237032626531	0.663391467077413	0.648717735254507	0.0473080468038526	-0.000521226520115415	0.0100658018802194	1.7885492305629	TRUE
set1IT070	D-Glucose (C) MOPS	6/19/2014 Keio_ML9_set1	70	1534551	0	1047175	1046115	165	590	276.092636579572	0.145042902472845	0.166017271401868	0.656672124333334	0.648717735254507	0.100502491642486	0.0433172263233901	0.0314498159237092	1.99973901999602	TRUE
set1IT071	L-Arginine (N)	6/19/2014 Keio_ML9_set1	71	1491551	0	1037262	1035169	95	590	273.203747690684	0.236418195551529	0.238129384848254	0.736965594166207	0.648717735254507	0.1489758370722	-0.016523587681278	-0.0199073664406334	9.79910555403555	TRUE
set1IT072	L-Arginine (N)	6/19/2014 Keio_ML9_set1	72	1538792	0	1067328	1065070	103	590	281.095275798364	0.22659112238455	0.244945394383935	0.715738778533149	0.648717735254507	0.156609477822796	0.0521562525907251	-0.0170308870973693	9.63619898979367	TRUE
set1IT073	L-Aspartic Acid (N)	6/19/2014 Keio_ML9_set1	73	1413626	0	961142	960141	161	590	253.402216943785	0.294627959878236	0.166055817206496	0.672425341971495	0.648717735254507	0.194529868507177	0.0216567587028166	-0.0645881992791646	2.05352371863147	TRUE
set1IT074	L-Aspartic Acid (N)	6/19/2014 Keio_ML9_set1	74	1272809	0	866258	865409	144	590	228.400369490631	0.275263231315683	0.185657304347899	0.681470481574503	0.648717735254507	0.222035984571048	0.0848054095549297	-0.0532005070142714	2.02832573070994	TRUE
set1IT075	L-Serine (N)	6/19/2014 Keio_ML9_set1	75	1394444	0	948976	948000	159	590	250.197941409343	0.305713251017273	0.17344152889416	0.662274397523249	0.648717735254507	0.194805780793463	0.0522130633672792	-0.0620686130914249	4.38455758819579	TRUE
set1IT076	L-Serine (N)	6/19/2014 Keio_ML9_set1	76	1580564	0	1075670	1074595	182	590	283.609131697018	0.302670718274063	0.169103412750147	0.657153523578936	0.648717735254507	0.248065948927945	0.0135833641212641	-0.0529404871798541	4.31809256306166	TRUE
set1IT077	L-Asparagine (N)	6/19/2014 Keio_ML9_set1	77	1464583	0	994949	993965	165	590	262.329110583267	0.318967391452834	0.161526423277906	0.667056000275959	0.648717735254507	0.200117750015026	0.0648521465819951	-0.0849286472251059	1.46729208493279	TRUE
set1IT078	L-Asparagine (N)	6/19/2014 Keio_ML9_set1	78	1573304	0	1069807	1068733	177	590	282.062021641594	0.313534335234583	0.164126244579084	0.647408616426422	0.648717735254507	0.23447362764248	0.0560408577176024	-0.081986867932132	1.56815554148541	TRUE
set1IT079	L-Glutamine (N)	6/19/2014 Keio_ML9_set1	79	1735403	0	1179495	1178373	197	590	310.998416468725	0.310139667707923	0.150909130923151	0.658219041335229	0.648717735254507	0.228645444616989	0.0134806902336617	-0.0722483691803945	0.969965945744764	TRUE
set1IT080	L-Glutamine (N)	6/19/2014 Keio_ML9_set1	80	1650124	0	1121794	1120699	187	590	295.77698601214	0.275823438770157	0.153698775333394	0.651313769464213	0.648717735254507	0.205174138258602	0.0448531784945726	-0.077254715226911	1.08244073035073	TRUE
set1IT081	Glycine (N)	6/19/2014 Keio_ML9_set1	81	1389586	0	943705	942781	159	590	248.820533122196	0.34946448926862	0.174057113378398	0.654319086545184	0.648717735254507	0.197643335487645	0.00497462607190952	-0.0728808946192358	2.46683759217089	TRUE
set1IT082	Glycine (N)	6/19/2014 Keio_ML9_set1	82	1500268	0	1018866	1017765	171	590	268.610451306413	0.326427070833288	0.180356390336925	0.658145956338483	0.648717735254507	0.247198069413159	0.0717676832634069	-0.071408540484153	2.20917078056095	TRUE
set1IT083	L-Alanine (N)	6/19/2014 Keio_ML9_set1	83	1519989	0	1034469	1033466	174	590	272.754288730536	0.348418703779353	0.155752779001991	0.670102695129735	0.648717735254507	0.233631395412566	0.031874464183809	-0.0706604494134108	1.72061699714831	TRUE
set1IT084	L-Alanine (N)	6/19/2014 Keio_ML9_set1	84	1648310	0	1121235	1120104	186	590	295.619952494062	0.324169096979059	0.163547863911667	0.668005972658528	0.648717735254507	0.193981394279156	0.00463226682006679	-0.0570810714274108	1.55403057388194	TRUE
set1IT085	D-Serine (N)	6/19/2014 Keio_ML9_set1	85	1488910	0	1014016	1012905	169	590	267.327790973872	0.336512110194286	0.166404937635716	0.665356905167291	0.648717735254507	0.26613916090766	0.000351650764983293	-0.0723488169798588	2.52394591768355	TRUE
set1IT086	D-Serine (N)	6/19/2014 Keio_ML9_set1	86	1535298	0	1045412	1044259	175	590	275.602797571919	0.339989492715487	0.168478182570398	0.661371309029941	0.648717735254507	0.206955788434403	0.0190808258642145	-0.0778334322298462	2.59984444929113	TRUE
set1IT087	D-Alanine (N)	6/19/2014 Keio_ML9_set1	87	1521199	0	1034089	1033100	174	590	272.657693322776	0.326425618047445	0.155465745536887	0.652489012978712	0.648717735254507	0.236553296206975	0.0263181853039152	-0.0737991784723944	1.46315735578495	TRUE
set1IT088	D-Alanine (N)	6/19/2014 Keio_ML9_set1	88	1385932	0	941948	941099	156	590	248.37661652151	0.347268005774926	0.161457720719141	0.665790016870752	0.648717735254507	0.271208705733212	0.0897674091485224	-0.0904610074384261	1.44472220209999	TRUE
set1IT089	Gly-DL-Asp (N)	6/19/2014 Keio_ML9_set1	89	1284669	0	872559	871731	143	590	230.068883610451	0.367444531870329	0.165653652795201	0.653729720208609	0.648717735254507	0.232416987462876	-0.0166951074462504	-0.0770812413277592	2.17413424229384	TRUE
set1IT090	Gly-DL-Asp (N)	6/19/2014 Keio_ML9_set1	90	1405909	0	955527	954613	158	590	251.943256795988	0.375692227595561	0.16499493720014	0.66213919978685	0.648717735254507	0.204027632905937	0.0143333002245139	-0.0729509005411965	2.22713155073091	TRUE
set1IT091	Gly-Glu (N)	6/19/2014 Keio_ML9_set1	91	1733251	0	1177208	1175873	194	590	310.338611770916	0.339701571357126	0.172334982480042	0.695017218551988	0.648717735254507	0.19524335720558	0.0566234274518288	-0.047666711495409	5.4784527992799	TRUE
set1IT092	Gly-Glu (N)	6/19/2014 Keio_ML9_set1	92	1514995	0	1030224	1029091	169	590	271.599630509369	0.307595914590975	0.191207548024438	0.678071905112637	0.648717735254507	0.2002895961626	0.0344618355144973	-0.0591155279627288	5.38828257900827	TRUE
set1IT093	casaminos (N)	6/19/2014 Keio_ML9_set1	93	1376079	0	936920	936032	157	590	247.039324359989	0.248782273434353	0.151239253723927	0.660513533728333	0.648717735254507	0.158172325347716	-0.00699327509792212	-0.0272504814213745	2.73252003506233	TRUE
set1IT094	casaminos (N)	6/19/2014 Keio_ML9_set1	94	1610995	0	1097671	1096624	186	590	289.423066772235	0.22593858958995	0.150338907382193	0.655724664987605	0.648717735254507	0.203060814923097	0.0111677521892359	-0.0402557090539718	2.97822387187709	TRUE
set1IT095	Putrescine (N)	6/19/2014 Keio_ML9_set1	95	1744035	0	1181906	1180622	190	590	311.591976774875	0.474282236221258	0.18159837312833	0.68871972926426	0.648717735254507	0.330791229365039	0.0483310330116024	-0.0893587871156521	4.55355861972605	TRUE
set1IT096	Putrescine (N)	6/19/2014 Keio_ML9_set1	96	1762088	0	1196637	1195476	195	590	315.512272367379	0.449853272901732	0.159124035878843	0.670030592823668	0.648717735254507	0.28962121690176	0.0656777071053487	-0.0949960919581338	2.59445392057685	TRUE
set2IT001	Time0	6/19/2014 Keio_ML9_set2	97	888927	0	606185	605477	98	123	159.798627606229	0.0107514794170685	0.215021993060431	0.649453241605998	0.657212815711416	0.0334433230111355	0.0529062793892507	-0.00291354673258738	1.47617270673466	FALSE
set2IT002	Time0	6/19/2014 Keio_ML9_set2	98	1109483	0	757870	757024	123	98	199.7951966218	0.0107514794170685	0.215021993060431	0.657212815711416	0.649453241605998	0.0334433230111355	0.0529062793892507	0.00291354673258738	1.90321270108003	FALSE
set2IT003	NAG (N)	6/19/2014 Keio_ML9_set2	99	1157053	0	918965	918627	37	220	242.44576405384	0.207661710411054	0.298437349605794	0.736965594166207	0.648341978353486	0.0738981187010578	0.0217215601249422	-0.0227310716646069	10.7763747574489	FALSE
set2IT004	NAG (N)	6/19/2014 Keio_ML9_set2	100	1091123	0	863396	863041	42	220	227.775402480866	0.201652153432443	0.284152417804398	0.724152235628269	0.648341978353486	0.0934162631913919	0.0453127154923374	-0.0158888183974178	10.4974109238116	FALSE
set2IT005	Adenosine (N)	6/19/2014 Keio_ML9_set2	101	1187118	0	806933	806138	134	220	212.757455793085	0.264805644003195	0.195088806678069	0.658621130264505	0.648341978353486	0.216926646392101	-0.0026926633734422	-0.0661441502014699	1.92135873794275	TRUE
set2IT006	Adenosine (N)	6/19/2014 Keio_ML9_set2	102	1139048	0	775972	775175	130	220	204.585642649776	0.285833346998646	0.190502764498289	0.665956091729992	0.648341978353486	0.175091227231596	0.0494575554348501	-0.076260307669615	1.88737755201475	TRUE
set2IT007	Cytidine (N)	6/19/2014 Keio_ML9_set2	103	1107307	0	752886	752177	126	220	198.515967273687	0.265927097239561	0.205909286012301	0.684701056433566	0.648341978353486	0.226772730837637	0.0632168514878859	-0.0756984741353922	1.46104919770521	TRUE
set2IT008	Cytidine (N)	6/19/2014 Keio_ML9_set2	104	1215636	0	826737	825893	138	220	217.971232515176	0.306691409252857	0.18382105113244	0.678071905112637	0.648341978353486	0.23604552315788	0.0517991911720142	-0.0723435253602168	1.30639106642442	TRUE
set2IT009	Ammonium chloride (N)	6/19/2014 Keio_ML9_set2	105	1015538	0	690099	689475	116	220	181.967537608868	0.24502205575948	0.20751312433081	0.655698713697596	0.648341978353486	0.171887735073444	0.0359083173041365	-0.0830149259579754	1.98240431513341	TRUE
set2IT010	Ammonium chloride (N)	6/19/2014 Keio_ML9_set2	106	921592	0	626515	625917	105	220	165.193190815519	0.269508686969483	0.201733796377039	0.652076696579693	0.648341978353486	0.183660976177572	0.0486334899236769	-0.0729374112212248	1.49438980337991	TRUE
set2IT013	nitrite 10 mM	6/24/2014 Keio_ML9_set2	109	1042315	0	712017	711322	121	89	187.733438902085	0.106180024637117	0.223497588705296	0.661198086548241	0.624873035788492	0.118385087164647	-0.00659702913093269	0.0704368290316116	2.32962365984788	TRUE
set2IT014	nitrite 20 mM	6/24/2014 Keio_ML9_set2	110	979705	0	668485	667796	112	89	176.245975191343	0.140347325575141	0.228110128579664	0.644838314020757	0.624873035788492	0.0830562440716286	0.051399922391202	0.0615347510879421	1.95583099769598	TRUE
set2IT015	nitrite 40 mM	6/24/2014 Keio_ML9_set2	111	1021617	0	697985	697177	114	89	184.000263921879	0.0895583876965996	0.236470730281281	0.65419193768506	0.624873035788492	0.0840103220948598	-0.00872299811932357	0.0438647873653512	2.66492732497048	FALSE
set2IT016	nitrate 300 mM	6/24/2014 Keio_ML9_set2	112	1139690	0	695616	692478	7	89	182.760095011876	0.180186061038641	0.455352789385096	0.930064730853074	0.624873035788492	0.135873104977471	0.0338053129448313	0.0298584053281576	12.4307590666914	FALSE
set2IT017	Sisomicin 0.005 mg/ml	6/24/2014 Keio_ML9_set2	113	961212	0	634768	630236	9	89	166.333069411454	0.425587699272451	0.569314077992626	1.0162440477457	0.624873035788492	0.261393170052871	0.175940270164393	0.175993355723186	11.0838938184331	FALSE
set2IT018	Chlorite 0.4 mM	6/24/2014 Keio_ML9_set2	114	1035797	0	705855	705028	120	89	186.07231459488	0.138422863505864	0.236552003359736	0.650168485773757	0.624873035788492	0.0667982713879661	0.0598847870786723	0.021859848652927	2.7722396956641	TRUE
set2IT019	Chlorite 1.25 mM	6/24/2014 Keio_ML9_set2	115	994954	0	726101	724537	83	89	191.221166534706	0.254937059553056	0.318341873359541	0.714037361971163	0.624873035788492	0.142871789391443	-0.0274447102059685	0.0166375454450174	9.24868339694122	TRUE
set2IT020	perchlorate 150 mM	6/24/2014 Keio_ML9_set2	116	1021548	0	827423	824579	1	89	217.624439166007	0.147836904858813	0.51582129445829	1	0.624873035788492	0.114058345139977	0.0234903036507297	0.0240165521767151	15.5609638670952	FALSE
set2IT021	Polymyxin B sulfate 0.0005 mg/ml	6/24/2014 Keio_ML9_set2	117	446868	0	305248	304630	47	89	80.3985220374769	-0.0121952315202292	0.633691079328842	0.947532580105864	0.624873035788492	-0.00483850977992828	-0.00330089860008389	0.0458380052019587	3.88637580745495	FALSE
set2IT022	Polymyxin B sulfate 0.001 mg/ml	6/24/2014 Keio_ML9_set2	118	242972	0	165573	165300	25	89	43.6262866191607	-0.0538704976992895	0.786454073873676	1.16992500144231	0.624873035788492	-0.00803782128814046	0.0201327021111551	0.0241781766743763	3.26327637556922	FALSE
set2IT023	Chloride 750 mM	6/24/2014 Keio_ML9_set2	119	918698	0	626346	625683	105	89	165.131433095804	0.219245901878281	0.236787036180324	0.660087593213886	0.624873035788492	0.159206428996228	0.0500260736658645	0.0581285559849854	2.39583848511886	TRUE
set2IT024	LB	6/24/2014 Keio_ML9_set2	120	1011975	0	690534	689781	118	89	182.04829770388	0.0828313653765792	0.224165368457764	0.656431447852055	0.624873035788492	0.0417881949663158	0.0547914891716284	0.0694582284063495	2.23199425362795	FALSE
set2IT025	Vancomycin 0.0625 mg/ml	6/24/2014 Keio_ML9_set2	121	1081352	0	842565	838130	16	89	221.200844550013	0.196492958979434	0.667402012722321	1.41503749927884	0.624873035788492	0.12223635473701	0.00776051827244836	-0.0110099614117912	11.6761244973845	FALSE
set2IT026	Cephalothin 0.01 mg/ml	6/24/2014 Keio_ML9_set2	122	1015134	0	702983	700983	88	89	185.004750593824	0.4282983053524	0.32811259823161	0.736965594166207	0.624873035788492	0.265109990470723	0.0217051367029058	-0.111583323302279	6.83009750914575	TRUE
set2IT027	Cephalothin 0.08 mg/ml	6/24/2014 Keio_ML9_set2	123	890796	0	768654	765842	1	89	202.122459751913	0.124654857884542	0.492857914953668	0.736965594166206	0.624873035788492	0.0838966285903426	0.015339686296462	0.0185398219825586	15.6821751579355	FALSE
set2IT028	Cephalothin 0.16 mg/ml	6/24/2014 Keio_ML9_set2	124	837195	0	743567	731842	1	89	193.149115861705	0.128851119995633	0.501635022086431	0.584962500721156	0.624873035788492	0.0737116594402424	0.0232768347556595	0.013181787288238	16.1517730534447	FALSE
set2IT029	A22 0.04 mg/ml	6/24/2014 Keio_ML9_set2	125	1014903	0	690447	689549	118	89	181.987067827923	0.118710250176502	0.227955435916566	0.643856189774724	0.624873035788492	0.0665555288359337	0.0238716538465308	-0.0250762099781214	2.27592387375471	TRUE
set2IT030	A22 0.08 mg/ml	6/24/2014 Keio_ML9_set2	126	994077	0	676827	676047	115	89	178.423594615994	0.114649518878393	0.232449372505372	0.65842855266997	0.624873035788492	0.0546491636283542	0.0431695464368712	0.0129115465774397	2.47323186549557	TRUE
set2IT031	Lomefloxacin 0.0004 mM	6/24/2014 Keio_ML9_set2	127	1000878	0	820390	819735	19	89	216.346001583531	0.182058310071991	0.350949002936423	0.736965594166206	0.624873035788492	0.0893674535585474	0.0422331672318321	-0.0119056454439121	12.4052347161477	FALSE
set2IT032	Neomycin 0.004 mg/ml	6/24/2014 Keio_ML9_set2	128	984104	0	670860	663396	20	89	175.084718923199	0.192985169752345	0.396543578907498	0.781884139226017	0.624873035788492	0.110285248023378	0.0562907534786693	0.0215465417644109	13.0066820744837	FALSE
set2IT033	Doxycycline hyclate 0.001 mg/ml	6/24/2014 Keio_ML9_set2	129	894374	0	674248	673573	72	89	177.770651887041	0.202215563850699	0.257673439486918	0.67173840970318	0.624873035788492	0.0651580647005061	0.0497227688684584	0.0461045375424712	9.90337174238601	TRUE
set2IT034	LB	6/24/2014 Keio_ML9_set2	130	1016790	0	693155	692422	119	89	182.745315386646	0.0599324298615964	0.24359405961944	0.664194071913947	0.624873035788492	0.0508877856681885	0.0628104239854297	0.0743419968073088	2.36691444323838	FALSE
set2IT037	Nickel (II) chloride 1 mM	6/30/2014 Keio_ML9_set2	133	947083	0	648265	647558	100	194	170.904724201636	0.273301009175541	0.213091620461628	0.666568150665389	0.643203091024412	0.154757120023879	0.0515885668986028	0.0323552651049982	4.59544993462703	TRUE
set2IT038	Cobalt chloride 0.32 mM	6/30/2014 Keio_ML9_set2	134	1051582	0	717101	716284	113	194	189.043019266297	0.197316401339746	0.202255882963935	0.648890468236208	0.643203091024412	0.0932301024496826	0.0357009524872515	0.00734315250821521	2.45527267967372	TRUE
set2IT039	copper (II) chloride 2 mM	6/30/2014 Keio_ML9_set2	135	1014859	0	692438	691747	118	194	182.567168118237	0.173452205971592	0.207012223249286	0.658963082164933	0.643203091024412	0.128855406164453	0.0201403532934235	0.0486728925599031	1.32384438784104	TRUE
set2IT040	sodium fluoride 100 mM	6/30/2014 Keio_ML9_set2	136	1055855	0	720136	719260	116	194	189.82845077857	0.240701131825786	0.194337672774886	0.672185572143646	0.643203091024412	0.135121486666198	0.0177040798463258	0.0778011721298823	2.29261493915502	TRUE
set2IT041	Thallium(I) acetate 0.0625 mg/ml	6/30/2014 Keio_ML9_set2	137	998243	0	681522	680682	114	194	179.646872525732	0.183808120815823	0.202770662187049	0.675082381353948	0.643203091024412	0.153813704449831	0.0092628275101397	0.0605579657883537	2.60398937053571	TRUE
set2IT042	Cisplatin 0.025 mg/ml	6/30/2014 Keio_ML9_set2	138	1043558	0	712557	711769	119	194	187.851411982053	0.262413780445918	0.208952863914277	0.659904932557066	0.643203091024412	0.142844243137879	0.0515479584183191	0.0746607585041309	1.71364736946526	TRUE
set2IT043	Cisplatin 0.05 mg/ml	6/30/2014 Keio_ML9_set2	139	1004486	0	686051	685352	112	194	180.87938770124	0.284194005421331	0.225676675102022	0.691463731874258	0.643203091024412	0.188979424027575	0.0751127000077843	0.0672051242145532	2.58192633613998	TRUE
set2IT044	Cisplatin 0.1 mg/ml	6/30/2014 Keio_ML9_set2	140	1023059	0	699800	698432	102	194	184.331485880179	0.256507771178151	0.434984979837093	0.830074998557688	0.643203091024412	0.126559248199744	0.0530091332328971	0.0777943053996473	4.76933636593688	TRUE
set2IT045	LB	6/30/2014 Keio_ML9_set2	141	1036557	0	707202	706428	122	194	186.441805225653	0.109018045416147	0.205029271460519	0.662965012722429	0.643203091024412	0.112524915667425	0.0345938500229235	0.0782714291630634	1.42180605173932	TRUE
set2IT046	Benzalkonium Chloride 0.004 mg/ml	6/30/2014 Keio_ML9_set2	142	1026136	0	703958	702728	98	194	185.465294272895	0.408437339175248	0.437121334921933	0.831124020174052	0.643203091024412	0.275423165383939	0.0048447216100125	0.134036060786719	6.35002461665068	TRUE
set2IT047	Aluminum chloride 5 mM	6/30/2014 Keio_ML9_set2	143	926698	0	640734	639406	98	194	168.753233043019	0.275748729367271	0.341683722681585	0.742095891058122	0.643203091024412	0.167780751198692	0.0150035802379333	0.0245926468205471	5.58578344952085	TRUE
set2IT048	benzoic 0.58 mg/ml	6/30/2014 Keio_ML9_set2	144	1017300	0	693021	692327	115	194	182.720242808129	0.169445438614469	0.208813222708921	0.662154062869653	0.643203091024412	0.126179741055328	0.00104683832016039	0.0622564042199931	1.44984981020694	TRUE
set2IT049	Bacitracin 0.5 mg/ml	6/30/2014 Keio_ML9_set2	145	1054691	0	719271	718386	119	194	189.597783056215	0.307472011154574	0.218400521441179	0.643460822529724	0.643203091024412	0.176371205636317	0.0146849176270353	0.0382506990217887	3.34650135699213	TRUE
set2IT050	Bacitracin 1 mg/ml	6/30/2014 Keio_ML9_set2	146	1021323	0	697030	694101	76	194	183.188440221694	0.369810417609889	0.313377509106149	0.702860515946265	0.643203091024412	0.173327667686955	0.0315467910688243	0.0278799188568379	9.84191939702376	TRUE
set2IT051	Fusidic 0.03 mg/ml	6/30/2014 Keio_ML9_set2	147	1058187	0	721121	720327	122	194	190.110055423595	0.16021511504676	0.195792111596449	0.6551042877348	0.643203091024412	0.127811213083663	-0.0169753310424751	0.0675103385976269	1.63114722801856	TRUE
set2IT052	Fusidic 0.1 mg/ml	6/30/2014 Keio_ML9_set2	148	962834	0	658740	657839	105	194	173.618105040908	0.208958591537068	0.214200207768613	0.672096335114962	0.643203091024412	0.135288611276396	0.0558895206637226	0.0801521327406707	3.12579039130266	TRUE
set2IT053	Dimethyl Sulfoxide 7.5 vol%	6/30/2014 Keio_ML9_set2	149	900009	0	613968	613304	100	194	161.86434415413	0.136963000603948	0.203556102467276	0.666620707059562	0.643203091024412	0.0631464035594174	0.0578925998831702	0.0472586408016614	1.70499168825403	TRUE
set2IT054	Dimethyl Sulfoxide 10 vol%	6/30/2014 Keio_ML9_set2	150	994495	0	679136	678426	105	194	179.051464766429	0.160356102168531	0.201699102944238	0.653063680325066	0.643203091024412	0.0753662838750171	-0.0113109375122116	0.0588051968707647	1.63236441101198	TRUE
set2IT055	LB	6/30/2014 Keio_ML9_set2	151	1040614	0	710113	709366	122	194	187.217207706519	0.0947032833339962	0.200861572945543	0.662965012722429	0.643203091024412	0.06436610583723	0.00759516493353756	0.0937959095902181	1.30984786022335	FALSE
set2IT056	Chloramphenicol 0.001 mg/ml	6/30/2014 Keio_ML9_set2	152	1002798	0	683597	682820	115	194	180.211137503299	0.35114651351948	0.223527057686111	0.65633454231562	0.643203091024412	0.232474759116941	-0.039013075219162	0.0718512025450942	4.65321458973061	TRUE
set2IT057	Chloramphenicol 0.0025 mg/ml	6/30/2014 Keio_ML9_set2	153	1006857	0	685963	684946	99	194	180.772235418316	0.321262693468624	0.231060870966278	0.69690581092045	0.643203091024412	0.19219983159215	-0.0453544652957355	0.106717417994174	7.36689301500351	TRUE
set2IT058	Chloramphenicol 0.005 mg/ml	6/30/2014 Keio_ML9_set2	154	995578	0	685395	684531	105	194	180.66270783848	0.100022362758651	0.267421074714064	0.694150842840162	0.643203091024412	0.0730119505231018	-0.0237251329229395	0.0583254266278677	5.84820266210758	TRUE
set2IT059	Tetracycline 0.0004 mg/ml	6/30/2014 Keio_ML9_set2	155	1035238	0	707362	706442	120	194	186.445500131961	0.249619100620386	0.206820369142374	0.657684511840266	0.643203091024412	0.155841947352335	0.0142186479288068	-0.00746211391707091	3.42799712125556	TRUE
set2IT060	Tetracycline 0.0008 mg/ml	6/30/2014 Keio_ML9_set2	156	1045451	0	730507	729214	105	194	192.455529163368	0.266612496587148	0.219268598167495	0.678071905112637	0.643203091024412	0.153543918701742	-0.0170145955862264	0.00909237524350306	6.65980340797823	TRUE
set2IT061	Tetracycline 0.0016 mg/ml	6/30/2014 Keio_ML9_set2	157	1038735	0	745033	744083	100	194	196.379783584059	0.0942978986414404	0.232552280449236	0.682893018640408	0.643203091024412	0.0696666970922923	-0.0276076775421055	0.0317803202068298	7.76552141880495	FALSE
set2IT062	Spectinomycin 0.00625 mg/ml	6/30/2014 Keio_ML9_set2	158	1113398	0	759552	758702	126	194	200.23805753497	0.341505455837071	0.206761739345727	0.660157291993634	0.643203091024412	0.166336784782237	0.0539305355869507	0.0442217924789613	4.47634279679341	TRUE
set2IT063	Spectinomycin 0.0125 mg/ml	6/30/2014 Keio_ML9_set2	159	1056601	0	722395	721561	102	194	190.435735022433	0.361525975419129	0.233774891656346	0.68684211474037	0.643203091024412	0.197823165543533	0.00755301567061431	0.0304840231589512	7.882186287241	TRUE
set2IT064	Carbenicillin 0.004 mg/ml	6/30/2014 Keio_ML9_set2	160	916146	0	624550	623838	107	194	164.64449722882	0.187499800155601	0.209753710304157	0.664266210272969	0.643203091024412	0.140218701280803	0.00508855198272665	0.0193626455333311	1.7593992699413	TRUE
set2IT065	Carbenicillin 0.008 mg/ml	6/30/2014 Keio_ML9_set2	161	1030757	0	707563	706400	96	194	186.434415413038	0.330785247308059	0.226221376422365	0.685224099383537	0.643203091024412	0.242239774347899	-0.00544882149508686	-0.00230670049831334	5.84538431413149	TRUE
set2IT066	Carbenicillin 0.016 mg/ml	6/30/2014 Keio_ML9_set2	162	1029556	0	700723	700603	7	194	184.904460279757	0.135548174063151	0.422275385887706	0.780939443804057	0.643203091024412	0.176232885185232	0.0242099722945836	0.0288183374858549	13.6513010770499	FALSE
set2IT067	Gentamicin 0.004 mg/ml	6/30/2014 Keio_ML9_set2	163	1018699	0	702235	701418	112	194	185.119556611243	0.658807875094694	0.441211045937217	0.767582900540346	0.643203091024412	0.499881219498243	0.265201175665729	0.565731115564323	2.54862295263453	FALSE
set2IT068	Gentamicin 0.008 mg/ml	6/30/2014 Keio_ML9_set2	164	712491	0	539078	535192	2	194	141.248878332014	0.106481050879983	0.499959079952969	1	0.643203091024412	0.157396831037644	0.0211423446711088	0.0668561788497459	12.6445691969429	FALSE
set2IT069	LB	6/30/2014 Keio_ML9_set2	165	899044	0	613210	612532	106	194	161.660596463447	0.117849604719277	0.207259144735484	0.675160309692735	0.643203091024412	0.0702058280101486	0.0325971975115147	0.0727197562209044	1.62627623821838	TRUE
set2IT070	methylglyoxal 0.008 vol%	6/30/2014 Keio_ML9_set2	166	901272	0	614549	613848	93	194	162.007917656374	0.285107063872495	0.222416998771893	0.683526335204745	0.643203091024412	0.144217380608134	0.0537270878140298	0.00309851506015026	4.91568619454963	TRUE
set2IT071	2-Furfuraldehyde 0.125 vol%	6/30/2014 Keio_ML9_set2	167	950848	0	648825	648080	111	194	171.042491422539	0.152988546715953	0.200582283378273	0.672096335114962	0.643203091024412	0.0934976476581165	0.045302482863825	0.025745676832808	1.68070947294581	TRUE
set2IT072	2-Furfuraldehyde 0.25 vol%	6/30/2014 Keio_ML9_set2	168	940253	0	642127	641039	98	194	169.184217471628	0.335512272147551	0.22634431905312	0.670141620609087	0.643203091024412	0.205613382712694	0.0331587671450195	-0.00596819489922874	4.16741698284395	TRUE
set2IT073	5-Hydroxymethylfurfural 10 mM	6/30/2014 Keio_ML9_set2	169	888880	0	606798	606126	104	194	159.96991290578	0.0919896429821147	0.210913185154027	0.665652236807217	0.643203091024412	0.0562100621935311	0.0529571557722474	0.0718961585366685	1.15130398185123	FALSE
set2IT074	5-Hydroxymethylfurfural 20 mM	6/30/2014 Keio_ML9_set2	170	771945	0	526950	526335	90	194	138.911322248614	0.162932831633593	0.221123966450761	0.658963082164933	0.643203091024412	0.171430345264535	0.00300533992107008	0.0834517427873594	1.61672177775268	TRUE
set2IT075	Vanillin 5 mM	6/30/2014 Keio_ML9_set2	171	896413	0	610470	609846	102	194	160.95170229612	0.163651996981659	0.208114782337382	0.666711866862596	0.643203091024412	0.156791375655163	0.00151323464305171	0.0425904584285277	1.36974582352529	TRUE
set2IT076	syringaldehyde 5 mM	6/30/2014 Keio_ML9_set2	172	968851	0	660197	659522	114	194	174.062285563473	0.185156634735972	0.203917462533544	0.667790548580342	0.643203091024412	0.162273746542177	0.0689400124939877	0.0479286058948996	1.20930703583007	TRUE
set2IT077	syringaldehyde 10 mM	6/30/2014 Keio_ML9_set2	173	928215	0	632923	632307	105	194	166.87965162312	0.205117691168171	0.217746015730264	0.667000463593968	0.643203091024412	0.192825868006773	0.00782775808219318	0.0503047449625217	1.67239903677456	TRUE
set2IT078	Dimethyl Sulfoxide 10 vol%	6/30/2014 Keio_ML9_set2	174	956014	0	652333	651659	106	194	171.987067827923	0.164350602283437	0.203402475260754	0.645642898612781	0.643203091024412	0.142539312193597	0.057086951728421	0.0557030440350189	1.30194928000038	TRUE
set2IT079	LB	6/30/2014 Keio_ML9_set2	175	1182339	0	806448	805616	139	194	212.619688572183	0.0756471357915382	0.203676556811923	0.656257032239744	0.643203091024412	0.10957320939271	-0.00863367245853856	0.0811330031859081	1.15580604231208	FALSE
set2IT080	Cholin acetate 75 mM	6/30/2014 Keio_ML9_set2	176	894526	0	610506	609819	103	194	160.944576405384	0.192119187234016	0.204457195366553	0.648426095608603	0.643203091024412	0.160448162281736	-0.0375215911270186	0.0850187396723189	1.80407889171768	TRUE
set2IT081	Cholin acetate 150 mM	6/30/2014 Keio_ML9_set2	177	886731	0	605510	604798	98	194	159.619424650304	0.147964555144787	0.216796190014094	0.656655503614206	0.643203091024412	0.110182345702393	0.00272513021529566	0.0890911525743831	2.34417046762195	TRUE
set2IT082	acetate 70 mM	6/30/2014 Keio_ML9_set2	178	885609	0	603838	603169	99	194	159.189495909211	0.177401024042782	0.207576263715441	0.665576780050182	0.643203091024412	0.0875253925913702	-0.00320396077943825	0.0727407202036569	2.19447261506342	TRUE
set2IT083	acetate 140 mM	6/30/2014 Keio_ML9_set2	179	1040257	0	709997	709154	114	194	187.161256268145	0.125829808250829	0.202232607752891	0.661131783177594	0.643203091024412	0.103159640120894	-0.0159616638235347	0.0859487386684215	2.04749104139358	TRUE
set2IT084	1-ethyl-3-methylimidazolium lysine 10 mM	6/30/2014 Keio_ML9_set2	180	1001605	0	799783	799416	30	194	210.983372921615	0.0699007191931604	0.371086786117346	0.754887502163468	0.643203091024412	0.0218831434991318	0.0387282208082613	0.0397896900736216	13.4272980789384	FALSE
set2IT085	1-ethyl-3-methylimidazolium acetate 30 mM	6/30/2014 Keio_ML9_set2	181	921780	0	630733	630045	103	194	166.282660332542	0.281455507743717	0.21647743061612	0.666843631868067	0.643203091024412	0.141811024214737	0.0346638425482715	0.124733945798788	2.68042287849912	TRUE
set2IT086	1-ethyl-3-methylimidazolium acetate 60 mM	6/30/2014 Keio_ML9_set2	182	938041	0	640718	640020	105	194	168.915281076801	0.237468374300085	0.207317911041837	0.653839697977989	0.643203091024412	0.167572397112436	0.0230365122799181	0.136636705540229	1.72199679463306	TRUE
set2IT087	1-ethyl-3-methylimidazolium chloride 40 mM	6/30/2014 Keio_ML9_set2	183	982761	0	674082	673275	112	194	177.692003167063	0.356159343798012	0.224488804490977	0.666843631868067	0.643203091024412	0.201523863678432	0.00505517391137515	0.132912345516108	4.45892148106659	TRUE
set2IT088	1-ethyl-3-methylimidazolium chloride 80 mM	6/30/2014 Keio_ML9_set2	184	795707	0	543671	542906	90	194	143.284771707575	0.373636194609047	0.237120987893198	0.670809363283049	0.643203091024412	0.193312382801066	0.0283968140596787	0.168647610798197	6.45073673309208	TRUE
set2IT089	L-Lysine 200 mM	6/30/2014 Keio_ML9_set2	185	783169	0	534101	533546	91	194	140.814462918976	0.11953959893291	0.221117270087469	0.653659120628966	0.643203091024412	0.133783938247681	0.0300342668887904	0.102910554374683	1.41495875742849	TRUE
set2IT090	LB	6/30/2014 Keio_ML9_set2	186	846480	0	577796	577173	99	194	152.328582739509	0.0898680615781167	0.2063977136757	0.678071905112637	0.643203091024412	0.0706210437370824	0.00384017934662292	0.0828975823624834	1.43673832552956	FALSE
set2IT091	Time0	6/30/2014 Keio_ML9_set2	187	965764	0	659286	658330	100	95	173.747690683558	-0.0210554866157896	0.230506126459476	0.641546029087524	0.65842855266997	0.00201775069668044	0.0462291289778243	-0.0414438136190432	2.07918664782738	FALSE
set2IT092	Time0	6/30/2014 Keio_ML9_set2	188	920883	0	629206	628379	95	100	165.842966481921	-0.0210554866157896	0.230506126459476	0.65842855266997	0.641546029087524	0.00201775069668044	0.0462291289778243	0.0414438136190432	2.34154182632677	FALSE
set2IT093	D-Galacturonic Acid (C) MOPS	6/30/2014 Keio_ML9_set2	189	977582	0	663380	662557	109	194	174.863288466614	0.278256205738238	0.206489208918317	0.652076696579693	0.643203091024412	0.229604650190479	0.123250116350869	-0.107636355920862	1.93534867653763	TRUE
set2IT094	D-Glucose (C) MOPS	6/30/2014 Keio_ML9_set2	190	944009	0	640776	640008	103	194	168.912114014252	0.221714528225439	0.205328471000629	0.660219046065356	0.643203091024412	0.182534224983771	0.0546065510354691	-0.110478280244465	1.50972957863739	TRUE
set2IT095	D-Galacturonic Acid (C) M9	6/30/2014 Keio_ML9_set2	191	960419	0	652151	651328	105	194	171.899709685933	0.295122252446724	0.20983647424197	0.662398138413928	0.643203091024412	0.242998703380682	0.0953625171050605	-0.112085340499061	2.22921113174795	TRUE
set2IT096	D-Glucose (C) M9	6/30/2014 Keio_ML9_set2	192	958684	0	652013	651145	108	194	171.851411982053	0.244544169927605	0.20505691043719	0.661198086548241	0.643203091024412	0.154335407821339	0.0592328256787711	-0.102700120144439	1.5715393962102	TRUE
set6IT049	Nalidixic 0.006 mg/ml	2/2/2015 Keio_ML9_set6	193	7795550	0	5503561	5494640	577	2381	1450.15571390868	0.492089915744293	0.137556044648549	0.661340723368995	0.636269254523903	0.308959575985067	0.176375033501847	0.138758495668041	8.23279534603638	TRUE
set6IT050	Benzethonium chloride 0.0125 mM	2/2/2015 Keio_ML9_set6	194	7150097	0	4956826	4950949	763	2381	1306.663763526	0.278039596677929	0.962909122122156	1.10102616085944	0.636269254523903	0.240971745674982	0.0519667854240276	0.250750865676276	6.34104125464158	FALSE
set6IT051	Phosphomycin 0.0005 mg/ml	2/2/2015 Keio_ML9_set6	195	6011825	0	4503598	4490123	261	2381	1185.0416996569	0.446470852985048	0.149090831589685	0.666096972531715	0.636269254523903	0.383402107152872	0.327029009853762	-0.0888074103823881	10.9481132167832	FALSE
set6IT052	Phosphomycin 0.001 mg/ml	2/2/2015 Keio_ML9_set6	196	6225086	0	4626501	4605556	168	2381	1215.5069939298	0.335361166423284	0.165880481715877	0.690972852290535	0.636269254523903	0.239700727168839	0.177261311387644	-0.0137422134930093	11.3080615034501	TRUE
set6IT053	Phosphomycin 0.002 mg/ml	2/2/2015 Keio_ML9_set6	197	4269401	0	3205005	3184326	102	2381	840.413301662708	0.448462086487719	0.201338356005539	0.69452114537295	0.636269254523903	0.363294167571136	0.297084305506711	-0.103728395385768	10.8524894186918	FALSE
set6IT054	D-Cycloserine 0.1 mg/ml	2/2/2015 Keio_ML9_set6	198	4548790	0	3110223	3107719	534	2381	820.195038268672	0.350380896107574	0.11734236185065	0.65538426403244	0.636269254523903	0.174540691459382	0.0771522001650951	0.154697634167324	0.808700363884673	TRUE
set6IT055	LB	2/2/2015 Keio_ML9_set6	199	3717914	0	2545905	2543966	438	2381	671.408287147004	0.282181380047044	0.122087858375127	0.663855223740684	0.636269254523903	0.26169453752808	0.0741624456590555	0.262574608009609	0.694517142491034	FALSE
set6IT056	LB pH5	2/2/2015 Keio_ML9_set6	200	3331392	0	2280890	2279196	386	2381	601.529691211401	0.364583626442239	0.130229748112787	0.6487483713335	0.636269254523903	0.283791609782992	0.0650596530676917	0.201130364120051	0.979914052995483	FALSE
set6IT057	LB pH5	2/2/2015 Keio_ML9_set6	201	3087357	0	2114333	2112822	352	2381	557.619952494062	0.387087062461627	0.127515467416186	0.651985989566629	0.636269254523903	0.271737435662588	0.0189218851055654	0.231118149899599	1.08327981388343	FALSE
set6IT058	LB pH5	2/2/2015 Keio_ML9_set6	202	3256203	0	2228931	2227298	368	2381	587.832673528635	0.351134790890174	0.130512025534716	0.674400774826194	0.636269254523903	0.3024548014306	0.027836813346578	0.233353566450377	1.32078962403908	FALSE
set6IT059	LB pH6	2/2/2015 Keio_ML9_set6	203	3992236	0	2736121	2734097	462	2381	721.588017946688	0.289816094672324	0.122554623981862	0.655771239586585	0.636269254523903	0.281487049222592	0.0435676309071223	0.267327972880568	0.829649404358247	FALSE
set6IT060	LB pH6	2/2/2015 Keio_ML9_set6	204	3027708	0	2073025	2071551	354	2381	546.727632620744	0.287729730600407	0.130383171143298	0.64730004949508	0.636269254523903	0.268642188300999	0.0812656100206068	0.275070213247329	0.898294133643679	FALSE
set6IT061	LB pH6	2/2/2015 Keio_ML9_set6	205	5730443	0	3923947	3921081	664	2381	1034.85906571655	0.327336025418939	0.111752000411194	0.644632973703487	0.636269254523903	0.276685154281472	0.0629334490623996	0.277209445360785	1.0957910160957	FALSE
set6IT062	LB pH7	2/2/2015 Keio_ML9_set6	206	7612591	0	5210651	5206937	902	2381	1374.22459751913	0.323261812588143	0.114978325880006	0.649400079332588	0.636269254523903	0.263555490629566	0.10312697459052	0.312653704680378	0.667913135943669	FALSE
set6IT063	LB pH7	2/2/2015 Keio_ML9_set6	207	6823739	0	4672583	4669119	802	2381	1232.28266033254	0.330660353534162	0.106652409623358	0.653490640466281	0.636269254523903	0.266310911173424	0.0714714616695945	0.313942278212145	0.602718166521981	FALSE
set6IT064	LB pH7	2/2/2015 Keio_ML9_set6	208	5595612	0	3833660	3830797	660	2381	1011.03114278174	0.295180314436263	0.114325856468132	0.650745651172826	0.636269254523903	0.275376279086334	0.115450179264275	0.338634415081982	0.719072076166771	FALSE
set6IT065	LB pH8	2/2/2015 Keio_ML9_set6	209	3911657	0	2677468	2675514	467	2381	706.126682501979	0.302261388228163	0.12263845573855	0.660228811376087	0.636269254523903	0.242282794777698	0.0910199582080398	0.265578684970217	0.793146784740784	FALSE
set6IT066	LB pH8	2/2/2015 Keio_ML9_set6	210	4170515	0	2854237	2852186	493	2381	752.754288730536	0.302719270987701	0.123671419345988	0.635873318460043	0.636269254523903	0.243914347051459	0.0596610370249312	0.294912523345968	0.954542853299456	FALSE
set6IT067	LB pH8	2/2/2015 Keio_ML9_set6	211	3298487	0	2258435	2256815	392	2381	595.622855634732	0.26336165049618	0.132032654693429	0.664817943830566	0.636269254523903	0.292488781518787	0.0721928947511378	0.290271011242125	1.13729408741093	FALSE
set6IT068	outer cut, LB soft agar motility assay	2/2/2015 Keio_ML9_set6	212	2015263	0	1280820	1280009	180	2381	337.82238057535	0.362741752848615	0.345520559227809	0.760625961296504	0.636269254523903	0.246933002314061	0.00333961221264904	0.0835423717650977	8.01088940554066	TRUE
set6IT069	outer cut, LB soft agar motility assay	2/2/2015 Keio_ML9_set6	213	2016156	0	1086898	1085423	135	2381	286.46687780417	0.330858194171965	0.457036742275046	0.807354922057605	0.636269254523903	0.30315080732768	0.0424123019452987	0.0561142246040727	8.82854823296347	TRUE
set6IT070	outer cut, LB soft agar motility assay	2/2/2015 Keio_ML9_set6	214	2341092	0	1458447	1457269	219	2381	384.605172868831	0.235389202172497	0.347050343874767	0.760640571837355	0.636269254523903	0.200247212663419	0.0530434999255459	0.0806684830038805	7.48373302271194	TRUE
set6IT071	outer cut, LB soft agar motility assay	2/2/2015 Keio_ML9_set6	215	2848611	0	1724381	1723291	219	2381	454.814198997097	0.210357534867683	0.5455697740838	1.10460288883434	0.636269254523903	0.203307419939025	0.018734014910454	0.0862945604701683	8.05867348216102	FALSE
set6IT072	inner cut, LB soft agar motility assay	2/2/2015 Keio_ML9_set6	216	2690364	0	1830027	1828736	299	2381	482.643441541304	0.242591366900477	0.307112870804765	0.800556699836156	0.636269254523903	0.186004989977943	0.0204569882373381	0.153636374698956	4.0815801382073	TRUE
set6IT073	inner cut, LB soft agar motility assay	2/2/2015 Keio_ML9_set6	217	4803299	0	3279344	3276556	533	2381	864.754816574294	0.283292875374444	0.301308164778793	0.731445683210526	0.636269254523903	0.240016280025824	0.0303242642653887	0.135117060934749	4.6090085272474	TRUE
set6IT074	inner cut, LB soft agar motility assay	2/2/2015 Keio_ML9_set6	218	4050055	0	2753550	2751660	456	2381	726.223277909739	0.221952556787925	0.311279139251434	0.782279677480237	0.636269254523903	0.244085926800943	0.0306048691469808	0.133810383813527	4.38448894890189	TRUE
set6IT075	inner cut, LB soft agar motility assay	2/2/2015 Keio_ML9_set6	219	3363608	0	2286637	2285270	370	2381	603.132752705199	0.210718100608012	0.383714138938487	0.854615098657199	0.636269254523903	0.187951139639012	0.0739426330346429	0.127083860056619	5.19684408855932	TRUE
set6IT076	Time0	2/2/2015 Keio_ML9_set6	220	6457170	0	4415819	4411808	686	1686	1164.37265769332	-0.0265675902350927	0.0963013595028617	0.642843416801656	0.640699722011655	0.0182126238722042	-0.0131558558994216	-0.00621112195837743	0.753842443544604	FALSE
set6IT077	Time0	2/2/2015 Keio_ML9_set6	221	2754139	0	1886533	1884886	294	2083	497.462655054104	0.00380020382374506	0.114267833401607	0.643733300962776	0.642147010316115	-0.0107429678427511	-0.0160751372449865	0.0168605348664035	0.997971517601102	FALSE
set6IT078	Time0	2/2/2015 Keio_ML9_set6	222	3632608	0	2484043	2481793	385	1991	654.999472156242	0.000510530249690677	0.108085812539645	0.647936343834239	0.639349219622003	-0.0486350583438007	-0.00666581303061013	0.0261642658145673	0.943173884421465	FALSE
set6IT079	Time0	2/2/2015 Keio_ML9_set6	223	4031864	0	2759705	2757197	429	1946	727.684613354447	-0.0241370577068987	0.106887716527103	0.642977785288482	0.636883030884438	-0.0099146349373205	-0.010824820900694	-0.0458735703083426	0.660041679140547	FALSE
set6IT080	Time0	2/2/2015 Keio_ML9_set6	224	2844922	0	1944801	1942982	304	2075	512.795460543679	0.0111498917555481	0.117902270739262	0.65131851906188	0.64388156059643	-0.00391301801448075	0.0203523520990965	0.01485004953595	0.897046215925243	FALSE
set6IT081	Time0	2/2/2015 Keio_ML9_set6	225	2593998	0	1775307	1773722	278	2101	468.124043283188	-0.0387934745913437	0.117940092548292	0.640687089412335	0.640938745149308	-0.0131832236313047	0.0279483829716165	-0.00192635991677726	1.0289559346949	FALSE
