7
KC556923.1|KC556923.1_10|ATPase|443   0.0000000 2.6628349 2.9091885 2.9419148 3.0074757 1.1749589 2.9578086 
KC556924.1|KC556924.1_1|ATPase|315    2.6628349 0.0000000 1.3866308 1.4483718 2.1109288 3.4443204 1.4453942 
KC556925.1|KC556925.1_1|ATPase|311    2.9091885 1.3866308 0.0000000 1.3886359 2.1974416 3.3244343 1.3535315 
KC556926.1|KC556926.1_1|ATPase|349    2.9419148 1.4483718 1.3886359 0.0000000 1.4908420 3.4361974 0.0855682 
NC_011132.1|NC_011132.1_3|ATPase|289  3.0074757 2.1109288 2.1974416 1.4908420 0.0000000 3.6417313 1.5693123 
NC_015230.1|NC_015230.1_15|ATPase|294 1.1749589 3.4443204 3.3244343 3.4361974 3.6417313 0.0000000 3.5713879 
OL828819.1|OL828819.1_14|ATPase|348   2.9578086 1.4453942 1.3535315 0.0855682 1.5693123 3.5713879 0.0000000 
