7
KC556923.1|KC556923.1_7|MCP|749    0.0000000 3.1415042 3.2163599 3.4159815 3.0755210 1.5424569 3.3219910 
KC556924.1|KC556924.1_22|MCP|553   3.1415042 0.0000000 1.9282103 1.7153568 2.3129013 3.4527086 1.6218130 
KC556925.1|KC556925.1_13|MCP|472   3.2163599 1.9282103 0.0000000 2.0940956 2.4651742 3.9556025 2.1121225 
KC556926.1|KC556926.1_19|MCP|668   3.4159815 1.7153568 2.0940956 0.0000000 2.1818322 3.6545685 0.1880010 
NC_011132.1|NC_011132.1_21|MCP|567 3.0755210 2.3129013 2.4651742 2.1818322 0.0000000 3.4925028 2.2149840 
NC_015230.1|NC_015230.1_18|MCP|765 1.5424569 3.4527086 3.9556025 3.6545685 3.4925028 0.0000000 3.8082185 
OL828819.1|OL828819.1_19|MCP|670   3.3219910 1.6218130 2.1121225 0.1880010 2.2149840 3.8082185 0.0000000 
