7
KC556923.1|KC556923.1_8|Penton|121    0.0000000 2.1673486 1.9634259 2.2432402 2.5052815 1.0066990 2.4439713 
KC556924.1|KC556924.1_24|Penton|303   2.1673486 0.0000000 1.7559453 1.5168654 1.9027463 2.7060874 1.5608898 
KC556925.1|KC556925.1_12|Penton|243   1.9634259 1.7559453 0.0000000 1.4828732 2.2659278 2.5370970 1.6467389 
KC556926.1|KC556926.1_18|Penton|350   2.2432402 1.5168654 1.4828732 0.0000000 2.0234051 2.6502083 0.3250563 
NC_011132.1|NC_011132.1_20|Penton|171 2.5052815 1.9027463 2.2659278 2.0234051 0.0000000 2.8413484 2.0552628 
NC_015230.1|NC_015230.1_17|Penton|82  1.0066990 2.7060874 2.5370970 2.6502083 2.8413484 0.0000000 2.7505950 
OL828819.1|OL828819.1_20|Penton|344   2.4439713 1.5608898 1.6467389 0.3250563 2.0552628 2.7505950 0.0000000 
