7
KC556923.1|KC556923.1_9|PRO|162    0.0000000 3.3494035 3.2058871 2.9747462 2.6146394 0.8089892 3.5439110 
KC556924.1|KC556924.1_21|PRO|188   3.3494035 0.0000000 2.4253950 2.4516567 2.4424278 3.2153125 2.3654437 
KC556925.1|KC556925.1_11|PRO|191   3.2058871 2.4253950 0.0000000 1.4064866 2.7802770 3.3509899 1.5492758 
KC556926.1|KC556926.1_5|PRO|179    2.9747462 2.4516567 1.4064866 0.0000000 3.1611550 3.4242631 0.2595109 
NC_011132.1|NC_011132.1_9|PRO|218  2.6146394 2.4424278 2.7802770 3.1611550 0.0000000 2.6232781 2.9388391 
NC_015230.1|NC_015230.1_16|PRO|170 0.8089892 3.2153125 3.3509899 3.4242631 2.6232781 0.0000000 3.5988020 
OL828819.1|OL828819.1_7|PRO|185    3.5439110 2.3654437 1.5492758 0.2595109 2.9388391 3.5988020 0.0000000 
