name	short	t0set	num	nMapped	nPastEnd	nGenic	nUsed	gMed	gMedt0	gMean	cor12	mad12	mad12c	mad12c_t0	opcor	adjcor	gccor	maxFit	u
set1IT001	D-Glucose (C)	4/28/2014 pseudo5_N2-C3_1_ML2_set1	1	1907145	12644	1120133	1117222	142	419	215.139996148662	0.147521246346042	0.19366062679012	0.950327708548065	0.932885804141463	0.127583923680222	0.0306874943742754	-0.00960310901939042	1.53712128866613	TRUE
set1IT002	D-Fructose (C)	4/28/2014 pseudo5_N2-C3_1_ML2_set1	2	2383302	9863	1405433	1401938	178	419	269.966878490275	0.243494252097686	0.187609991713552	0.954901095514211	0.932885804141463	0.205765028142324	0.0196123753223269	0.00308837154183956	3.17886988901281	TRUE
set1IT003	Sucrose (C)	4/28/2014 pseudo5_N2-C3_1_ML2_set1	3	2098687	10066	1252051	1248468	139	419	240.413633737724	0.238332176365862	0.226833460925615	0.949074301787429	0.932885804141463	0.228091997074216	0.0177625720534086	-0.0329503956882445	6.46753718381434	TRUE
set1IT004	L-Arabinose (C)	4/28/2014 pseudo5_N2-C3_1_ML2_set1	4	2085976	14197	1224010	1220573	155	419	235.041979587907	0.213763765096545	0.190654145535377	0.94280840172183	0.932885804141463	0.156172001377165	0.00486596366794397	-0.00388833038480468	1.17132512010731	TRUE
set1IT005	D-Xylose (C)	4/28/2014 pseudo5_N2-C3_1_ML2_set1	5	2047018	13017	1204991	1201831	145	419	231.432890429424	0.276917577899953	0.194577357589044	0.959358015502655	0.932885804141463	0.201000803671726	0.0100177392576026	0.0020927181362536	3.64222609404804	TRUE
set1IT006	D-Galactose (C)	4/28/2014 pseudo5_N2-C3_1_ML2_set1	6	2365158	12927	1392780	1389157	178	419	267.505680724052	0.192730543670179	0.183294222957036	0.932962897577261	0.932885804141463	0.187469125705748	-0.00747035871213819	0.00215748628997702	2.77991345548757	TRUE
set1IT007	D-Ribose (C)	4/28/2014 pseudo5_N2-C3_1_ML2_set1	7	2325692	8375	1371462	1367896	173	419	263.411515501637	0.176409837485037	0.191569838659402	0.940998169905235	0.932885804141463	0.155822428059077	0.0244587838646788	-0.00149192194338016	2.50886267597205	TRUE
set1IT008	a-Ketoglutaric (C)	4/28/2014 pseudo5_N2-C3_1_ML2_set1	8	2706321	15549	1592270	1588198	204	419	305.834392451377	0.138621333125202	0.177072503987053	0.924972052146895	0.932885804141463	0.153836212317923	0.0256615596562851	-0.00665846368787841	1.4407774988096	TRUE
set1IT009	Time0	4/28/2014 pseudo5_N2-C3_1_ML2_set1	9	2144904	16517	1251065	1248626	153	268	240.44405931061	-0.00120599798210714	0.187667776076425	0.932086527028725	0.932491446039586	-0.0609626925403437	-0.0291970134952764	-0.0113721262684649	1.6383519060969	FALSE
set1IT010	Time0	4/28/2014 pseudo5_N2-C3_1_ML2_set1	10	2452197	18639	1430510	1427553	174	246	274.899480069324	0.00413698339870289	0.182976912844442	0.935973785712885	0.919829651316016	-0.0290646666557523	0.0199260071592116	0.0134033972358247	1.58057744204522	FALSE
set1IT011	Time0	4/28/2014 pseudo5_N2-C3_1_ML2_set1	11	1315061	9996	766953	765790	94	326	147.465819372232	0.0157445233390294	0.215504628286366	0.938599455335857	0.938101459098995	-0.0275796877826068	0.00601355813552981	5.63541687667905e-05	1.52058164698064	FALSE
set1IT012	D-Gluconic Acid (C)	4/28/2014 pseudo5_N2-C3_1_ML2_set1	12	2562864	18490	1504038	1500531	188	419	288.952628538417	0.166007128288803	0.179336521446011	0.942348505295385	0.932885804141463	0.122514464547748	0.015687485358749	-0.0262264300129632	2.56217566201605	TRUE
set1IT013	acetate (C)	4/28/2014 pseudo5_N2-C3_1_ML2_set1	13	2643363	3825	1565658	1562284	195	419	300.844213364144	0.39083858079451	0.179864576047995	0.944821476186889	0.932885804141463	0.309724532585243	0.0437332454189479	0.0249982535078112	2.49806485269326	TRUE
set1IT014	Fumarate (C)	4/28/2014 pseudo5_N2-C3_1_ML2_set1	14	2379372	14633	1402693	1399040	177	419	269.408819564799	0.261729874301435	0.182874404974562	0.939446604605795	0.932885804141463	0.262890469936275	0.101237299588393	-0.0621420790844264	2.79842738795712	TRUE
set1IT015	Trisodium citrate (C)	4/28/2014 pseudo5_N2-C3_1_ML2_set1	15	2322004	291	2160353	2160231	4	419	415.989023685731	0.107506679499872	0.412096483175266	1	0.932885804141463	0.12542814590819	-0.0065224947454169	-0.0603527930948116	13.0778840193999	FALSE
set1IT016	D-Lactate (C)	4/28/2014 pseudo5_N2-C3_1_ML2_set1	16	2345941	15015	1379068	1376286	172	419	265.027151935298	0.29286067789184	0.178911052715219	0.950232163224543	0.932885804141463	0.236008436895463	-0.0116882984629547	0.0162628551258976	1.42832988120016	TRUE
set1IT017	L-Lactate (C)	4/28/2014 pseudo5_N2-C3_1_ML2_set1	17	1934438	12129	1136272	1133945	144	419	218.360292701714	0.166364515807997	0.190565514421396	0.934703165850748	0.932885804141463	0.154440605730757	0.0341711370665327	-0.0107004405913001	1.19378471539353	TRUE
set1IT018	D,L-Lactate (C)	4/28/2014 pseudo5_N2-C3_1_ML2_set1	18	1720252	2125	1014932	1013149	129	419	195.09897939534	0.180553658071149	0.196416394038775	0.955876712897785	0.932885804141463	0.185379874913383	0.00441491963330679	-0.00468847540044673	1.14328764220971	TRUE
set1IT019	pyruvate (C)	4/28/2014 pseudo5_N2-C3_1_ML2_set1	19	2078857	2438	1228724	1226319	157	419	236.14846909301	0.167829860422495	0.180961701211976	0.927999964612243	0.932885804141463	0.183274586761268	-0.00948116627388208	0.00513937643387741	1.1984872073604	TRUE
set1IT020	succinate (C)	4/28/2014 pseudo5_N2-C3_1_ML2_set1	20	2253063	14731	1326003	1323150	170	419	254.794916233391	0.155554576328844	0.176007195846032	0.952162323632423	0.932885804141463	0.182678759379826	-0.000479124293590083	-0.0129093741473182	1.34603133050617	TRUE
set1IT021	D-Glucose (C)	4/28/2014 pseudo5_N2-C3_1_ML2_set1	21	2020177	13317	1186833	1184334	153	419	228.063547082611	0.14248563078989	0.185541099937185	0.931122802743167	0.932885804141463	0.141897240756046	-0.000740309847737327	-0.00817052460965071	1.03729117514442	TRUE
set1IT022	D-Fructose (C)	4/28/2014 pseudo5_N2-C3_1_ML2_set1	22	2114134	9140	1247556	1244930	158	419	239.732331985365	0.216740923037914	0.18192694859906	0.932357150749942	0.932885804141463	0.179715674896781	0.0214307440816714	-0.00226519114170316	2.81546241776709	TRUE
set1IT023	Sucrose (C)	4/28/2014 pseudo5_N2-C3_1_ML2_set1	23	1886462	6275	1114076	1111635	141	419	214.064124783362	0.190959915173496	0.194116488467515	0.925999418556223	0.932885804141463	0.174895979833168	0.0589945073405407	-0.037520198695671	2.19782090150796	TRUE
set1IT024	L-Arabinose (C)	4/28/2014 pseudo5_N2-C3_1_ML2_set1	24	2034167	13914	1193823	1191386	152	419	229.421528981321	0.166434081823167	0.185341687596906	0.937440152601789	0.932885804141463	0.175071139186005	-0.0154781220604763	-0.00375992384192731	2.34776288783509	TRUE
set1IT025	D-Xylose (C)	4/28/2014 pseudo5_N2-C3_1_ML2_set1	25	2296171	14246	1349654	1346803	166	419	259.349701521279	0.269060999325687	0.187541983849951	0.949726793518776	0.932885804141463	0.213183788043323	0.00598439442489794	0.000267693111853925	3.28086602605696	TRUE
set1IT026	D-Galactose (C)	4/28/2014 pseudo5_N2-C3_1_ML2_set1	26	2144208	11899	1263025	1260448	158	419	242.720585403428	0.255990474119544	0.178053557260568	0.948895373963011	0.932885804141463	0.262501868639868	0.015759193561551	-0.00539841054780306	3.05297080438162	TRUE
set1IT027	D-Ribose (C)	4/28/2014 pseudo5_N2-C3_1_ML2_set1	27	2239129	7186	1319961	1317237	167	419	253.656268053148	0.190459530972243	0.178432708982579	0.94049265925443	0.932885804141463	0.136731980574745	-0.0237139643255636	0.00488738607414942	2.03563330801949	TRUE
set1IT028	a-Ketoglutaric (C)	4/28/2014 pseudo5_N2-C3_1_ML2_set1	28	1857829	10657	1093345	1091161	139	419	210.121509724629	0.141882072291073	0.187484402119114	0.937489983198847	0.932885804141463	0.153834037915165	-0.0251556620013909	0.00174094213635104	1.17399455983881	TRUE
set1IT029	D-Gluconic Acid (C)	4/28/2014 pseudo5_N2-C3_1_ML2_set1	29	2374730	17132	1392902	1390185	172	419	267.703639514731	0.204272960409307	0.179717116033928	0.92926378702356	0.932885804141463	0.161887454477291	0.0528810320741378	-0.0269751580454987	2.68267846084731	TRUE
set1IT030	acetate (C)	4/28/2014 pseudo5_N2-C3_1_ML2_set1	30	1908666	2488	1130552	1128134	140	419	217.241286347006	0.371199767179797	0.191193005727291	0.941239290487862	0.932885804141463	0.299728888009625	0.0875142263142866	0.0185377144917603	2.43291369361083	TRUE
set1IT031	Fumarate (C)	4/28/2014 pseudo5_N2-C3_1_ML2_set1	31	2376546	20882	1399163	1395580	176	419	268.742538031966	0.296649810910487	0.184252701626199	0.939067407035982	0.932885804141463	0.21854661361344	0.114235720629881	-0.0562956079405707	2.63960913583344	TRUE
set1IT032	Trisodium citrate (C)	4/28/2014 pseudo5_N2-C3_1_ML2_set1	32	1818415	318	1528876	1528783	4	419	294.393029077604	0.137711264116385	0.394115927699073	1	0.932885804141463	0.071402244800502	0.00659393845489535	-0.0621873827391342	13.2380742168521	FALSE
set1IT033	D-Lactate (C)	4/28/2014 pseudo5_N2-C3_1_ML2_set1	33	1805340	11781	1061029	1058957	136	419	203.920084729443	0.264017350664421	0.199782048110297	0.957804708619112	0.932885804141463	0.264860514672781	0.040343644043477	0.0113099228443264	2.37922741204201	TRUE
set1IT034	L-Lactate (C)	4/28/2014 pseudo5_N2-C3_1_ML2_set1	34	2354187	15181	1382272	1379426	176	419	265.631812054689	0.186478408746418	0.18103587571144	0.939190966250875	0.932885804141463	0.184781266876466	0.0340779488400919	-0.0075544498426707	1.15683478978403	TRUE
set1IT035	D,L-Lactate (C)	4/28/2014 pseudo5_N2-C3_1_ML2_set1	35	2480688	2901	1464075	1461081	189	419	281.355863662623	0.171862696444584	0.168113137559093	0.932357150749942	0.932885804141463	0.111473677620212	0.0254893022357533	0.00237729466945123	1.15798303908525	TRUE
set1IT036	pyruvate (C)	4/28/2014 pseudo5_N2-C3_1_ML2_set1	36	2576618	2938	1522355	1519105	195	419	292.529366454843	0.12820610334063	0.170938191076507	0.934123997871023	0.932885804141463	0.118712539369398	-0.0143667017639166	-0.0108871004046564	1.18721479099729	TRUE
set1IT037	succinate (C)	4/28/2014 pseudo5_N2-C3_1_ML2_set1	37	2318184	15332	1361837	1358804	174	419	261.66069709224	0.163323688700347	0.171335267251689	0.947742916168135	0.932885804141463	0.149417764891928	-0.0216246616545056	-0.00911780911423845	0.972871908707854	TRUE
set1IT038	Nickel (II) chloride 0.625 mM	4/28/2014 pseudo5_N2-C3_1_ML2_set1	38	2531727	15831	1479789	1476629	175	419	284.349894088196	0.239302163592791	0.208205140139797	0.947908771780854	0.932885804141463	0.176658836628379	0.0144156548252998	-0.022936773190953	4.49371394779697	TRUE
set1IT039	Cobalt chloride 0.08 mM	4/28/2014 pseudo5_N2-C3_1_ML2_set1	39	2292216	12341	1317886	1314939	162	419	253.213749277874	0.264263703874289	0.201006173793382	0.932885804141463	0.932885804141463	0.184642957827499	-0.0187043286029959	0.00328257567635693	3.49946435973592	TRUE
set1IT040	copper (II) chloride 2.5 mM	4/28/2014 pseudo5_N2-C3_1_ML2_set1	40	2320588	14315	1341151	1338195	152	419	257.692085499711	0.117988717988504	0.64843397871722	1.27684020535883	0.932885804141463	0.0567396772074084	0.00199443424715328	-0.00989201299351074	5.17686392679989	FALSE
set1IT041	sodium fluoride 6.25 mM	4/28/2014 pseudo5_N2-C3_1_ML2_set1	41	2286354	14611	1342142	1339449	168	419	257.933564413634	0.114508922840476	0.182373807031162	0.943416471633633	0.932885804141463	0.0640859864582046	-0.000541659030282239	0.0111799897335086	1.97961401743989	TRUE
set1IT042	Paraquat dichloride 0.0625 mg/ml	4/28/2014 pseudo5_N2-C3_1_ML2_set1	42	2037978	14595	1169452	1167224	130	419	224.768727132679	0.209885272507971	0.191454370628113	0.922414813738134	0.932885804141463	0.153654645615413	0.00856241336718272	0.00871396380015143	6.84979204688024	TRUE
set1IT043	Thallium(I) acetate 0.008 mg/ml	4/28/2014 pseudo5_N2-C3_1_ML2_set1	43	2334991	17114	1369756	1366620	175	419	263.16580011554	0.174601845950754	0.183306804672951	0.926078356870327	0.932885804141463	0.150750831412818	0.0519516337736632	0.0123728651503515	2.75412312417406	TRUE
set1IT044	Cisplatin 0.0016 mg/ml	4/28/2014 pseudo5_N2-C3_1_ML2_set1	44	2557149	19300	1496211	1492907	190	419	287.484498363181	0.0931713309673723	0.18004483861863	0.926458534422222	0.932885804141463	0.109738718570022	-0.0192231359701826	-0.0123033433470577	0.9186118669324	FALSE
set1IT045	Cisplatin 0.0032 mg/ml	4/28/2014 pseudo5_N2-C3_1_ML2_set1	45	2258778	16318	1321920	1318803	170	419	253.957827845176	0.217057446059264	0.203459870695616	0.951090399519053	0.932885804141463	0.154943652175403	-0.00704764508522729	-0.0431720457939994	2.94498127011433	TRUE
set1IT046	LB	4/28/2014 pseudo5_N2-C3_1_ML2_set1	46	2435865	17327	1428986	1426124	182	419	274.624301944926	0.0927521704408919	0.180855912889082	0.933195196177278	0.932885804141463	0.107353786835681	0.0168020928038927	0.0101128328796373	1.52580828560554	FALSE
set1IT047	Nickel (II) chloride 0.625 mM	4/28/2014 pseudo5_N2-C3_1_ML2_set1	47	1953003	11736	1147511	1144959	138	419	220.481224725592	0.187215278313654	0.223229166298084	0.961265860284751	0.932885804141463	0.14561094665917	-0.00477064560079831	-0.0467038175299722	4.87562541021674	TRUE
set1IT048	Cobalt chloride 0.08 mM	4/28/2014 pseudo5_N2-C3_1_ML2_set1	48	2181967	12063	1253739	1251064	154	419	240.913537454265	0.209611660902184	0.219210647183348	0.943960679520965	0.932885804141463	0.176969851571618	0.0104125081930944	-0.00856094240652002	3.57044573620976	TRUE
set2IT050	copper (II) chloride 2.5 mM	4/28/2014 pseudo5_N2-C3_1_ML2_set2	50	2234833	15977	1303250	1300779	156	167	250.487001733102	0.189437062957687	0.351843930196277	1.01104842946989	0.924250056879762	0.104176799291441	0.00863862829970278	-0.0277209527250441	3.63985679932972	TRUE
set2IT051	sodium fluoride 6.25 mM	4/28/2014 pseudo5_N2-C3_1_ML2_set2	51	2349958	15275	1379021	1376090	174	167	264.989408819565	0.0990225852408872	0.202037769381829	0.930932924479253	0.924250056879762	0.08742688033985	-0.0073579680137815	0.00431039614429461	2.04214346332941	FALSE
set2IT052	Paraquat dichloride 0.0625 mg/ml	4/28/2014 pseudo5_N2-C3_1_ML2_set2	52	2167621	14943	1253177	1250619	144	167	240.827845176199	0.166859393001106	0.212354219492396	0.944642415115982	0.924250056879762	0.134254668793647	-0.00680407794014591	-0.00885497741564041	6.57162243768112	TRUE
set2IT053	Thallium(I) acetate 0.008 mg/ml	4/28/2014 pseudo5_N2-C3_1_ML2_set2	53	1690042	12259	993284	990908	126	167	190.816098594262	0.17721320332537	0.22390007439318	0.952143845783107	0.924250056879762	0.101491918787568	0.0179204329501457	-0.00837961963167894	3.51474036163875	TRUE
set2IT054	Cisplatin 0.0016 mg/ml	4/28/2014 pseudo5_N2-C3_1_ML2_set2	54	2314155	17363	1355643	1352829	172	167	260.510109763143	0.0839965485490153	0.204911141369363	0.930291028188596	0.924250056879762	0.0698436494308135	0.035622689756031	-0.0227066828689295	1.49497026034864	FALSE
set2IT055	Cisplatin 0.0032 mg/ml	4/28/2014 pseudo5_N2-C3_1_ML2_set2	55	2263438	16580	1324710	1321655	168	167	254.507028692471	0.194792076356889	0.215042783623071	0.945952711421146	0.924250056879762	0.0856176657238453	0.0399549494008609	-0.0457672929657077	3.05620749174904	TRUE
set2IT056	LB	4/28/2014 pseudo5_N2-C3_1_ML2_set2	56	2194259	14020	1286338	1283919	162	167	247.240323512421	0.058358791676831	0.201267964649856	0.942685299117815	0.924250056879762	0.0227826987980135	-0.0260859649484942	0.00683802900425115	1.32339257642926	FALSE
set2IT057	Time0	6/12/2014 pseudo5_N2-C3_1_ML2_set2	57	1946540	14933	1132480	1130427	131	471	217.682842287695	-0.00157394521098968	0.181288912224541	0.949780049439486	0.922688103197908	-0.0165874159229859	-0.0428919662054915	0.00238859491924363	1.38522950142126	FALSE
set2IT058	Time0	6/12/2014 pseudo5_N2-C3_1_ML2_set2	58	2407622	18728	1400622	1398126	160	441	269.232813402657	-0.0262289688912262	0.167763278617016	0.942603808091313	0.931329201986215	0.00994672421821021	-0.0267802856877014	0.00689752254865204	1.33540373438859	FALSE
set2IT059	Time0	6/12/2014 pseudo5_N2-C3_1_ML2_set2	59	2421979	18943	1409073	1406371	163	438	270.820527633353	0.00886838358148744	0.169233591140885	0.939446604605795	0.934819600155974	0.00286314320115498	-0.0178380574604424	0.00602877532825771	1.26068355581076	FALSE
set2IT060	Time0	6/12/2014 pseudo5_N2-C3_1_ML2_set2	60	2212635	16988	1288065	1285427	148	454	247.530714423262	0.0360842500572147	0.167936273429007	0.93224109451601	0.933895387959789	-0.0546559504552311	-0.0139356936138218	-0.0240158632449726	1.07165078760851	FALSE
set2IT061	D-Mannitol (C)	6/12/2014 pseudo5_N2-C3_1_ML2_set2	61	2444378	16374	1434486	1431379	182	601	275.63624109378	0.225547416101525	0.167726079766781	0.938045126928923	0.933093528499094	0.222217667371504	0.0342777017926579	-0.0156308016573657	2.00632610349752	TRUE
set2IT062	4-Hydroxybenzoic Acid (C)	6/12/2014 pseudo5_N2-C3_1_ML2_set2	62	2851870	3878	1765197	1760106	1	601	338.938186019642	0.0931148228405785	0.629908663714654	1	0.933093528499094	0.0395814902606731	-0.000500360073171579	-0.016324763619858	12.468490505577	FALSE
set2IT063	m-Inositol (C)	6/12/2014 pseudo5_N2-C3_1_ML2_set2	63	2382637	11839	1401690	1398664	179	601	269.336414404005	0.254931441784071	0.163156388683899	0.934434772832131	0.933093528499094	0.209053370102316	0.0778095073040121	-0.0140982051680212	1.19879268037449	TRUE
set2IT064	Ethanol (C)	6/12/2014 pseudo5_N2-C3_1_ML2_set2	64	2154513	5790	1267934	1265109	161	601	243.618139803582	0.289781101476957	0.175900702470379	0.932885804141463	0.933093528499094	0.249699913731478	0.0703122056340399	-0.0128313645923616	2.6833624760683	TRUE
set2IT065	Glycerol (C)	6/12/2014 pseudo5_N2-C3_1_ML2_set2	65	1841005	13443	1080818	1078511	138	601	207.685538224533	0.211806111770936	0.179681474349913	0.945552215977624	0.933093528499094	0.122183692399615	0.041473968243408	-0.00791454325643142	1.70178181235188	TRUE
set2IT066	D-Sorbitol (C)	6/12/2014 pseudo5_N2-C3_1_ML2_set2	66	2261012	13429	1329536	1326783	171	601	255.494511842865	0.185182965662918	0.168962234573332	0.92797864788119	0.933093528499094	0.159738083011307	0.0102656179921919	-0.0102256119863381	1.29579499013125	TRUE
set2IT067	Tween 20 (C)	6/12/2014 pseudo5_N2-C3_1_ML2_set2	67	2186346	8575	1287220	1284403	167	601	247.33352590025	0.177522359980955	0.16769070061489	0.943416471633633	0.933093528499094	0.166096170308915	0.0286802744024143	-0.0354717439565683	0.976663559797974	TRUE
set2IT068	L-Malic (C)	6/12/2014 pseudo5_N2-C3_1_ML2_set2	68	1807135	9513	1063603	1061419	137	601	204.394184479106	0.126869632818037	0.189492120455893	0.943884221041859	0.933093528499094	0.181972455108668	0.0545937589086668	-0.0244943293382436	0.976927203530923	TRUE
set2IT069	D-Trehalose (C)	6/12/2014 pseudo5_N2-C3_1_ML2_set2	69	2085031	6669	1067655	1065496	124	601	205.17927979973	0.234792555383858	0.200045908490459	0.947480902094563	0.933093528499094	0.258775688605742	-0.000581670532399844	0.00583481501875976	5.91999804033332	TRUE
set2IT070	L-Arginine (C)	6/12/2014 pseudo5_N2-C3_1_ML2_set2	70	2155653	15382	1261282	1258442	159	601	242.334296167918	0.233939966058069	0.177866447566583	0.947532580105864	0.933093528499094	0.261976951329065	0.0363823941416442	-0.0377069431495368	1.40555384717438	TRUE
set2IT071	L-Histidine (C)	6/12/2014 pseudo5_N2-C3_1_ML2_set2	71	2119352	15465	1239626	1233646	156	601	237.559406893896	0.352366825198181	0.207509958602546	0.956404362437903	0.933093528499094	0.256902934529974	0.0399662515921434	-0.0372744266157021	4.58760868049213	TRUE
set2IT072	L-Lysine (C)	6/12/2014 pseudo5_N2-C3_1_ML2_set2	72	2246868	5732	1201706	1198911	137	601	230.870595031774	0.348216861574688	0.232790545392015	0.932249414580607	0.933093528499094	0.230442357711865	0.0616542241880986	-0.0288566019377644	5.54823322159356	TRUE
set2IT073	L-Aspartic Acid (C)	6/12/2014 pseudo5_N2-C3_1_ML2_set2	73	1867723	3114	1102042	1099545	140	601	211.735990756788	0.176253903978427	0.173871911737206	0.940143222255728	0.933093528499094	0.124864883080576	0.039322560182825	-0.0129484282384409	0.924792704205329	TRUE
set2IT074	L-Glutamic (C)	6/12/2014 pseudo5_N2-C3_1_ML2_set2	74	1995517	14078	1165504	1163081	150	601	223.970922395532	0.152282653606569	0.170551132222997	0.941095399656082	0.933093528499094	0.166788211199122	0.0625700491655315	-0.0286953314099805	1.1503879587059	TRUE
set2IT075	L-Serine (C)	6/12/2014 pseudo5_N2-C3_1_ML2_set2	75	2747772	47	11250	11244	0	601	2.16522241478914	0.113775645594803	0.370789135356285	0.584962500721156	0.933093528499094	0.112699399576159	0.0131587109504542	-0.0487070692234636	10.3862431924447	FALSE
set2IT076	L-Asparagine (C)	6/12/2014 pseudo5_N2-C3_1_ML2_set2	76	2406468	10087	1415320	1412514	176	601	272.003466204506	0.253417574686812	0.168722330631591	0.953901702451212	0.933093528499094	0.226065154124859	0.0444778839401254	-0.012132422380084	1.66241646243337	TRUE
set2IT077	L-Glutamine (C)	6/12/2014 pseudo5_N2-C3_1_ML2_set2	77	1995948	15539	1169443	1166935	149	601	224.713075293665	0.205215475284752	0.177960781365452	0.933948231996327	0.933093528499094	0.177184022231969	0.0905561528776883	-0.0230250296641137	1.19001327870077	TRUE
set2IT078	L-Proline (C)	6/12/2014 pseudo5_N2-C3_1_ML2_set2	78	2232127	14150	1309884	1307090	168	601	251.702291546312	0.226993108783101	0.17605803614497	0.949366997072616	0.933093528499094	0.203238978666872	0.0408691218668931	-0.0192185118302317	1.14975903605318	TRUE
set2IT079	D-Mannitol (C)	6/12/2014 pseudo5_N2-C3_1_ML2_set2	79	2233939	14878	1313255	1310440	167	601	252.347390718275	0.254369905376616	0.169589110965216	0.933520093899549	0.933093528499094	0.223346069721664	0.0193342516374224	-0.0194717361338463	1.76696211907446	TRUE
set2IT080	4-Hydroxybenzoic Acid (C)	6/12/2014 pseudo5_N2-C3_1_ML2_set2	80	2213855	2739	1319431	1317337	20	601	253.675524744849	0.0937534274133434	1.30648261948699	2.55489554495342	0.933093528499094	0.0401737765683359	0.0147358972126578	0.0220864904866395	9.23567294481384	FALSE
set2IT081	m-Inositol (C)	6/12/2014 pseudo5_N2-C3_1_ML2_set2	81	1965776	9997	1157535	1155031	147	601	222.420758713653	0.234057658877794	0.182480096507575	0.934666265448128	0.933093528499094	0.233597135656121	0.0735537633064729	-0.0242014852848109	1.19733065526468	TRUE
set2IT082	Ethanol (C)	6/12/2014 pseudo5_N2-C3_1_ML2_set2	82	2142610	5418	1259237	1256449	161	601	241.95051030233	0.278615909719624	0.175394883396057	0.953406441518303	0.933093528499094	0.192228405264349	0.0586926696607127	0.00198851563760635	2.55729623453091	TRUE
set2IT083	Glycerol (C)	6/12/2014 pseudo5_N2-C3_1_ML2_set2	83	2089046	14590	1225500	1222954	157	601	235.500481417293	0.193532484916691	0.178809338025626	0.946119326553038	0.933093528499094	0.132672664870411	0.0359515438563922	-0.00852565974201104	1.67764810280143	TRUE
set2IT084	D-Sorbitol (C)	6/12/2014 pseudo5_N2-C3_1_ML2_set2	84	2506559	15244	1473458	1470131	189	601	283.098594261506	0.183559077182387	0.170795694829557	0.942394370831462	0.933093528499094	0.164686970161673	0.044951124035416	0.00292809412771181	1.22277236669972	TRUE
set2IT085	Tween 20 (C)	6/12/2014 pseudo5_N2-C3_1_ML2_set2	85	2437015	9721	1433712	1430447	186	601	275.456768727133	0.17693501337504	0.166539758705696	0.947532580105864	0.933093528499094	0.152974544072446	0.0494741370949905	-0.0415480777660747	1.04508694135707	TRUE
set2IT086	L-Malic (C)	6/12/2014 pseudo5_N2-C3_1_ML2_set2	86	2039923	10896	1200083	1197429	154	601	230.585210860774	0.146851688773361	0.179335310597444	0.925999418556223	0.933093528499094	0.178545577153352	-0.0067091925763799	-0.0271807561720356	1.27760624479145	TRUE
set2IT087	D-Trehalose (C)	6/12/2014 pseudo5_N2-C3_1_ML2_set2	87	2924811	9978	1601039	1597537	187	601	307.632774889274	0.27169966433392	0.178031637828419	0.937507414247644	0.933093528499094	0.183044863509476	0.0507752477479702	0.0180737910836523	5.63325753112613	TRUE
set2IT088	L-Arginine (C)	6/12/2014 pseudo5_N2-C3_1_ML2_set2	88	2088349	15352	1223145	1220126	154	601	234.955902176006	0.216386688761839	0.17999046761572	0.936337918046545	0.933093528499094	0.229271545421249	0.0365574043378801	-0.0270551825564409	1.40455272145904	TRUE
set2IT089	L-Histidine (C)	6/12/2014 pseudo5_N2-C3_1_ML2_set2	89	2020914	14646	1183030	1177542	147	601	226.755632582322	0.371213359576384	0.205335130276172	0.96465750379219	0.933093528499094	0.263210752341093	0.0311004095637355	-0.0342829400360259	4.35775088036318	TRUE
set2IT090	L-Lysine (C)	6/12/2014 pseudo5_N2-C3_1_ML2_set2	90	2137691	4418	1067119	1064888	100	601	205.062199114192	0.3492295744337	0.274383223717059	0.960289454344924	0.933093528499094	0.187321601722611	0.0763029890027533	-0.0472280442904408	6.54111427828041	TRUE
set2IT091	L-Aspartic Acid (C)	6/12/2014 pseudo5_N2-C3_1_ML2_set2	91	2488816	3529	1469453	1466387	188	601	282.377623724244	0.205660660219059	0.159516445880162	0.940165099168373	0.933093528499094	0.185414181490256	0.0214203622565518	-0.0218223452198854	1.08113009801402	TRUE
set2IT092	L-Glutamic (C)	6/12/2014 pseudo5_N2-C3_1_ML2_set2	92	2102886	15307	1233667	1231071	158	601	237.063547082611	0.178910759016786	0.168283218273001	0.940972119239144	0.933093528499094	0.160220910650895	0.0359179191434161	-0.0219640998089224	1.18937703977522	TRUE
set2IT093	L-Serine (C)	6/12/2014 pseudo5_N2-C3_1_ML2_set2	93	3495870	50	14945	14926	1	601	2.87425380319661	0.0698298421791667	0.38883498498457	0.584962500721156	0.933093528499094	0.0848440301782558	-0.00160392048969984	-0.0206861788759193	10.4161280843363	FALSE
set2IT094	L-Asparagine (C)	6/12/2014 pseudo5_N2-C3_1_ML2_set2	94	2492134	10851	1463673	1460793	181	601	281.300404390526	0.288687211642846	0.168991372446582	0.936253800791428	0.933093528499094	0.242168700343137	0.0337072180341297	-0.0236555789349089	2.1138048578476	TRUE
set2IT095	L-Glutamine (C)	6/12/2014 pseudo5_N2-C3_1_ML2_set2	95	2653494	20945	1556526	1553088	199	601	299.073367995378	0.235703284533157	0.163616490888803	0.926119585266338	0.933093528499094	0.239499459238239	0.0245474921427722	-0.0304038590407473	1.24789629967175	TRUE
set2IT096	L-Proline (C)	6/12/2014 pseudo5_N2-C3_1_ML2_set2	96	2240541	13419	1316853	1313861	169	601	253.006162141344	0.212932347473463	0.175712333040813	0.925999418556223	0.933093528499094	0.199524849655297	0.0535673123156227	-0.00977590152921357	0.994329087303558	TRUE
set4IT001	nitrite 10 mM	10/6/2014 pseudo5_N2-C3_1_ML2_set4	97	874222	6058	511325	510402	64	734	98.2865395725014	0.148203630846762	0.261497180087458	0.940293753875732	0.915959132035925	0.121535521682244	0.0484465613259583	0.0205158347476517	1.75598244951489	TRUE
set4IT002	nitrate 200 mM	10/6/2014 pseudo5_N2-C3_1_ML2_set4	98	1010570	7025	590536	589482	74	734	113.514731369151	0.161192095591063	0.240636712537101	0.932885804141463	0.915959132035925	0.158465147014226	0.077913149997226	0.0145049770039083	1.42244965102065	TRUE
set4IT003	Sisomicin 0.001 mg/ml	10/6/2014 pseudo5_N2-C3_1_ML2_set4	99	1019753	6512	596986	595358	73	734	114.646254573464	0.212691583503771	0.318818996479991	0.967083473572239	0.915959132035925	0.162035627561264	0.0682572284897721	0.00252906433705741	3.41034645246781	TRUE
set4IT004	Chlorite 0.04 mM	10/6/2014 pseudo5_N2-C3_1_ML2_set4	100	999828	7761	585105	583928	74	734	112.445214712112	0.198696271785435	0.259225961987789	0.934034581771864	0.915959132035925	0.109822852400637	-0.00706608202992821	0.00807710513901783	1.51639988202996	TRUE
set4IT005	Chlorite 0.08 mM	10/6/2014 pseudo5_N2-C3_1_ML2_set4	101	1097459	8894	641936	640441	80	734	123.32774889274	0.218860294030682	0.248081625654168	0.950668682160976	0.915959132035925	0.150975967357855	-0.0546971920181046	-0.00993937938196272	2.62481182528483	TRUE
set4IT006	perchlorate 75 mM	10/6/2014 pseudo5_N2-C3_1_ML2_set4	102	1173229	8331	686250	684767	85	734	131.863470055844	0.202494743215809	0.242150258246832	0.954196310386875	0.915959132035925	0.192842440964689	0.0142665440722084	0.0189695354782323	1.67906645393982	TRUE
set4IT007	Polymyxin B sulfate 0.0005 mg/ml	10/6/2014 pseudo5_N2-C3_1_ML2_set4	103	1072318	9431	620721	619392	48	734	119.27440785673	0.0261430488537154	1.46918072787915	2.48542682717024	0.915959132035925	0.0180220125946727	-0.0532215930396526	-0.0374661638261523	6.41641427471641	FALSE
set4IT008	Chloride 750 mM	10/6/2014 pseudo5_N2-C3_1_ML2_set4	104	1133158	8180	663665	662426	82	734	127.561332563066	0.0964703618344448	0.266921095588202	0.960289454344924	0.915959132035925	0.124650755572959	0.0511690268909798	-0.0176087015390359	1.73899854140807	FALSE
set4IT010	Benzethonium chloride 0.025 mM	10/6/2014 pseudo5_N2-C3_1_ML2_set4	106	2435215	17442	1423896	1421227	182	734	273.681301752359	0.159917971161957	0.188803878730751	0.943416471633633	0.915959132035925	0.172088566223639	0.00254635836247445	0.026992848652333	1.24009784085103	TRUE
set4IT011	Benzalkonium Chloride 0.008 mg/ml	10/6/2014 pseudo5_N2-C3_1_ML2_set4	107	2458584	17909	1434558	1432200	182	734	275.79433853264	0.187383971998227	0.197118588590816	0.950881343577743	0.915959132035925	0.115186196165356	-0.00361259318091766	0.0133381420440616	1.3050690965313	TRUE
set4IT012	Benzalkonium Chloride 0.016 mg/ml	10/6/2014 pseudo5_N2-C3_1_ML2_set4	108	2907695	22311	1678699	1673642	202	734	322.288080107837	0.302272707845294	0.238329119085585	0.966184770910187	0.915959132035925	0.240367515248032	0.0421607440517786	0.0217130069219197	4.53241109567666	TRUE
set4IT013	Aluminum chloride 5 mM	10/6/2014 pseudo5_N2-C3_1_ML2_set4	109	2761991	18929	1622507	1619564	205	734	311.874446370114	0.187128729607179	0.200117670424194	0.941057908555508	0.915959132035925	0.102491155461808	0.0179894294035899	-0.0101256134401834	1.45372427569907	TRUE
set4IT014	Phosphomycin 0.0001 mg/ml	10/6/2014 pseudo5_N2-C3_1_ML2_set4	110	2787640	22508	2105618	2104201	2	734	405.199499326016	0.130894979633917	0.380539923875904	1	0.915959132035925	0.101138531220929	0.00417598100916976	-0.0242963333119782	13.3781263667822	FALSE
set4IT015	Phosphomycin 0.0005 mg/ml	10/6/2014 pseudo5_N2-C3_1_ML2_set4	111	3115182	1626	2330148	2329633	1	734	448.610244559985	0.151677508080287	0.362051279625785	1	0.915959132035925	0.1219985553855	-0.0168351492516	-0.0413507382031245	14.7895183691515	FALSE
set4IT016	Phosphomycin 0.001 mg/ml	10/6/2014 pseudo5_N2-C3_1_ML2_set4	112	3183075	193	2388667	2388238	1	734	459.895628730984	0.161408476240338	0.377321678698389	1	0.915959132035925	0.116427673418981	-0.00752284597855902	-0.0403575699509249	14.8878499480569	FALSE
set4IT017	Bacitracin 2 mg/ml	10/6/2014 pseudo5_N2-C3_1_ML2_set4	113	2642070	21104	1540234	1537521	193	734	296.075678798382	0.189150197527941	0.189836868912535	0.954554210429169	0.915959132035925	0.156791238307826	0.0602854758638738	-0.00889080920369978	1.2642980305462	TRUE
set4IT018	Fusidic 0.1 mg/ml	10/6/2014 pseudo5_N2-C3_1_ML2_set4	114	2591117	17923	1520805	1518383	192	734	292.390333140766	0.139119404677445	0.170059157046264	0.94999542911316	0.915959132035925	0.0943898488984256	0.0475774145756143	0.000601455409553449	4.55856558412762	TRUE
set4IT019	Dimethyl Sulfoxide 7.5 vol%	10/6/2014 pseudo5_N2-C3_1_ML2_set4	115	2679183	15084	1574877	1572386	203	734	302.789524359715	0.0586132716449608	0.174542898758956	0.945890479768321	0.915959132035925	0.0336344966522005	0.0111788939247037	0.00904963320877463	1.26122692714785	FALSE
set4IT020	LB	10/6/2014 pseudo5_N2-C3_1_ML2_set4	116	2633592	17334	1544192	1541770	197	734	296.893895628731	0.0933891973768875	0.173327339300641	0.941880959027575	0.915959132035925	0.0436999048117587	-0.00103236151586462	0.0310653134006357	1.01320131859073	FALSE
set4IT021	D-Cycloserine 0.1 mg/ml	10/6/2014 pseudo5_N2-C3_1_ML2_set4	117	2784644	18274	1632484	1629723	207	734	313.830733679954	0.151044026766181	0.171704794643215	0.937018027010149	0.915959132035925	0.116452822707268	0.0213694218339979	0.0158604779427156	1.37864479731912	TRUE
set4IT022	Doxycycline hyclate 0.0001 mg/ml	10/6/2014 pseudo5_N2-C3_1_ML2_set4	118	2703799	18607	1612282	1608421	184	734	309.728673213942	0.272372632251722	0.195256188809011	0.952362156253462	0.915959132035925	0.204213757167592	0.0654870164531035	-0.0293021588612154	8.00698125769591	TRUE
set4IT023	LB	10/6/2014 pseudo5_N2-C3_1_ML2_set4	119	2407979	16073	1411409	1409164	179	734	271.358367032544	0.105723661123175	0.172788723909088	0.940339456232393	0.915959132035925	0.0974285091829161	-0.00783222200561888	0.0106638082139781	0.994694233811594	TRUE
set4IT024	Rifampicin 0.0016 mg/ml	10/6/2014 pseudo5_N2-C3_1_ML2_set4	120	2629994	19712	1538225	1535320	195	734	295.651839014057	0.162216473723754	0.18245995664141	0.947768971233802	0.915959132035925	0.139770154334734	-0.00133696773042353	0.0117211126527313	1.35324573850035	TRUE
set4IT025	Rifampicin 0.0024 mg/ml	10/6/2014 pseudo5_N2-C3_1_ML2_set4	121	2708013	22489	1575605	1572291	197	734	302.7712305026	0.253767935935683	0.189213585191545	0.943913792229718	0.915959132035925	0.181554845972838	-0.0166370767256247	0.0109510027757005	3.44487915805808	TRUE
set4IT026	Chloramphenicol 0.005 mg/ml	10/6/2014 pseudo5_N2-C3_1_ML2_set4	122	2641609	17863	1548571	1545667	200	734	297.644328904294	0.149671393184534	0.180088816267547	0.933780435717468	0.915959132035925	0.101617930242224	0.0357417531372923	0.00139326418176011	2.17922871886407	TRUE
set4IT027	Tetracycline 0.0001 mg/ml	10/6/2014 pseudo5_N2-C3_1_ML2_set4	123	2672460	18152	1568882	1565811	202	734	301.523396880416	0.156899945677113	0.17250696435493	0.94721062182315	0.915959132035925	0.126562207423516	0.0506304075016813	0.00919219488656372	2.59728686523094	TRUE
set4IT028	Spectinomycin 0.0125 mg/ml	10/6/2014 pseudo5_N2-C3_1_ML2_set4	124	2692815	18656	1580068	1576807	201	734	303.640862699788	0.195677754685015	0.171231132171002	0.955320921771973	0.915959132035925	0.173491390841277	0.0304392248795115	0.00402973845363454	1.75601742964946	TRUE
set4IT029	Spectinomycin 0.025 mg/ml	10/6/2014 pseudo5_N2-C3_1_ML2_set4	125	2636884	17122	1544840	1541481	188	734	296.838243789717	0.246524120264205	0.184644441003923	0.930822407144971	0.915959132035925	0.223385157347225	0.0719425254718787	0.00781253243434842	2.982929100346	TRUE
set4IT030	Carbenicillin 0.5 mg/ml	10/6/2014 pseudo5_N2-C3_1_ML2_set4	126	2253534	6954	1861447	1856265	3	734	357.455228191797	0.149205994915487	0.4044706144934	1	0.915959132035925	0.0902239956548377	-0.0262502428265562	-0.0311685014542793	15.6984137500972	FALSE
set4IT031	Nalidixic 0.004 mg/ml	10/6/2014 pseudo5_N2-C3_1_ML2_set4	127	2555842	18687	1493041	1490251	178	734	286.973040631619	0.278343955698416	0.18414295363941	0.950232163224543	0.915959132035925	0.170023873394529	0.00125704967005207	-0.0211536822537374	5.17420666026774	TRUE
set4IT032	Nalidixic 0.008 mg/ml	10/6/2014 pseudo5_N2-C3_1_ML2_set4	128	2136520	6248	1573737	1567804	44	734	301.907182746004	0.205975555604534	0.363904312760958	1	0.915959132035925	0.16013247822545	-0.0468419365715113	-0.0275430000600362	12.7941041531608	FALSE
set4IT033	Gentamicin 0.001 mg/ml	10/6/2014 pseudo5_N2-C3_1_ML2_set4	129	1781508	9953	861099	852630	6	734	164.18833044483	0.110191535814268	0.583187866110635	1	0.915959132035925	0.0732582955624171	0.0454811709105732	-0.0376156922176174	14.9882553581946	FALSE
set4IT034	LB	10/6/2014 pseudo5_N2-C3_1_ML2_set4	130	2505210	16950	1465362	1463184	182	734	281.760831889081	0.126071617643465	0.172715984923861	0.950901639672876	0.915959132035925	0.107004653411652	0.0308684604570398	0.0217850892900495	1.33502328792705	TRUE
set4IT035	Time0	10/6/2014 pseudo5_N2-C3_1_ML2_set4	131	2667324	19109	1554516	1552156	183	548	298.893895628731	0.00869612498602944	0.154626498428221	0.932590472501535	0.909587670716837	-0.00799709793163128	0.0230195769849534	0.00386637580016479	1.07454015337874	FALSE
set4IT036	Time0	10/6/2014 pseudo5_N2-C3_1_ML2_set4	132	2637459	18828	1535345	1532966	182	549	295.198536491431	0.0166959157207352	0.152940569977483	0.915989730664515	0.921624038015912	0.0155762462791048	-0.024869205365786	-0.0133415740549607	1.27401471047871	FALSE
set4IT037	Time0	10/6/2014 pseudo5_N2-C3_1_ML2_set4	133	2610757	18960	1517660	1515164	178	555	291.770460234932	-0.0326672377968958	0.162931203929876	0.934517824760199	0.917960045580942	0.0161474872644816	-0.0230430314245059	0.0022776812901551	0.957983093931241	FALSE
set4IT038	Time0	10/6/2014 pseudo5_N2-C3_1_ML2_set4	134	2744313	19874	1597235	1594594	189	543	307.066050452532	-0.00116957782105033	0.152308226587006	0.925999418556223	0.910260187051041	0.0154258634144234	-0.0420150340524144	-0.007034152845413	1.16351461661074	FALSE
set4IT039	methylglyoxal 0.016 vol%	10/8/2014 pseudo5_N2-C3_1_ML2_set4	135	2516632	17758	1470828	1467702	182	535	282.630849220104	0.267536375567945	0.256147582782696	0.971015841835858	0.919118802066469	0.231525444574763	0.00613005332028657	-0.0653666688810998	3.05361002943999	TRUE
set4IT040	5-Hydroxymethylfurfural 2.5 mM	10/8/2014 pseudo5_N2-C3_1_ML2_set4	136	2577949	17536	1510400	1507862	195	535	290.364336606971	0.0937099774287284	0.180633581447601	0.938968336714616	0.919118802066469	0.111222564678845	0.0479278362950277	0.0300758317001594	1.74818836218923	FALSE
set4IT041	Vanillin 1.25 mM	10/8/2014 pseudo5_N2-C3_1_ML2_set4	137	2474502	16328	1447023	1444921	185	535	278.243982283844	0.101221811404976	0.179559809734535	0.956817142581094	0.919118802066469	0.118525267741807	0.001562736562589	-0.00266852141065306	1.79922530210884	TRUE
set4IT042	Vanillin 2.5 mM	10/8/2014 pseudo5_N2-C3_1_ML2_set4	138	2613648	17543	1530798	1528518	194	535	294.341998844598	0.158970800785988	0.180611757233741	0.944277268299557	0.919118802066469	0.142637042656226	0.00714953295149008	-0.0157331279046245	2.34526005413147	TRUE
set4IT043	syringaldehyde 5 mM	10/8/2014 pseudo5_N2-C3_1_ML2_set4	139	2586202	15701	1506336	1503905	186	535	289.602349316387	0.186504643556576	0.182342534582687	0.94363669679805	0.919118802066469	0.116394267453574	0.0104517331159041	-0.0128519649315031	3.46323634307713	TRUE
set4IT044	syringaldehyde 10 mM	10/8/2014 pseudo5_N2-C3_1_ML2_set4	140	2660273	15697	1557372	1554710	195	535	299.385711534758	0.1899001790435	0.17599137048247	0.929854329439223	0.919118802066469	0.144494155521793	-0.00265298339410303	-0.00222582999472107	1.65113141818364	TRUE
set4IT045	LB	10/8/2014 pseudo5_N2-C3_1_ML2_set4	141	2627332	16823	1539107	1536712	195	535	295.919892162526	0.119071417921148	0.164742383399569	0.931557873637203	0.919118802066469	0.0766745123594856	0.0606524403726453	0.0042534399873165	1.04841981058826	TRUE
set4IT046	Time0	10/8/2014 pseudo5_N2-C3_1_ML2_set4	142	2669868	18953	1552141	1549629	180	355	298.407279029463	0.00512750731431086	0.167782157063978	0.923254977506409	0.925559696821351	0.024301044772693	0.00671807351661294	-0.00428010627494741	1.24299693976797	FALSE
set4IT047	Time0	10/8/2014 pseudo5_N2-C3_1_ML2_set4	143	2505481	17876	1457501	1455128	169	365	280.2095128057	-0.0066345988981862	0.168692797045761	0.917348385435186	0.925466801727676	0.0415882899617483	0.0174220876538973	0.000142872763304054	1.11843135869509	FALSE
set4IT048	Time0	10/8/2014 pseudo5_N2-C3_1_ML2_set4	144	2749561	19455	1601512	1598890	185	349	307.89331792798	-0.00324726021903304	0.16718172388172	0.935144674697926	0.913835672597624	-0.0172547587036507	0.0300831057997786	0.00416168188883182	1.21333268521964	FALSE
set5IT049	Time0	10/8/2014 pseudo5_N2-C3_1_ML2_set5	145	2566145	18127	1493857	1491310	174	340	287.176968996726	-0.0188457432755948	0.174501269316287	0.94086388193375	0.926494426318054	0.00203060891312485	0.0124793823455245	0.01052073998982	1.90589871806959	FALSE
set5IT050	Time0	10/8/2014 pseudo5_N2-C3_1_ML2_set5	146	2529021	17829	1472085	1469880	172	345	283.050259965338	-0.0384094480808318	0.174877608830639	0.929610672108602	0.941027503132637	-0.00223997769189787	-0.00183782208190006	0.0099700759057902	1.50866064274345	FALSE
set5IT051	Time0	10/8/2014 pseudo5_N2-C3_1_ML2_set5	147	2542377	17946	1480003	1477616	170	346	284.539957635278	0.000285199469682578	0.167742900412648	0.94086388193375	0.936555749097708	0.0249949117881851	0.000454308337139244	-0.0189920875345041	1.09799530415452	FALSE
set5IT052	Choline chloride 300 mM	10/8/2014 pseudo5_N2-C3_1_ML2_set5	148	2289846	15164	1344050	1341808	171	517	258.387829770845	0.244147850057219	0.186790912145115	0.953573868791222	0.93744010035295	0.17368966896946	0.0372379283899988	0.0102797401890628	1.77183499691873	TRUE
set5IT053	Choline chloride 500 mM	10/8/2014 pseudo5_N2-C3_1_ML2_set5	149	2406717	16220	1411283	1408578	169	517	271.24552281918	0.242985166275352	0.207657564282031	0.962025573383351	0.93744010035295	0.183238093992396	0.0913806637663468	-0.0114370568185382	4.37355972869987	TRUE
set5IT054	Cholin acetate 20 mM	10/8/2014 pseudo5_N2-C3_1_ML2_set5	150	2467542	14008	1438015	1435681	174	517	276.46466397073	0.18293617435936	0.189472065974838	0.957248005893859	0.93744010035295	0.170276493775924	0.0540486697943686	-0.00459000108021678	2.49703798971383	TRUE
set5IT055	Cholin acetate 40 mM	10/8/2014 pseudo5_N2-C3_1_ML2_set5	151	2484273	14747	1446900	1444508	173	517	278.164452147121	0.253330747812722	0.221295187341494	0.952357128159911	0.93744010035295	0.204488625895021	0.0412188477775551	-0.00625774264701018	2.58194627902839	TRUE
set5IT056	acetate 40 mM	10/8/2014 pseudo5_N2-C3_1_ML2_set5	152	2390317	14646	1389407	1387496	166	517	267.185827074909	0.206234167732291	0.211112599846391	0.962059328443963	0.93744010035295	0.211159750524063	0.0200642547415188	0.0100255593028612	3.08489680394397	TRUE
set5IT057	1-ethyl-3-methylimidazolium lysine 10 mM	10/8/2014 pseudo5_N2-C3_1_ML2_set5	153	2348926	15330	1378335	1376103	173	517	264.991912189486	0.229051737968421	0.198371607950214	0.950064080774199	0.93744010035295	0.190217389993624	0.0385743305363289	0.0212670149951031	1.65064592543642	TRUE
set5IT058	1-ethyl-3-methylimidazolium acetate 5 mM	10/8/2014 pseudo5_N2-C3_1_ML2_set5	154	2436844	14076	1423019	1420944	175	517	273.626805314847	0.148202828576841	0.190465499907056	0.960889836696304	0.93744010035295	0.111274616079605	0.0278526172296621	-0.0147895136094456	1.97667331149163	TRUE
set5IT059	1-ethyl-3-methylimidazolium acetate 10 mM	10/8/2014 pseudo5_N2-C3_1_ML2_set5	155	2493246	14944	1450753	1448606	175	517	278.953591373002	0.195281052132662	0.213169946081714	0.939067407035982	0.93744010035295	0.180399054629681	0.0592496627693928	-0.0128405367067156	3.94423480701028	TRUE
set5IT060	1-ethyl-3-methylimidazolium acetate 20 mM	10/8/2014 pseudo5_N2-C3_1_ML2_set5	156	2518356	16228	1463580	1461114	176	517	281.362218370884	0.202026578996897	0.201940096034582	0.929302822757746	0.93744010035295	0.15733360036687	0.0442026835921447	0.0162188482719114	3.88371823309612	TRUE
set5IT061	1-ethyl-3-methylimidazolium chloride 200 mM	10/8/2014 pseudo5_N2-C3_1_ML2_set5	157	2388219	16476	1427932	1424950	166	517	274.398228384364	0.222127043495192	0.301812178189357	0.983667370731006	0.93744010035295	0.146845052141089	0.00365022517001446	-0.00426614894538311	4.45762301636023	TRUE
set5IT062	LB	10/8/2014 pseudo5_N2-C3_1_ML2_set5	158	2557193	17321	1499574	1497306	192	517	288.33160023108	0.0900276737184425	0.178317151140729	0.947257098903187	0.93744010035295	0.117150294100645	0.0318418679148297	0.00285292655327746	1.04702589760901	FALSE
set5IT063	Vancomycin 0.5 mg/ml	10/8/2014 pseudo5_N2-C3_1_ML2_set5	159	2411679	19722	1381478	1376135	30	517	264.99807433083	0.164404727495176	0.354833759281753	1	0.93744010035295	0.105144876204183	-0.0356738499189035	-0.00759889129540499	12.1791157125122	FALSE
set5IT064	Cephalothin 2 mg/ml	10/8/2014 pseudo5_N2-C3_1_ML2_set5	160	2134981	13152	1247043	1245296	154	517	239.802811476988	0.158084645309032	0.189406062671166	0.955605880641547	0.93744010035295	0.142525078653005	0.014050281945102	-0.00322327006028639	1.34038372750557	TRUE
set5IT065	Lomefloxacin 0.0005 mM	10/8/2014 pseudo5_N2-C3_1_ML2_set5	161	2026632	16877	1185631	1179870	91	517	227.203928365107	0.263777726268264	0.281253771272448	1	0.93744010035295	0.239995347109473	0.0507935184737425	-0.0360570914731153	8.72377243098628	TRUE
set5IT067	Ceftazidime 0.2 mg/ml	10/8/2014 pseudo5_N2-C3_1_ML2_set5	163	2275063	19885	1333242	1329198	164	517	255.959560947429	0.118136326770848	0.197803765520646	0.949046068059261	0.93744010035295	0.0714683456132506	0.000506235105677003	-0.0244840755345035	3.67138438373578	TRUE
set5IT068	LB	10/8/2014 pseudo5_N2-C3_1_ML2_set5	164	2140610	13919	1252768	1250865	157	517	240.875216637782	0.133011201444409	0.182228670281143	0.938761939292045	0.93744010035295	0.0895364778759826	0.0439665417094284	0.0144549953397438	1.34663041005942	TRUE
set5IT069	L-Alanine (C)	12/17/2014 pseudo5_N2-C3_1_ML2_set5	165	2205082	15919	1291120	1289062	163	488	248.23069516657	0.223172681653884	0.178131034337516	0.94568558891328	0.931248897250754	0.172896499315757	0.0472524949486082	-0.0319098569879925	1.14452020941694	TRUE
set5IT070	L-Valine (C)	12/17/2014 pseudo5_N2-C3_1_ML2_set5	166	2201862	5202	1288016	1284103	115	488	247.275755825149	0.172675885205748	0.648038100374149	1.58496250072116	0.931248897250754	0.127342913948102	0.031479117222541	-0.038700094138207	5.38193312186758	FALSE
set5IT071	L-Isoleucine (C)	12/17/2014 pseudo5_N2-C3_1_ML2_set5	167	2210326	10973	1297262	1295042	165	488	249.382245330252	0.306890376305049	0.185664429123236	0.945552215977624	0.931248897250754	0.183032630096234	0.01792273508413	-0.0433003649070502	2.46619249982137	TRUE
set5IT072	L-Leucine (C)	12/17/2014 pseudo5_N2-C3_1_ML2_set5	168	2020735	11985	1187955	1185803	150	488	228.34642788369	0.288804162343859	0.197012993103121	0.952913840091834	0.931248897250754	0.234220640398608	0.0105273807170525	-0.0314246048888405	2.4512390832627	TRUE
set5IT073	D-Alanine (C)	12/17/2014 pseudo5_N2-C3_1_ML2_set5	169	2244969	14797	1311890	1309711	163	488	252.207009435779	0.297403006835583	0.185977424975698	0.944325826337389	0.931248897250754	0.23569381471812	0.0541071164986568	-0.0344462687127807	2.80417287939945	TRUE
set5IT074	Carnitine Hydrochloride (C)	12/17/2014 pseudo5_N2-C3_1_ML2_set5	170	1898931	4287	1120450	1118547	142	488	215.395147313691	0.290561599959619	0.189227830477729	0.935580352501602	0.931248897250754	0.246958458090553	0.0549762008829786	-0.0321742786936453	1.18714526382714	TRUE
set5IT075	casaminos (C)	12/17/2014 pseudo5_N2-C3_1_ML2_set5	171	2141766	10356	1259584	1257495	162	488	242.151935297516	0.13534447115113	0.174146157362769	0.949074301787429	0.931248897250754	0.173675907793136	-0.0159512743714227	-0.0256191709187058	1.3076962368652	TRUE
set5IT076	Putrescine (C)	12/17/2014 pseudo5_N2-C3_1_ML2_set5	172	2185230	12589	1285680	1283537	162	488	247.166762950125	0.325342898184328	0.195180389279951	0.939239231449143	0.931248897250754	0.277336728924861	0.0281378424335336	-0.0158844223445184	3.65025882828613	TRUE
set5IT077	NAG (C)	12/17/2014 pseudo5_N2-C3_1_ML2_set5	173	2280533	3737	1345460	1342917	169	488	258.601386481802	0.320484685547906	0.185594772785247	0.948229739957631	0.931248897250754	0.259745517525524	0.0184366784956053	0.00142813878511536	1.94995694250362	TRUE
set5IT078	D-Glucosamine Hydrochloride (C)	12/17/2014 pseudo5_N2-C3_1_ML2_set5	174	2318964	13636	1362646	1360509	171	488	261.989023685731	0.273697090552523	0.182770629393299	0.952432880065514	0.931248897250754	0.216279781348946	0.0107833746365375	-0.0146673355381478	4.36603368224342	TRUE
set5IT079	Uridine (C)	12/17/2014 pseudo5_N2-C3_1_ML2_set5	175	2578104	16271	1508420	1506014	187	488	290.008472944348	0.226159017603756	0.179419653659085	0.943793229327825	0.931248897250754	0.192781562452706	0.0341278753198212	0.0107695657482094	1.50452002898213	TRUE
set5IT080	Inosine (C)	12/17/2014 pseudo5_N2-C3_1_ML2_set5	176	2322124	13426	1359726	1357362	170	488	261.38301559792	0.288940303564725	0.181563964500529	0.945442854857622	0.931248897250754	0.192611278246083	-0.00543140048312876	-0.00497387158903498	2.42912545259628	TRUE
set5IT081	Cytidine (C)	12/17/2014 pseudo5_N2-C3_1_ML2_set5	177	1923136	11678	1125625	1123686	140	488	216.384748700173	0.243493101103035	0.18563751805692	0.932204563993311	0.931248897250754	0.14814924352679	0.0116673620408756	-0.0102385181018055	1.37207371218784	TRUE
set5IT082	D-Mannose (C)	12/17/2014 pseudo5_N2-C3_1_ML2_set5	178	2162045	9716	1273542	1271462	163	488	244.841517427306	0.205528601666319	0.182290383852134	0.926924816400194	0.931248897250754	0.185276346454282	0.0230127701705735	-0.012257780111551	1.11693176061397	TRUE
set5IT083	octanoate (C)	12/17/2014 pseudo5_N2-C3_1_ML2_set5	179	2317686	9083	1360900	1357358	165	488	261.382245330252	0.191667060652855	0.625336935291834	1.14940200645132	0.931248897250754	0.137413868874098	0.0048486505057534	-0.0367294102530593	4.32535830151067	FALSE
set5IT084	L-Isoleucine (N)	12/17/2014 pseudo5_N2-C3_1_ML2_set5	180	2308640	10648	1359622	1357021	174	488	261.317350279222	0.287365682985099	0.18199572805299	0.932885804141463	0.931248897250754	0.204279922827167	0.0358587808798836	-0.0321031979806393	3.91665792244342	TRUE
set5IT085	L-Leucine (N)	12/17/2014 pseudo5_N2-C3_1_ML2_set5	181	2313557	3717	1365646	1362796	172	488	262.429424224918	0.273449387620593	0.179647416117839	0.93662052236767	0.931248897250754	0.145719443659199	0.0187199992507688	0.0118470780018361	5.91502313445662	TRUE
set5IT086	L-Phenylalanine (N)	12/17/2014 pseudo5_N2-C3_1_ML2_set5	182	2287398	3651	1349791	1347475	173	488	259.479106489505	0.208148234781305	0.177664914896354	0.941583313774678	0.931248897250754	0.204294774690021	0.0259955215553781	0.014794026747703	5.03954207289246	TRUE
set5IT087	L-tyrosine (N)	12/17/2014 pseudo5_N2-C3_1_ML2_set5	183	2487141	13231	1478044	1475631	149	488	284.157712305026	0.240523276279294	0.191181969295324	0.946228743559019	0.931248897250754	0.193031496791656	0.0537145253927316	-0.0191297806688918	7.84478307537973	TRUE
set5IT088	D-Serine (N)	12/17/2014 pseudo5_N2-C3_1_ML2_set5	184	1630959	9219	803737	801161	97	488	154.277103793568	0.292293023573457	0.234592160717175	0.956585307160575	0.931248897250754	0.183452095006602	0.00838832870982932	-0.010721128184027	4.4446803921696	TRUE
set5IT089	D-Alanine (N)	12/17/2014 pseudo5_N2-C3_1_ML2_set5	185	1775383	10079	1042252	1040389	132	488	200.34450221452	0.172152862322939	0.197350573710334	0.928672470062466	0.931248897250754	0.188841388198645	0.0104396195470573	-0.0168159474166543	1.40156373699355	TRUE
set5IT090	Gly-DL-Asp (N)	12/17/2014 pseudo5_N2-C3_1_ML2_set5	186	1668888	663	867701	867275	32	488	167.008472944348	0.0608608433914192	0.559335376764345	1.09515723304034	0.931248897250754	0.098880727241007	-0.0445175840970671	-0.0185174215674089	6.61339067559883	FALSE
set5IT091	Gly-Glu (N)	12/17/2014 pseudo5_N2-C3_1_ML2_set5	187	2220758	12137	1292614	1290081	145	488	248.426920854997	0.250934949528466	0.19164282273125	0.937587037597112	0.931248897250754	0.179284576930582	0.00782930447113418	0.0135697576223	8.23920870095922	TRUE
set5IT092	Carnitine Hydrochloride (N)	12/17/2014 pseudo5_N2-C3_1_ML2_set5	188	2292801	14398	1345805	1343745	171	488	258.760831889081	0.227193217895871	0.178571237998228	0.956996296422929	0.931248897250754	0.204347240331135	0.0288427279629104	-0.0385476425807695	1.4103770518708	TRUE
set5IT093	Putrescine (N)	12/17/2014 pseudo5_N2-C3_1_ML2_set5	189	2312124	14259	1358673	1356286	171	488	261.175813595224	0.214402920167082	0.177598262148307	0.94805217064943	0.931248897250754	0.190329556407862	0.0504670378931399	-0.0280321600475728	1.89209580454811	TRUE
set5IT094	Time0	12/17/2014 pseudo5_N2-C3_1_ML2_set5	190	2453341	18315	1425880	1423424	161	325	274.104371269016	0.00359667427694495	0.175694951666128	0.948106901410442	0.932469234270782	-0.00469112165277197	-0.0196271026831918	0.00970100227579359	1.16457087704814	FALSE
set5IT095	Time0	12/17/2014 pseudo5_N2-C3_1_ML2_set5	191	2431803	18432	1412509	1410285	162	325	271.574234546505	0.00868012907911362	0.173663194681164	0.935140660476354	0.935750421730283	0.00892432581391392	0.0109519278659018	0.01046679005218	1.16850652693026	FALSE
set5IT096	Time0	12/17/2014 pseudo5_N2-C3_1_ML2_set5	192	2482462	18531	1444392	1441965	164	323	277.674754477181	-0.00185646147991202	0.173527069823053	0.935710477426721	0.937028428114473	0.0540954912169537	-0.0402939851653445	-0.0246667187285258	1.83890984350924	FALSE
set6IT049	D-Glucosamine Hydrochloride (N)	12/17/2014 pseudo5_N2-C3_1_ML2_set6	193	3047412	6680	1797791	1794828	226	635	345.624494511843	0.257361441233523	0.166866942388775	0.949462452121337	0.915695962258264	0.193308200502636	0.0785536841505234	0.0324304904012943	2.49009525574976	TRUE
set6IT050	Adenosine (N)	12/17/2014 pseudo5_N2-C3_1_ML2_set6	194	3084722	16577	1820482	1817428	226	635	349.976506836126	0.259319121462204	0.165160839628774	0.932325729043481	0.915695962258264	0.191008735051518	0.036793720404744	-0.0419890878681691	5.57156081529464	TRUE
set6IT051	Adenine (N)	12/17/2014 pseudo5_N2-C3_1_ML2_set6	195	3107845	13046	1823082	1819969	233	635	350.465819372232	0.22601231058194	0.16339100330253	0.938599455335856	0.915695962258264	0.163236367702664	0.0664379238307604	0.0154228539658898	1.46052651948587	TRUE
set6IT052	Uridine (N)	12/17/2014 pseudo5_N2-C3_1_ML2_set6	196	2591715	5512	1527087	1524077	195	635	293.486809166185	0.207141358112369	0.176018063909901	0.93892271212838	0.915695962258264	0.154006554946898	0.0185458925297925	0.00105948865304094	1.14992027285671	TRUE
set6IT053	Inosine (N)	12/17/2014 pseudo5_N2-C3_1_ML2_set6	197	2905960	15818	1611116	1608120	198	635	309.670710571924	0.291451810947827	0.177809911960315	0.956493965260259	0.915695962258264	0.146034237867426	0.0422614130500053	0.00476642074765346	3.04720331133854	TRUE
set6IT054	Thymine (N)	12/17/2014 pseudo5_N2-C3_1_ML2_set6	198	2955199	7989	1740445	1737203	222	635	334.527825919507	0.192394430136127	0.169281867804599	0.943983866146718	0.915695962258264	0.199020373290776	0.0115122868970015	0.00466825534581698	1.39943465795969	TRUE
set6IT055	Cytosine (N)	12/17/2014 pseudo5_N2-C3_1_ML2_set6	199	2948763	14940	1732608	1729582	221	635	333.060273445022	0.198273812586965	0.163440833204383	0.940061302146566	0.915695962258264	0.181162198326654	0.0697197213049324	-0.014837196856622	1.76971385401007	TRUE
set6IT056	Ammonium chloride (N)	12/17/2014 pseudo5_N2-C3_1_ML2_set6	200	2871354	18393	1687008	1683911	218	635	324.265549778548	0.186139409223354	0.166181728852724	0.940656613052087	0.915695962258264	0.196075841220982	0.054483224460573	-0.0100397541755791	1.2863819874232	TRUE
set6IT058	nitrite (N)	12/17/2014 pseudo5_N2-C3_1_ML2_set6	202	2925522	18602	1714915	1711989	212	635	329.672443674177	0.21396512444077	0.170975469277775	0.952642462417609	0.915695962258264	0.169721969937896	0.0311244676902874	-0.0191222236679122	1.75951794991644	TRUE
set6IT059	Urea (N)	12/17/2014 pseudo5_N2-C3_1_ML2_set6	203	2651104	4277	852726	851043	104	635	163.882726747545	0.187331686384774	0.226918342810727	0.963925107122082	0.915695962258264	0.119094730092839	0.0210527500921592	-0.00019976672359619	3.5094203657616	TRUE
set6IT060	Time0	12/17/2014 pseudo5_N2-C3_1_ML2_set6	204	3171893	24032	1845105	1842066	210	430	354.720970537262	0.0229174402780474	0.150626328632271	0.929028705541784	0.921970588735515	0.0572366875301796	-0.00159354417435102	-0.00112236868024668	1.25361714735232	FALSE
set6IT061	Time0	12/17/2014 pseudo5_N2-C3_1_ML2_set6	205	3093900	22201	1797659	1794827	206	430	345.624301944926	0.00751795873984426	0.158942207618938	0.928446738974967	0.934464669712486	0.000107432886236786	-0.0298346067639671	-0.0101144335205569	1.06640443521349	FALSE
set6IT062	Time0	12/17/2014 pseudo5_N2-C3_1_ML2_set6	206	3323286	24596	1936199	1933015	224	414	372.234739071827	0.0326390162202278	0.158452107797102	0.929610672108602	0.920404826057438	0.0216501185698525	-0.00238360091979345	0.00436948086843986	1.22136201843904	FALSE
set6IT063	outer cut, LB soft agar motility assay	12/17/2014 pseudo5_N2-C3_1_ML2_set6	207	2776600	14773	1537096	1534754	135	635	295.542846139033	0.237757762777459	0.374311456401907	1.03038711950734	0.915695962258264	0.185721656789058	0.0242252094772507	0.000237371099299056	9.08463075332758	TRUE
set6IT064	outer cut, LB soft agar motility assay	12/17/2014 pseudo5_N2-C3_1_ML2_set6	208	2540961	12910	1429499	1427337	139	635	274.857885615251	0.211660523510844	0.357492426188404	1.0083645973659	0.915695962258264	0.156431609075866	0.063509692223634	-0.00598096204750678	8.27558219473535	TRUE
set6IT065	outer cut, LB soft agar motility assay	12/17/2014 pseudo5_N2-C3_1_ML2_set6	209	2650742	14617	1502791	1500560	157	635	288.95821297901	0.200520304657294	0.355570600150146	1.04646718869636	0.915695962258264	0.169979893397971	0.070214985099993	-0.020671106377917	8.032093602497	TRUE
set6IT066	outer cut, LB soft agar motility assay	12/17/2014 pseudo5_N2-C3_1_ML2_set6	210	2614512	12852	1463125	1460899	137	635	281.320816483728	0.200159245630137	0.345761629999335	1.01305615282545	0.915695962258264	0.190244417199759	0.0536502329809748	-0.0143481247326388	8.58434540116139	TRUE
set6IT067	Time0	10/28/2014 pseudo5_N2-C3_1_ML2_set6	211	2869237	21076	1667887	1664999	191	708	320.623724244175	0.0250167116301606	0.166585437746237	0.931517347443746	0.934395614389604	0.0346112898493796	0.0370370433496167	0.01437250835119	1.67456427809359	FALSE
set6IT068	Time0	10/28/2014 pseudo5_N2-C3_1_ML2_set6	212	2659244	19687	1546624	1544116	178	722	297.345657616022	0.00846547581012283	0.158057919881524	0.936755572824899	0.930014283373082	-0.0120162873691336	-0.0243855729780554	-0.00545431902637942	0.863512586030308	FALSE
set6IT069	Time0	10/28/2014 pseudo5_N2-C3_1_ML2_set6	213	2697500	19617	1569551	1566969	179	721	301.746389370306	0.0307021620151542	0.150256553842042	0.93161302501975	0.921335260632838	-0.00398446242251584	0.0350870622129347	0.000258484256865685	1.13117820151447	FALSE
set6IT070	LB 10C	10/28/2014 pseudo5_N2-C3_1_ML2_set6	214	2277526	15219	1330620	1328528	164	900	255.830541113037	0.128028508799959	0.172896435339517	0.932885804141463	0.925907708236292	0.137507975780634	0.0396492046846722	0.0348507415442008	1.20170358624815	TRUE
set6IT071	LB 10C	10/28/2014 pseudo5_N2-C3_1_ML2_set6	215	2715036	18362	1586188	1583826	195	900	304.992489890237	0.139271239018762	0.152814852910218	0.938887131319907	0.925907708236292	0.155415860952003	0.0428028792481036	0.0208708777935072	0.837792504281497	TRUE
set6IT072	LB 20C	10/28/2014 pseudo5_N2-C3_1_ML2_set6	216	2711919	18486	1588672	1586286	202	900	305.466204506066	0.101521748936042	0.159959897237505	0.954901095514211	0.925907708236292	0.126051385280844	0.0264260312264601	0.0188639620129064	1.8236292297109	TRUE
set6IT073	LB 20C	10/28/2014 pseudo5_N2-C3_1_ML2_set6	217	2450749	16933	1437815	1435714	181	900	276.471018678991	0.123607797986475	0.165525827817962	0.9404576033984	0.925907708236292	0.138180730788706	0.0096390405394921	0.0153909181107108	1.90181135493701	TRUE
set6IT074	LB 30C	10/28/2014 pseudo5_N2-C3_1_ML2_set6	218	2113669	13823	1240473	1238385	160	900	238.471981513576	0.163172335061096	0.165333136865748	0.939852883141144	0.925907708236292	0.147964989523738	0.00997707287932481	0.0158466973988421	3.05260339548791	TRUE
set6IT075	LB 30C	10/28/2014 pseudo5_N2-C3_1_ML2_set6	219	2316784	15558	1360200	1357907	174	900	261.487964567687	0.141040714490373	0.176907881114138	0.943416471633632	0.925907708236292	0.119435468363154	-0.0174275428380993	0.0151632103431177	3.28975339687771	TRUE
set6IT076	LB 37C	10/28/2014 pseudo5_N2-C3_1_ML2_set6	220	2911883	19050	1712283	1709285	222	900	329.151742730599	0.134229098959967	0.154772527324479	0.936625312705262	0.925907708236292	0.124435276578335	0.0301163329520181	0.0163357230999964	1.36345186216451	TRUE
set6IT077	LB 37C	10/28/2014 pseudo5_N2-C3_1_ML2_set6	221	2680059	17241	1575721	1572893	204	900	302.887155786636	0.150476797059496	0.164029214149983	0.934658315075269	0.925907708236292	0.106298286213508	0.0325534445067117	0.00978322086765765	0.956931982016141	TRUE
set6IT078	Minimal media pH6	10/28/2014 pseudo5_N2-C3_1_ML2_set6	222	2813199	14459	1656959	1654293	208	900	318.562102830734	0.301591409365768	0.169862204324637	0.937650361171781	0.925907708236292	0.25009308652593	0.0560452468513726	0.00551728552311709	1.79776194143663	TRUE
set6IT079	Minimal media pH6	10/28/2014 pseudo5_N2-C3_1_ML2_set6	223	2926655	19374	1718946	1715111	216	900	330.273637589062	0.281558590612405	0.181683295245271	0.959204193661695	0.925907708236292	0.254539760224421	0.032573079626268	0.0113767190944958	1.46714550030308	TRUE
set6IT080	Minimal media pH7	10/28/2014 pseudo5_N2-C3_1_ML2_set6	224	2609183	12816	1535757	1533207	194	900	295.244945118429	0.219522573560893	0.169512480146553	0.951794396619063	0.925907708236292	0.176937936067228	-0.00275861299485201	-0.0145908400395436	1.29476794802003	TRUE
set6IT081	Minimal media pH7	10/28/2014 pseudo5_N2-C3_1_ML2_set6	225	2409908	10964	1417042	1414666	178	900	272.417870209898	0.206447425848559	0.175143521659111	0.938453566464807	0.925907708236292	0.183079417846277	0.0450167036867368	-0.0144829173949628	1.26029375390088	TRUE
set6IT082	Minimal media pH8	10/28/2014 pseudo5_N2-C3_1_ML2_set6	226	2707269	13369	1595630	1592836	202	900	306.72751781244	0.200259795355334	0.173207025023368	0.959358015502654	0.925907708236292	0.221279992731836	0.0679768973484076	0.00457346218746522	2.49187656856562	TRUE
set6IT083	Minimal media pH8	10/28/2014 pseudo5_N2-C3_1_ML2_set6	227	1713630	11367	1007052	1005563	129	900	193.63816676295	0.189312721018257	0.216051248525353	0.944681666607917	0.925907708236292	0.194359189073136	0.0304787307620144	0.000824079792070145	2.13644655715276	TRUE
set6IT085	Minimal media pH9	10/28/2014 pseudo5_N2-C3_1_ML2_set6	229	1683339	10088	988844	987149	124	900	190.092239553245	0.293068610722604	0.190999223539	0.952148094020056	0.925907708236292	0.268210828518562	0.0996555920715264	0.0023298501101908	0.9980943031931	TRUE
set6IT086	Nitrate reduction	10/28/2014 pseudo5_N2-C3_1_ML2_set6	230	1141322	8359	667455	665159	81	900	128.087617947237	0.190865848327321	0.533163058528613	1.10081693058483	0.925907708236292	0.189178642318652	0.0279957055331137	0.0188099129066586	2.66609392812594	FALSE
set6IT087	Nitrate reduction	10/28/2014 pseudo5_N2-C3_1_ML2_set6	231	2533691	19195	1491439	1486283	180	900	286.208935104949	0.140777950913994	0.705087364498847	1.26635652381655	0.925907708236292	0.135984508753845	0.00684269030276727	0.0122847869103337	2.85118945901237	FALSE
set6IT088	Nitrate reduction with yeast extract	10/28/2014 pseudo5_N2-C3_1_ML2_set6	232	1268127	9375	739929	736993	89	900	141.920469863277	0.138333063659644	0.623533521654746	1.16456579011876	0.925907708236292	0.161457392269005	0.0372631127176292	0.0315935031029262	2.53637256042665	FALSE
set6IT089	Nitrate reduction with yeast extract	10/28/2014 pseudo5_N2-C3_1_ML2_set6	233	1299571	10000	759265	756126	93	900	145.604852686309	0.174737602660728	0.471486961471131	1.08746284125034	0.925907708236292	0.177184645886793	0.013373255226084	0.0454145336423152	2.08524909593685	TRUE
set6IT090	4C survival; 24 hrs	10/28/2014 pseudo5_N2-C3_1_ML2_set6	234	1806229	11635	1060349	1058581	135	900	203.84767956865	0.132362860497489	0.167871857124244	0.929592038268927	0.925907708236292	0.0991105213770564	-0.0018498484900297	0.0313776516621669	1.85828754833307	TRUE
set6IT091	4C survival; 192 hrs	10/28/2014 pseudo5_N2-C3_1_ML2_set6	235	1177908	6962	689599	688385	86	900	132.560177161564	0.231083230836858	0.21832555398744	0.93716649446279	0.925907708236292	0.204733619425189	0.0522851247584785	0.062075797332522	4.10144759843875	TRUE
set6IT092	4C survival; 360 hrs	10/28/2014 pseudo5_N2-C3_1_ML2_set6	236	949364	5598	554890	553914	69	900	106.665511265165	0.255542600908424	0.240433759800613	0.951892342370348	0.925907708236292	0.206579128414177	0.0133937124367141	0.0448758736623207	4.95443837530781	TRUE
set6IT093	4C survival; 672 hrs	10/28/2014 pseudo5_N2-C3_1_ML2_set6	237	2215852	11258	1278895	1276798	122	900	245.869054496438	0.315427591187938	0.186656029597778	0.935026913714073	0.925907708236292	0.277130792660202	0.0477578587918187	0.0477463756593397	9.14666185024888	TRUE
set6IT094	4C survival; 1152 hrs	10/28/2014 pseudo5_N2-C3_1_ML2_set6	238	2944561	7631	1298285	1296358	80	900	249.635663393029	0.358285269133412	0.234298843267108	0.938599455335857	0.925907708236292	0.248355210174931	0.0572775436191231	0.0261116146038218	10.6522640752643	TRUE
set6IT095	Time0	10/28/2014 pseudo5_N2-C3_1_ML2_set6	239	2668823	19568	1553212	1550268	178	719	298.530329289428	-0.0244398980846647	0.169844901415736	0.92247822611745	0.931068161412955	-0.000124607606571586	0.0455921302905498	-0.00335978289435789	1.02398060856287	FALSE
set6IT096	Time0	10/28/2014 pseudo5_N2-C3_1_ML2_set6	240	2561275	19065	1491844	1489214	172	728	286.773348738687	0.0221708457577728	0.156766569688664	0.925999418556223	0.934938702461081	-0.0324572722125638	0.0167371424718018	-0.0202645436548331	0.938682984189287	FALSE
