name	short	t0set	num	nMapped	nPastEnd	nGenic	nUsed	gMed	gMedt0	gMean	cor12	mad12	mad12c	mad12c_t0	opcor	adjcor	gccor	maxFit	u
set1H1	Time0	4/15/2013 SB2B_ML5_set1	1	2448943	41714	1606926	1582342	322	398	506.998397949375	-0.00662369285048409	0.149346378031238	0.71723142650753	0.716207033999409	0.0409332486979287	-0.0258210997943208	0.00513120544972796	1.03544749477989	FALSE
set1H2	Time0	4/15/2013 SB2B_ML5_set1	2	3051918	52019	2002787	1971508	398	322	631.691124639539	-0.00662369285048409	0.149346378031238	0.716207033999409	0.71723142650753	0.0409332486979287	-0.0258210997943208	-0.00513120544972798	1.29989519829504	FALSE
set1H3	D-Glucose	4/15/2013 SB2B_ML5_set1	3	2900033	8830	2142964	2090420	83	717	669.791733418776	0.302641974466833	0.222040962055727	0.753162821694008	0.718785578101185	0.339326472049855	-0.027852655833329	-0.0630814687611451	11.9653438546536	TRUE
set1H4	D-Maltose	4/15/2013 SB2B_ML5_set1	4	2867258	31337	1891028	1856724	398	717	594.913168856136	0.506451910410972	0.156175792070306	0.724198298092327	0.718785578101185	0.416338042019969	0.06125869597293	-0.0996947549772931	4.13419882030206	TRUE
set1H5	a-Ketoglutaric	4/15/2013 SB2B_ML5_set1	5	2809727	40480	1848713	1812901	366	717	580.871835950016	0.544692199764057	0.190631144192878	0.742250197294474	0.718785578101185	0.402786573630097	0.048309675492322	-0.0624736666931933	6.37453807276931	TRUE
set1H6	acetate	4/15/2013 SB2B_ML5_set1	6	2859381	51710	1893590	1860120	371	717	596.0012816405	0.496590702081561	0.147326976687836	0.736965594166206	0.718785578101185	0.398320920481264	0.0985105092590741	-0.0846468057436139	6.80186682777116	TRUE
set1H7	Fumarate	4/15/2013 SB2B_ML5_set1	7	2252558	8019	1363844	688336	15	717	220.549823774431	0.168068114425846	0.455284484753704	1.22239242133645	0.718785578101185	0.220844180827323	-0.0232078640342906	-0.0222096598742668	12.5809134390358	FALSE
set1H8	D-Cellobiose	4/15/2013 SB2B_ML5_set1	8	3049409	25462	2175341	2132791	330	717	683.367830823454	0.410746922604318	0.143586182712707	0.718061636441322	0.718785578101185	0.335760901471023	0.0397289852677033	-0.0914294652702927	9.67685136807804	TRUE
set1H9	L-Lactate	4/15/2013 SB2B_ML5_set1	9	2217201	30060	1466282	1416125	283	717	453.740788208907	0.507180247935588	0.260798015328756	0.79413930255344	0.718785578101185	0.376587128477395	0.0525238233247602	-0.0909611767222023	7.74688852220125	TRUE
set1H10	D,L-Lactate	4/15/2013 SB2B_ML5_set1	10	2829947	21914	1619587	1486528	243	717	476.298622236463	0.565119960793709	0.180114320499985	0.744813455988892	0.718785578101185	0.407223327253369	0.024921005940082	-0.0818255824099849	11.3544115737512	TRUE
set1H11	pyruvate	4/15/2013 SB2B_ML5_set1	11	2718857	33032	1793244	1761887	381	717	564.526433835309	0.48577952278991	0.154650302620853	0.725492809722257	0.718785578101185	0.459634099212811	0.0595370716516085	-0.106836442066752	2.27700582247837	TRUE
set1H12	succinate	4/15/2013 SB2B_ML5_set1	12	2358667	16482	1463372	954656	79	717	305.881448253765	0.241035263057467	0.785432534726085	1.60698880705116	0.718785578101185	0.184866343110368	0.0509568068573042	-0.0280368754193508	12.2234292670121	FALSE
set1H13	D-Mannitol	4/15/2013 SB2B_ML5_set1	13	2933162	29240	1934996	1901362	404	717	609.215636014098	0.449617479547341	0.144950437109602	0.722704901041036	0.718785578101185	0.431882967059603	0.0710083458729657	-0.116816201858204	2.17871220166125	TRUE
set1H14	Tween 20	4/15/2013 SB2B_ML5_set1	14	2208925	23099	1447890	1423348	301	717	456.055110541493	0.536022693395234	0.163288059753075	0.721283971933937	0.718785578101185	0.486339559357879	0.016783348241812	-0.0457053743796057	4.79603649830501	TRUE
set1H15	L-Malic	4/15/2013 SB2B_ML5_set1	15	2785431	5102	1567743	1051870	10	717	337.029798141621	0.143760267794118	0.31781626683267	1	0.718785578101185	0.245568601312587	-0.00867713237946537	-0.0313895484098581	10.9449007720391	FALSE
set1H16	L-Glutamic	4/15/2013 SB2B_ML5_set1	16	3085746	52675	1988582	1949121	209	717	624.51810317206	0.461814466279198	0.173796148146649	0.746678413046489	0.718785578101185	0.389749615539953	0.0484663760206689	-0.126272589459571	7.55081067838997	TRUE
set1H17	L-Glutamine	4/15/2013 SB2B_ML5_set1	17	2945532	38718	1947438	1910962	227	717	612.291573213714	0.534013399447559	0.170257124755595	0.736965594166206	0.718785578101185	0.46870266999432	0.0149792616345609	-0.123633078104459	8.33375062744119	TRUE
set1H18	Gly-Glu	4/15/2013 SB2B_ML5_set1	18	3091253	35117	2031068	1997874	433	717	640.139057994233	0.445555899732124	0.144138178275605	0.728378098329483	0.718785578101185	0.415829512619859	-0.0112994467789477	-0.0508598816296114	2.40146623076802	TRUE
set1H19	Gelatin	4/15/2013 SB2B_ML5_set1	19	2761077	38276	1814014	1783606	395	717	571.485421339314	0.32228451695478	0.134750717280587	0.715546610531301	0.718785578101185	0.327765372629416	0.0263481397515397	-0.0897806724768667	1.75381934139886	TRUE
set1H20	casaminos	4/15/2013 SB2B_ML5_set1	20	2840283	43870	1864750	1835506	404	717	588.114706824736	0.195423771968356	0.134900002490337	0.71964611796618	0.718785578101185	0.24657333826841	0.0364932326973218	-0.0770051732433137	1.87350086599041	TRUE
set1H21	Putrescine	4/15/2013 SB2B_ML5_set1	21	2888499	35125	1971725	1931891	327	717	618.997436719	0.548471581124233	0.167298271360407	0.736965594166207	0.718785578101185	0.472658227002274	0.0779291256245669	-0.117403681309962	6.34092252930561	TRUE
set1H22	NAG	4/15/2013 SB2B_ML5_set1	22	2996255	36011	1971196	1936896	412	717	620.601089394425	0.500992650899016	0.179886974765736	0.74484919324204	0.718785578101185	0.423550068654338	0.0806534471858928	-0.0636956603836654	3.97190030649716	TRUE
set1H23	Adenosine	4/15/2013 SB2B_ML5_set1	23	2775336	33491	1822977	1793185	384	717	574.554629926306	0.450829589751816	0.140453758318888	0.732304216796344	0.718785578101185	0.418167121816821	0.0266936799924954	-0.0849947493284266	2.34203889817071	TRUE
set1H24	Uridine	4/15/2013 SB2B_ML5_set1	24	2722607	31373	1789930	1759400	383	717	563.729573854534	0.443193093194584	0.134285537268461	0.720617600078723	0.718785578101185	0.343263858159288	0.0361105018644036	-0.106329817138629	2.56934643891679	TRUE
set1H25	Thymidine	4/15/2013 SB2B_ML5_set1	25	3115173	30169	2015856	1975991	409	717	633.127523229734	0.487355348731247	0.159915724776149	0.736965594166206	0.718785578101185	0.393224153115164	0.034285558041513	-0.0883467801410766	7.13526288547105	TRUE
set1H26	Inosine	4/15/2013 SB2B_ML5_set1	26	3089748	34226	2028836	1996016	426	717	639.543735982057	0.395161853454156	0.129159470405437	0.734285249612805	0.718785578101185	0.316573066647465	0.0432799633217579	-0.100324145829016	1.63270470394494	TRUE
set1H27	Cytidine	4/15/2013 SB2B_ML5_set1	27	2799768	32678	1840248	1808681	393	717	579.519705222685	0.479963340322929	0.147718651298719	0.725267072782334	0.718785578101185	0.366523522851779	0.0792461640013548	-0.0936376903425073	2.56238534331421	TRUE
set1H28	D-Mannose	4/15/2013 SB2B_ML5_set1	28	2594392	31926	1700161	1671812	357	717	535.665491829542	0.412664748309507	0.145225619463437	0.730679331318774	0.718785578101185	0.36528308482281	0.0229186566781718	-0.0965556712774285	1.20410604773361	TRUE
set1H29	Sucrose	4/15/2013 SB2B_ML5_set1	29	2704885	17662	1888221	1845671	130	717	591.371675744954	0.282595040796605	0.215927497557822	0.758991900496206	0.718785578101185	0.309242882894654	0.0409459939251385	-0.094082428158999	11.2395709991264	TRUE
set1H30	L-Serine	4/15/2013 SB2B_ML5_set1	30	2722697	25294	1980975	1937818	147	717	620.896507529638	0.417112518993449	0.200662418159192	0.786293306529775	0.718785578101185	0.384518183162886	0.0922298955623783	-0.137460414397206	8.50758468590678	TRUE
set1H31	D-Glucose	4/15/2013 SB2B_ML5_set1	31	3001968	9076	2217874	2162695	85	717	692.949375200256	0.303655640026869	0.218956956207579	0.758991900496205	0.718785578101185	0.291590953137007	0.0226955649506172	-0.0522697450503186	11.9933223457676	TRUE
set1H32	D,L-Lactate	4/15/2013 SB2B_ML5_set1	32	2886464	21760	1651871	1518088	244	717	486.410765780199	0.561029159212291	0.175649047078309	0.736965594166206	0.718785578101185	0.43421867544958	0.0587275514916124	-0.0844553479959382	11.3353086211468	TRUE
set1H33	Tween 20	4/15/2013 SB2B_ML5_set1	33	2874101	30832	1881245	1847920	394	717	592.092278115989	0.522594856674584	0.153531777722129	0.727234056148432	0.718785578101185	0.48363123519219	0.0589854025306302	-0.0491377240224273	4.87060269386002	TRUE
set1H34	casaminos	4/15/2013 SB2B_ML5_set1	34	2889802	46374	1895867	1865608	414	717	597.75969240628	0.214250645065013	0.130150714412176	0.714473233717561	0.718785578101185	0.245868484548464	0.0401899960768659	-0.0881850020976993	1.77062255167555	TRUE
set1H35	Putrescine	4/15/2013 SB2B_ML5_set1	35	2381983	29141	1624443	1592100	271	717	510.124959948734	0.520592893679578	0.170583329752794	0.739235767791033	0.718785578101185	0.483247249470994	0.0472915170247631	-0.117757842401782	6.28036792469023	TRUE
set1H36	NAG	4/15/2013 SB2B_ML5_set1	36	2757945	33216	1812316	1780855	378	717	570.603973085549	0.520124765001824	0.176404145327271	0.747233929620034	0.718785578101185	0.424058761341297	0.0792805859099988	-0.0686224415617438	3.96888257259603	TRUE
set1H38	LB rep1 t1	3/25/2013 SB2B_ML5_set1	38	1931539	28274	1269412	1250039	259	244	400.525152194809	0.15036354915089	0.15687195094193	0.705430020733099	0.713338535237548	0.116461946684663	0.0220171476786806	0.052279129497245	1.23901126514451	TRUE
set1H39	LB rep1 t2	3/25/2013 SB2B_ML5_set1	39	2899857	37507	1908359	1879250	387	244	602.130727330984	0.2161775982255	0.145729148093971	0.701658725430254	0.713338535237548	0.201115551521134	0.0407559304862692	0.0218524383804781	2.12792028752072	TRUE
set1H40	LB rep2 t1	3/25/2013 SB2B_ML5_set1	40	2349779	37049	1544232	1520192	312	244	487.084908683114	0.124562791933871	0.16099920512403	0.7094848577441	0.713338535237548	0.126697510686415	0.000149953790578473	0.0668283646416557	2.08426613911426	TRUE
set1H41	LB rep2 t2	3/25/2013 SB2B_ML5_set1	41	2795261	38995	1837397	1808408	370	244	579.432233258571	0.210733680482031	0.14956612296801	0.705898808727765	0.713338535237548	0.139377858836919	0.032439283498584	-0.00113830435246108	1.11874541208565	TRUE
set1H42	LB, microplate	3/25/2013 SB2B_ML5_set1	42	2690496	73749	1743857	1714816	375	244	549.444408843319	0.128865669870899	0.162475392454096	0.721898146077264	0.713338535237548	0.189484430182277	-0.00898515408907982	0.0453477437177082	1.71271554209005	TRUE
set1H43	LB, microplate	3/25/2013 SB2B_ML5_set1	43	2784179	55917	1819597	1790134	395	244	573.577058635053	0.125605332828884	0.156836432110587	0.726715497472449	0.713338535237548	0.116568591052773	-0.00863902520704531	0.0796517096517108	2.16263584265427	TRUE
set1H44	LB, microplate	3/25/2013 SB2B_ML5_set1	44	2701405	62835	1757992	1727673	380	244	553.56392181993	0.168059287904237	0.149877001181372	0.703454055945288	0.713338535237548	0.117286996389535	0.0320681245211613	0.062924173458131	1.1770398168864	TRUE
set1H45	D,L-Lactate	3/25/2013 SB2B_ML5_set1	45	2967265	35589	1945585	1911574	415	244	612.487664210189	0.425713644518467	0.16435721408484	0.726981505593584	0.713338535237548	0.352395875932215	0.103476693134686	-0.0645415759134639	2.55656371384955	TRUE
set1H46	D,L-Lactate	3/25/2013 SB2B_ML5_set1	46	2671232	31452	1751364	1721473	370	244	551.577379045178	0.439730118585384	0.164529761032283	0.726981505593584	0.713338535237548	0.390861245857877	0.090642795612402	-0.0747581817570945	2.85906531114201	TRUE
set1H47	D,L-Lactate	3/25/2013 SB2B_ML5_set1	47	3077766	38188	2018745	1982240	428	244	635.129766100609	0.40077002249532	0.174449912211769	0.721844307141543	0.713338535237548	0.361732513073538	0.0969411674093484	-0.073040712206153	3.04369939828702	TRUE
set1H48	D,L-Lactate	3/25/2013 SB2B_ML5_set1	48	3040730	36368	1975863	1941460	419	244	622.063441204742	0.466421730518701	0.157154322871651	0.734074684108839	0.713338535237548	0.406093831979178	0.0724412911375114	-0.085818230732982	2.91717861008458	TRUE
set2H2	LB rep1 t1	3/25/2013 SB2B_ML5_set2	50	3213204	54755	2106818	2073556	424	345	664.388337071451	0.112075723974214	0.145872592916624	0.701658725430253	0.719548541088797	0.146923006049306	0.0544723144234932	-0.0400440407639228	1.09689402412491	TRUE
set2H3	LB rep1 t2	3/25/2013 SB2B_ML5_set2	51	3263374	46813	2143393	2106508	434	345	674.946491509132	0.160809090759847	0.143241661263909	0.712197689017263	0.719548541088797	0.170346690324563	0.0497614343566291	-0.0436158495831014	1.48631717880657	TRUE
set2H4	LB rep2 t1	3/25/2013 SB2B_ML5_set2	52	3063398	48242	2011570	1980752	412	345	634.652995834668	0.125558714755551	0.138553063483887	0.710493382805015	0.719548541088797	0.091016290260185	0.0360732392454843	-0.0153027296458735	1.01569047196118	TRUE
set2H5	LB rep2 t2	3/25/2013 SB2B_ML5_set2	53	3264448	42292	2149491	2116836	433	345	678.255687279718	0.184398296041433	0.142565102421005	0.703143927069471	0.719548541088797	0.166736909378379	0.045268781875054	-0.0200417737998681	0.78928867783537	TRUE
set2H6	LB, microplate	3/25/2013 SB2B_ML5_set2	54	3017959	95418	1948215	1915895	423	345	613.872156360141	0.115306082041068	0.152473374085518	0.725637588364693	0.719548541088797	0.112255351981314	0.0537259554499821	-0.0208430837011307	1.12123474763243	TRUE
set2H7	LB, microplate	3/25/2013 SB2B_ML5_set2	55	3261046	71049	2127912	2092883	460	345	670.580903556552	0.128327634232054	0.141476626023987	0.724365557386572	0.719548541088797	0.172399560596614	0.067136917608066	0.00342989391171216	0.99143694186031	TRUE
set2H8	LB, microplate	3/25/2013 SB2B_ML5_set2	56	3196668	74198	2082156	2047363	452	345	655.995834668376	0.0979315708274132	0.148188108666009	0.713404978224919	0.719548541088797	0.161231162803072	0.0226018672211131	-0.00752573737272466	1.28203492287088	FALSE
set2H9	D,L-Lactate	3/25/2013 SB2B_ML5_set2	57	2533253	30234	1661964	1633219	350	345	523.299903876963	0.418461290140997	0.155815112906202	0.737106235133455	0.719548541088797	0.37070181035013	0.0505196713630723	-0.0993295075664469	2.26437512811245	TRUE
set2H10	D,L-Lactate	3/25/2013 SB2B_ML5_set2	58	3050204	36067	1998684	1964115	426	345	629.32233258571	0.440656071399389	0.146843519465555	0.714091127913619	0.719548541088797	0.392282225365371	-0.0178395083214246	-0.101763944201063	2.65369685211103	TRUE
set2H11	LB, microplate	3/25/2013 SB2B_ML5_set2	59	2966996	74259	1929475	1897444	414	345	607.960269144505	0.0861375050575221	0.154471649751931	0.702031804056819	0.719548541088797	0.145834116508331	0.0439345171846083	-0.0226326504361558	1.42057130249582	FALSE
set2H12	LB, microplate	3/25/2013 SB2B_ML5_set2	60	2851501	68108	1855156	1824294	397	345	584.522268503685	0.108085015017846	0.142295513646064	0.710493382805016	0.719548541088797	0.136198329189336	0.0549973398273698	-0.024735725259731	1.64563337412764	TRUE
set2H13	Time0	4/15/2013 SB2B_ML5_set2	61	3128499	52473	2053597	2022987	411	289	648.185517462352	-0.0258579749158601	0.155619434755994	0.718979848692843	0.70823387562289	-0.0106644961639246	-0.0425703886441328	0.00236575661827783	1.26778586022045	FALSE
set2H14	Time0	4/15/2013 SB2B_ML5_set2	62	2206603	38131	1446557	1424024	289	411	456.271707785966	-0.0258579749158601	0.155619434755994	0.70823387562289	0.718979848692843	-0.0106644961639246	-0.0425703886441328	-0.00236575661827781	2.63029795570106	FALSE
set2H15	D-Glucose	4/15/2013 SB2B_ML5_set2	63	2762735	9124	2090870	2060768	79	697	660.290932393464	0.28997358323477	0.230037482174855	0.788495894806288	0.706993514415148	0.285518379870256	0.053668659931747	-0.0667732907090426	12.1742344246458	TRUE
set2H16	D-Maltose	4/15/2013 SB2B_ML5_set2	64	3066489	37280	2015789	1980423	424	697	634.547580903557	0.511906642268324	0.148425058610446	0.727474145188909	0.706993514415148	0.459196348897737	0.0681188336449936	-0.0775795779169567	2.8466517776925	TRUE
set2H17	a-Ketoglutaric	4/15/2013 SB2B_ML5_set2	65	2408792	38296	1576175	1547482	322	697	495.828900993271	0.469364874352365	0.253696270094478	0.796466605914868	0.706993514415148	0.349525186052518	0.00946015494584711	-0.0507977847533754	4.70561866722561	TRUE
set2H18	acetate	4/15/2013 SB2B_ML5_set2	66	3322214	61444	2203373	2163459	434	697	693.194168535726	0.491553649936261	0.149192598548125	0.74141492704017	0.706993514415148	0.425068317769791	0.0898112471366865	-0.0896726955145385	7.15487475817338	TRUE
set2H19	Fumarate	4/15/2013 SB2B_ML5_set2	67	2626903	14397	1617129	624996	14	697	200.255046459468	0.178042974945388	0.434266073209284	1.05889368905357	0.706993514415148	0.242733686169198	0.024323190921653	-0.041380016971034	12.7293975183119	FALSE
set2H20	D-Cellobiose	4/15/2013 SB2B_ML5_set2	68	3110953	27175	2227719	2182726	333	697	699.367510413329	0.442708513908442	0.144662284368204	0.726138563681851	0.706993514415148	0.421571077001587	0.125721855463194	-0.0982016069884631	9.79808507766202	TRUE
set2H21	L-Lactate	4/15/2013 SB2B_ML5_set2	69	3039888	40428	2005502	1954790	389	697	626.334508170458	0.516334819114238	0.24597894317516	0.792195114886598	0.706993514415148	0.445155731986673	0.0575142798611351	-0.0792886360539973	6.83162277042448	TRUE
set2H22	D,L-Lactate	4/15/2013 SB2B_ML5_set2	70	3089552	25626	1854835	1675266	291	697	536.772188401153	0.602430969513154	0.166766428767732	0.755895322701058	0.706993514415148	0.431040486957501	0.0856192178950178	-0.0863734811781732	11.0986916573287	TRUE
set2H23	pyruvate	4/15/2013 SB2B_ML5_set2	71	2841266	38940	1865434	1833416	403	697	587.445049663569	0.465374034753078	0.159276979228426	0.719099173372692	0.706993514415148	0.426687083116749	0.0992940116626175	-0.0820336546542818	1.98656013806221	TRUE
set2H24	succinate	4/15/2013 SB2B_ML5_set2	72	2580969	20948	1689457	1023965	93	697	328.088753604614	0.279227863845239	0.743021784352127	1.53343220008107	0.706993514415148	0.191597478834793	0.0154651162424149	-0.0396448916181014	13.5064217580497	FALSE
set2H25	D-Mannitol	4/15/2013 SB2B_ML5_set2	73	3362659	41989	2206812	2170200	461	697	695.354053188081	0.439574799753556	0.1421228229831	0.722936034262148	0.706993514415148	0.421886718112833	0.0705529234849708	-0.106564094933923	1.70661948077477	TRUE
set2H26	Tween 20	4/15/2013 SB2B_ML5_set2	74	3342944	36335	2191999	2154675	458	697	690.379685998078	0.556946586184891	0.147215613221713	0.744969470678027	0.706993514415148	0.526751277472975	0.0820347559652656	-0.0539943279521097	5.10571253418921	TRUE
set2H27	L-Malic	4/15/2013 SB2B_ML5_set2	75	3118204	10550	1375513	1106661	10	697	354.585389298302	0.144656318328806	0.32916471105049	0.906890595608519	0.706993514415148	0.21853950026773	0.0541192599133927	-0.0327946407309877	11.6068196726682	FALSE
set2H28	L-Glutamic	4/15/2013 SB2B_ML5_set2	76	3078285	29592	2121644	2079627	195	697	666.333546940083	0.482214166379732	0.181331019351729	0.760812336120575	0.706993514415148	0.403849446027518	0.0264234465821508	-0.135056218476106	8.04802903856378	TRUE
set2H29	L-Glutamine	4/15/2013 SB2B_ML5_set2	77	3127458	41525	2056157	2020535	240	697	647.39987183595	0.551364660771341	0.180799110088593	0.75526641090915	0.706993514415148	0.429981420689337	0.0267721817144122	-0.13328409215431	8.2956669518617	TRUE
set2H30	Gly-Glu	4/15/2013 SB2B_ML5_set2	78	2911829	34983	1913612	1881503	403	697	602.852611342518	0.457972391916939	0.147496824432879	0.725825036561005	0.706993514415148	0.421573647380099	0.0447455413974773	-0.0666437278849659	3.05366027259092	TRUE
set2H31	Gelatin	4/15/2013 SB2B_ML5_set2	79	3360787	48408	2206035	2169772	483	697	695.216917654598	0.326369392807368	0.133235540223203	0.709220603683302	0.706993514415148	0.352941158731499	0.0943668281521571	-0.0936305405199718	1.35090982174989	TRUE
set2H32	casaminos	4/15/2013 SB2B_ML5_set2	80	3152197	52348	2066900	2034108	444	697	651.748798462031	0.287835819850049	0.126626640447087	0.741265731599832	0.706993514415148	0.327211099824699	0.0217768327612469	-0.0612681021368637	0.891412269803982	TRUE
set2H33	Putrescine	4/15/2013 SB2B_ML5_set2	81	2916587	38155	1976079	1936089	304	697	620.342518423582	0.540393912528217	0.192762336834118	0.779874185635498	0.706993514415148	0.488899393210869	0.0458936143584087	-0.125566004916328	7.78657790865195	TRUE
set2H34	NAG	4/15/2013 SB2B_ML5_set2	82	3040537	36002	1997432	1961530	418	697	628.494072412688	0.490408330111794	0.162649383116109	0.736965594166206	0.706993514415148	0.425841521365736	0.106467016226689	-0.0685088078061363	3.49660446863795	TRUE
set2H35	Adenosine	4/15/2013 SB2B_ML5_set2	83	2753890	32296	1809545	1780197	380	697	570.393143223326	0.425832412581321	0.141427644580615	0.736965594166206	0.706993514415148	0.363928326506532	0.0427456291340128	-0.0855017255153978	2.15835331780991	TRUE
set2H36	Uridine	4/15/2013 SB2B_ML5_set2	84	2919402	32901	1918558	1886086	411	697	604.32105094521	0.410408153815349	0.143886666840274	0.7311832415722	0.706993514415148	0.419841988497734	0.0220074844002046	-0.103486560450378	2.59445189340934	TRUE
set2H37	Thymidine	4/15/2013 SB2B_ML5_set2	85	1785927	17242	1156439	1135733	234	697	363.900352451137	0.478305146945849	0.174739036587992	0.736965594166206	0.706993514415148	0.387348112642301	0.0157874412974786	-0.0796931061117791	7.2824050752018	TRUE
set2H38	Inosine	4/15/2013 SB2B_ML5_set2	86	2020420	22294	1325963	1304719	276	697	418.045177827619	0.338036474309718	0.148402414607123	0.725825036561005	0.706993514415148	0.300548069788389	0.10151847067123	-0.101886967478013	1.80206541424669	TRUE
set2H39	Cytidine	4/15/2013 SB2B_ML5_set2	87	3081628	35200	2022839	1988482	431	697	637.129766100609	0.459445093147563	0.146605208291519	0.744903413590847	0.706993514415148	0.377946691559283	0.0810305866995572	-0.104733363829222	2.39261584843366	TRUE
set2H40	D-Mannose	4/15/2013 SB2B_ML5_set2	88	2524640	30717	1654637	1627633	340	697	521.510092918936	0.432947863578857	0.138252062173098	0.724179439210364	0.706993514415148	0.413613098438912	0.0615755534104276	-0.105515522422246	1.72611349668099	TRUE
set2H41	Sucrose	4/15/2013 SB2B_ML5_set2	89	2205929	22806	1619381	1590614	101	697	509.648830503044	0.214417910899322	0.43207537082719	0.86754970397635	0.706993514415148	0.229795736170214	0.0211464674102235	-0.0578124823754152	11.8773804169673	TRUE
set2H42	L-Serine	4/15/2013 SB2B_ML5_set2	90	2796263	24588	2068549	2023867	148	697	648.467478372317	0.437561458475244	0.203284551785831	0.790281408698663	0.706993514415148	0.417461735607216	0.0213581202168781	-0.12689265575064	8.50672601614481	TRUE
set2H43	D-Glucose	4/15/2013 SB2B_ML5_set2	91	2786886	8370	2101072	2070391	77	697	663.374239025953	0.291422317664378	0.234740669486079	0.788495894806288	0.706993514415148	0.288640144177051	0.0652838140672592	-0.077243204052676	12.2311834377868	TRUE
set2H44	D,L-Lactate	4/15/2013 SB2B_ML5_set2	92	2831892	24086	1691574	1527328	265	697	489.371355334829	0.585908879948843	0.178950820756989	0.749191896499465	0.706993514415148	0.435167347098142	0.114581764445056	-0.089526289175368	11.0853048179315	TRUE
set2H45	Tween 20	4/15/2013 SB2B_ML5_set2	93	3142610	35335	2058659	2023357	424	697	648.304069208587	0.566245780375076	0.154381161303798	0.74234879086311	0.706993514415148	0.518561355085667	0.0794011153194126	-0.0512523966726555	5.11788054894482	TRUE
set2H46	casaminos	4/15/2013 SB2B_ML5_set2	94	2864614	41286	1881945	1853473	403	697	593.871515539891	0.291830227105972	0.127759858412186	0.714182198521919	0.706993514415148	0.321790461617125	0.0695451799636107	-0.076781452376343	1.03287201728223	TRUE
set2H47	Putrescine	4/15/2013 SB2B_ML5_set2	95	3180843	44863	2157587	2115164	338	697	677.719961550785	0.541112872361097	0.192045034533219	0.769802176174752	0.706993514415148	0.444409365965514	0.0469884989779787	-0.114794796755688	7.44385510671517	TRUE
set2H48	NAG	4/15/2013 SB2B_ML5_set2	96	3181943	38344	2090789	2053107	439	697	657.836270426145	0.503083266489115	0.169291825073864	0.734188509495633	0.706993514415148	0.444548555631669	0.102406099643774	-0.0705951341002707	3.58728255146545	TRUE
set3H1	Time0	4/24/2013 SB2B_ML5_set3	97	3323162	60946	2174606	2142022	473	1329	686.325536686959	-0.000335498166234239	0.11790095337105	0.71703431485291	0.71810656691489	-0.0316324220290993	-0.0403132425469352	0.0139934289668788	1.02879417030832	FALSE
set3H2	Time0	4/24/2013 SB2B_ML5_set3	98	3550989	64370	2325501	2289784	504	1308	733.669977571291	0.0235151508952821	0.112677977047151	0.709806875515884	0.71165450563702	0.0213743224921321	0.0167155284701461	-0.0228789062800298	1.02454195693781	FALSE
set3H3	L-Arginine (N)	4/24/2013 SB2B_ML5_set3	99	3533810	35992	2222166	2183328	451	1807	699.560397308555	0.527629997273489	0.209975441233722	0.780085810536026	0.712915231688152	0.373474656412764	0.0388384586969618	-0.0779956174217511	3.55277374148429	TRUE
set3H4	L-Histidine (N)	4/24/2013 SB2B_ML5_set3	100	2831698	30006	1869582	1835400	375	1807	588.08074335149	0.380530929340001	0.397513965740719	0.925999418556223	0.712915231688152	0.291308889753991	-0.0349687464157063	-0.0732661191402371	4.90042127084298	TRUE
set3H5	L-Glutamic (N)	4/24/2013 SB2B_ML5_set3	101	4350434	50671	2869775	2822353	578	1807	904.310477411086	0.25434145237132	0.508456289237212	1.08246216019197	0.712915231688152	0.210130124305697	0.00302338247119163	-0.0815118298595084	5.21434104964766	FALSE
set3H6	L-Glutamine (N)	4/24/2013 SB2B_ML5_set3	102	4548243	45042	2992863	2937469	568	1807	941.194809355976	0.122618662804309	1.03631956238998	1.53778359955347	0.712915231688152	0.188291126501615	-0.00593639440353966	-0.0504884659336698	6.00161278456843	FALSE
set3H7	casaminos (N)	4/24/2013 SB2B_ML5_set3	103	1504140	15723	993717	979139	216	1807	313.726049343159	0.335196095106282	0.155305860239825	0.724365557386573	0.712915231688152	0.292984398836866	0.0344907212645747	-0.0535116727422568	1.19111954806546	TRUE
set3H8	NAG (N)	4/24/2013 SB2B_ML5_set3	104	3536430	35648	2321170	2283398	486	1807	731.623838513297	0.405294203037901	0.222478901009867	0.791413378188583	0.712915231688152	0.328993833539962	0.0145548679331043	-0.0869873334986562	2.93754434403369	TRUE
set3H9	L-Asparagine (N)	4/24/2013 SB2B_ML5_set3	105	3445354	29683	2294827	2252358	411	1807	721.67830823454	0.27000757407849	0.60804347954878	1.38702312310925	0.712915231688152	0.310978306319897	-0.00303864413249341	-0.0728828635333673	6.94327872313385	FALSE
set3H10	L-Serine (N)	4/24/2013 SB2B_ML5_set3	106	4222859	49407	2778860	2732861	578	1807	875.63633450817	0.371336275483804	0.258243055367454	0.901819606061096	0.712915231688152	0.284870496846119	0.0522697339378444	-0.0901741412410958	3.11662073551828	TRUE
set3H11	L-Threonine (N)	4/24/2013 SB2B_ML5_set3	107	4027491	48237	2640484	2597883	556	1807	832.388016661326	0.436362481458959	0.225627849249762	0.791587606199288	0.712915231688152	0.349237572350451	0.0662018478196582	-0.102152086750484	3.5247699180192	TRUE
set3H12	Putrescine (N)	4/24/2013 SB2B_ML5_set3	108	4148813	53411	2714958	2668628	562	1807	855.055430951618	0.476258337031514	0.20505350061238	0.762993599794777	0.712915231688152	0.385032343987371	-0.00828900587955584	-0.0998010118368472	3.4179791171373	TRUE
set3H13	Cytidine (N)	4/24/2013 SB2B_ML5_set3	109	3762392	46959	2472344	2404613	515	1807	770.462351810317	0.387239133860012	0.251254373527934	0.816532851484526	0.712915231688152	0.315251920312259	-0.0583058945857854	-0.0864018737104662	8.54322589806785	TRUE
set3H14	L-Leucine (N)	4/24/2013 SB2B_ML5_set3	110	2791852	30295	1829724	1801288	382	1807	577.150913168856	0.432442332678278	0.187053514583581	0.757429696725922	0.712915231688152	0.322837321132943	0.0469910036975684	-0.0905188875558838	3.08783719420413	TRUE
set3H15	L-Lysine (N)	4/24/2013 SB2B_ML5_set3	111	1946772	23176	1279328	1258671	264	1807	403.290932393464	0.463066475221189	0.216165342936532	0.754624260662712	0.712915231688152	0.37885173118091	-0.0452368782598151	-0.100284959058479	3.63147459369647	TRUE
set3H16	L-Aspartic Acid (N)	4/24/2013 SB2B_ML5_set3	112	3350373	42609	2204387	2168862	454	1807	694.925344440884	0.308775954609403	0.476380757657498	1.00377175388921	0.712915231688152	0.330767557055276	0.0133745153151536	-0.0848841972773725	4.79761156672232	TRUE
set3H17	Adenosine (N)	4/24/2013 SB2B_ML5_set3	113	3701452	46566	2436410	2394339	511	1807	767.170458186479	0.382143953415226	0.302588894944444	0.904422340017769	0.712915231688152	0.33432957157383	-0.000816274148510318	-0.0925742713411912	4.42471289802464	TRUE
set3H18	D-Glucosamine Hydrochloride (N)	4/24/2013 SB2B_ML5_set3	114	3155727	26389	1929108	1899126	348	1807	608.499198974688	0.490842853010957	0.212186555440308	0.761840262805236	0.712915231688152	0.358309897372476	-0.00366911387310553	-0.0897528189720185	5.28833441918834	TRUE
set3H19	Ammonium chloride (N)	4/24/2013 SB2B_ML5_set3	115	3931228	45988	2583810	2516621	528	1807	806.350849086831	0.474450874044742	0.217114767028047	0.79836613883035	0.712915231688152	0.37707319854997	0.0924316607991469	-0.0845866042776899	8.11993894921953	TRUE
set3H20	L-Proline (N)	4/24/2013 SB2B_ML5_set3	116	4241238	45577	2795894	2752711	594	1807	881.996475488625	0.451328522859991	0.151760952885636	0.739764227518879	0.712915231688152	0.426931758442462	0.0162163666393685	-0.0924205509496962	3.07622066730184	TRUE
set3H21	Glycine (N)	4/24/2013 SB2B_ML5_set3	117	4464137	21508	1215065	1196786	210	1807	383.462351810317	0.427639262001347	0.224101654551883	0.761213140412883	0.712915231688152	0.395781407442849	-0.0112718788621585	-0.0374918226411118	6.76448280461018	TRUE
set3H22	Time0	4/24/2013 SB2B_ML5_set3	118	3341132	57996	2187187	2154733	471	1334	690.398269785325	-0.0050602597874617	0.119506907352878	0.711139606798302	0.713610197500175	0.0246900922960229	-0.029499699806072	0.0231219225106929	1.00940636391978	FALSE
set3H23	L-Arginine (N)	4/24/2013 SB2B_ML5_set3	119	3267675	31368	2097347	2058988	427	1807	659.720602371035	0.492983248753006	0.223785550692578	0.759641032134104	0.712915231688152	0.360380680791474	0.0196151009532125	-0.0617786122759732	3.74606768053232	TRUE
set3H24	L-Histidine (N)	4/24/2013 SB2B_ML5_set3	120	4099451	42199	2712268	2655797	550	1807	850.944248638257	0.411239543254623	0.372534950212327	0.944315867422322	0.712915231688152	0.325063157237352	0.0247966054147583	-0.0679153787955583	4.64283672177797	TRUE
set3H25	L-Glutamic (N)	4/24/2013 SB2B_ML5_set3	121	4330561	50310	2840584	2794680	556	1807	895.44376802307	0.275693846136525	0.527717715568896	1.13935283666573	0.712915231688152	0.265841871825277	0.0359693541954509	-0.0634712245237249	5.3803379059973	FALSE
set3H26	L-Glutamine (N)	4/24/2013 SB2B_ML5_set3	122	1686588	18110	1109874	1088265	214	1807	348.691124639539	0.131402513575746	0.936711127451897	1.42845801504117	0.712915231688152	0.153906231741206	0.0150940407203001	-0.0216025905263329	6.81187093363967	FALSE
set3H27	casaminos (N)	4/24/2013 SB2B_ML5_set3	123	3155191	28553	2082839	2051602	452	1807	657.354053188081	0.347646960678084	0.116585754247197	0.722318818201805	0.712915231688152	0.299492511311131	0.0176235948103387	-0.0572790623257161	1.02116605434941	TRUE
set3H28	NAG (N)	4/24/2013 SB2B_ML5_set3	124	2104551	20599	1379560	1356724	285	1807	434.708106376161	0.291538039992309	0.378752503064773	0.961525852185365	0.712915231688152	0.240042011748748	-0.00131769755621992	-0.0695669287565848	2.66000224867582	TRUE
set3H29	L-Asparagine (N)	4/24/2013 SB2B_ML5_set3	125	2960594	30359	1944107	1891386	383	1807	606.019224607498	0.153932531714534	0.866391235210306	1.30783326500158	0.712915231688152	0.224218046766912	0.0436071241618355	-0.0127539091144029	7.73923990062146	FALSE
set3H30	L-Serine (N)	4/24/2013 SB2B_ML5_set3	126	4084436	47761	2683527	2641551	560	1807	846.379685998078	0.452136512267531	0.197110721159344	0.773337983831167	0.712915231688152	0.338411497309183	0.029211538953425	-0.0963936942177433	2.56175454907957	TRUE
set3H31	L-Threonine (N)	4/24/2013 SB2B_ML5_set3	127	2371839	27305	1561374	1536137	324	1807	492.193848125601	0.452400156178215	0.234156556851627	0.783682093073236	0.712915231688152	0.359677207850062	0.0161728872130003	-0.106875032216129	3.217372641757	TRUE
set3H32	Putrescine (N)	4/24/2013 SB2B_ML5_set3	128	2254354	29948	1476211	1452756	304	1807	465.477731496315	0.472347449598875	0.228752887631124	0.780686971595523	0.712915231688152	0.361230676282954	0.0673016113890526	-0.0891503140309639	3.52085507602137	TRUE
set3H33	Cytidine (N)	4/24/2013 SB2B_ML5_set3	129	3539414	42612	2327478	2254525	485	1807	722.372636975328	0.407221312189934	0.243759764774786	0.79756947843175	0.712915231688152	0.307432666126176	0.049548813282667	-0.096025208850947	8.51484900109237	TRUE
set3H34	L-Leucine (N)	4/24/2013 SB2B_ML5_set3	130	3931972	43205	2581995	2541485	546	1807	814.317526433835	0.495524807302311	0.164083135826199	0.736965594166207	0.712915231688152	0.311403621719428	0.00420410500375502	-0.0938570887418627	2.89645310712527	TRUE
set3H35	L-Lysine (N)	4/24/2013 SB2B_ML5_set3	131	3143147	35449	2062771	2030412	430	1807	650.564562640179	0.512000271643677	0.150941157617434	0.729910836632255	0.712915231688152	0.369918825967977	0.0551275326628056	-0.0853751916433667	2.94856147483169	TRUE
set3H36	L-Aspartic Acid (N)	4/24/2013 SB2B_ML5_set3	132	4283181	51129	2831587	2780703	587	1807	890.965395706504	0.367599932190995	0.419374693575244	0.98185265328974	0.712915231688152	0.309616600701807	0.0427182152625121	-0.101191885470194	4.89096230598844	TRUE
set3H37	Adenosine (N)	4/24/2013 SB2B_ML5_set3	133	1116477	14758	742802	729424	150	1807	233.714834988786	0.358554986020746	0.39335426529333	0.856875057901402	0.712915231688152	0.353425697790587	0.00419566495808422	-0.0947805431704832	4.77830996867104	TRUE
set3H38	D-Glucosamine Hydrochloride (N)	4/24/2013 SB2B_ML5_set3	134	2120845	16713	1130037	1110114	214	1807	355.691765459789	0.46717471535745	0.206829919073164	0.756233927870984	0.712915231688152	0.329759515769881	-0.0168098542828135	-0.0955122203087736	6.46338843903649	TRUE
set3H39	Ammonium chloride (N)	4/24/2013 SB2B_ML5_set3	135	3429668	38239	2252229	2209906	471	1807	708.07625760974	0.513701649980162	0.152845039823531	0.74649885599769	0.712915231688152	0.37067499789004	0.0453113801480922	-0.0869551054275933	5.80323257724225	TRUE
set3H40	L-Proline (N)	4/24/2013 SB2B_ML5_set3	136	2742922	34022	1800952	1770912	377	1807	567.418135213073	0.445603132672131	0.148900487867408	0.723567738950663	0.712915231688152	0.317615588044768	0.0411472053935545	-0.0928117671501422	2.57871275719054	TRUE
set3H41	Glycine (N)	4/24/2013 SB2B_ML5_set3	137	4162463	20779	1241192	1215575	203	1807	389.48253764819	0.465484979189967	0.237807379859965	0.779400860486603	0.712915231688152	0.34886898541853	-0.0343310329536532	-0.0277130171104769	6.15966650553316	TRUE
set3H42	Time0	4/24/2013 SB2B_ML5_set3	138	2531711	46290	1656504	1631682	361	1449	522.807433514899	0.0146992380115892	0.122224790317526	0.719099173372692	0.714760179129851	-0.0302154117420288	0.0124177568627069	0.0106090618636179	0.748361473624186	FALSE
set3H43	Time0	7/26/2013 SB2B_ML5_set3	139	3705714	52297	2439342	2405888	485	890	770.870874719641	-0.0279616489482002	0.111381886321902	0.691703770700403	0.710277329634877	0.0425895163403067	0.000208567106979393	0.0161954395686135	0.909883072931503	FALSE
set3H44	Time0	7/26/2013 SB2B_ML5_set3	140	3009013	40274	1980494	1952903	393	983	625.729894264659	0.0124848639291144	0.119894989823152	0.702770674282609	0.705475308038389	0.0128144773073655	-0.00661651886932757	-0.0104518380887606	1.13349365822815	FALSE
set3H45	Nickel (II) chloride 0.625 mM	7/26/2013 SB2B_ML5_set3	141	4331258	87764	2821361	2779692	603	1379	890.64146107017	0.409907144069726	0.112837761341427	0.715023041285528	0.699476244253169	0.410195705848256	-0.0194804453640176	0.0101701339661035	2.63794641081969	TRUE
set3H46	Nickel (II) chloride 1 mM	7/26/2013 SB2B_ML5_set3	142	3061157	649	186620	186358	3	1379	59.7109900672861	0.0640993094122994	0.383946118264471	1	0.699476244253169	0.20496283482978	0.0138373609935324	-0.0130808953057721	5.79333300082274	FALSE
set3H47	Cobalt chloride 0.078125 mM	7/26/2013 SB2B_ML5_set3	143	4112611	30374	533529	491938	56	1379	157.621916052547	0.342595038638722	0.314019425559257	0.773724144176324	0.699476244253169	0.258266113480504	-0.00464898280741142	0.0138182961673975	8.07260282640589	TRUE
set3H48	Time0	7/26/2013 SB2B_ML5_set3	144	3754221	48055	2476002	2443943	495	881	783.064082024992	0.00595533732488573	0.111326156160602	0.711442711681073	0.697048660140826	-0.0262216875535823	0.027014531237212	-0.00130424800737753	1.11673361504127	FALSE
set4H1	sodium fluoride 25 mM	7/26/2013 SB2B_ML5_set4	145	1526793	33714	997512	982797	213	926	314.898109580263	0.280104314692217	0.164424150264225	0.711494906650088	0.70842618795228	0.275367554585065	0.0402078371832781	0.00271995737875782	2.44522250037099	TRUE
set4H2	sodium fluoride 50 mM	7/26/2013 SB2B_ML5_set4	146	1345266	15861	822561	748680	124	926	239.884652355014	0.358844752665597	0.267537651542666	0.806651339970561	0.70842618795228	0.252609808911808	0.0097899889559412	0.000109266345377357	9.57785355151343	TRUE
set4H3	Paraquat dichloride 0.03125 mg/ml	7/26/2013 SB2B_ML5_set4	147	2255334	49320	1478168	1454265	273	926	465.96123037488	0.48875550089398	0.199558229152142	0.755581272333553	0.70842618795228	0.368174680265026	0.0456253783630322	0.0244141055615042	8.09406531952398	TRUE
set4H4	Paraquat dichloride 0.0625 mg/ml	7/26/2013 SB2B_ML5_set4	148	4127137	12749	1331691	1294221	7	926	414.68151233579	0.152040626604466	0.319315344333901	0.830074998557688	0.70842618795228	0.216973322766406	0.00361542845048327	-0.0507778536510616	14.3781369425364	FALSE
set4H5	Thallium(I) acetate 0.0078125 mg/ml	7/26/2013 SB2B_ML5_set4	149	2944523	883789	974532	972169	10	926	311.492790772188	0.0475932525290282	0.374146130499259	0.807354922057604	0.70842618795228	0.135247823755524	0.037372737295253	-0.0533644333740458	10.4622772792221	FALSE
set4H6	Thallium(I) acetate 0.015625 mg/ml	7/26/2013 SB2B_ML5_set4	150	2525996	312934	1013736	1010750	7	926	323.854533803268	0.081613000832484	0.37482944980309	0.84799690655495	0.70842618795228	0.188671143767977	0.002048689904161	-0.0510871966737108	9.68755595880166	FALSE
set4H7	Cisplatin 0.025 mg/ml	7/26/2013 SB2B_ML5_set4	151	2077382	48678	1361274	1337381	174	926	428.510413329061	0.200394764294052	0.233328655742197	0.783682093073236	0.70842618795228	0.237266792292167	0.0240863199704659	-0.0855396819500775	7.78417631564204	TRUE
set4H8	Zinc 0.15625 mM	7/26/2013 SB2B_ML5_set4	152	2285512	61144	1490837	1468492	312	926	470.519705222685	0.409329819360321	0.141924760490749	0.726006382176339	0.70842618795228	0.311179537163505	-0.00220583993699215	0.0136535632244904	3.2264380694597	TRUE
set4H9	Zinc 0.3125 mM	7/26/2013 SB2B_ML5_set4	153	2364181	867981	1049902	1005081	133	926	322.03812880487	0.371038834704886	0.187565858442071	0.744742944757925	0.70842618795228	0.360835873197659	0.0517041880895435	-0.022083661793238	11.0495226398521	TRUE
set4H10	LB	7/26/2013 SB2B_ML5_set4	154	1366831	21529	896992	884184	193	926	283.301505927587	0.16010259985116	0.200900822339243	0.753197278089951	0.70842618795228	0.24338477524312	0.0244047614777098	0.0246016721961429	1.41679477738217	TRUE
set4H11	nitrite 5 mM	7/26/2013 SB2B_ML5_set4	155	2290813	35085	1504636	1482865	319	926	475.124959948734	0.356488525721448	0.135257006492598	0.694910967339043	0.70842618795228	0.325353955596189	0.0225988155610905	-0.0149653189329458	1.56528874157354	TRUE
set4H12	nitrite 10 mM	7/26/2013 SB2B_ML5_set4	156	2473150	40474	1619771	1595487	338	926	511.210189041974	0.351649792127421	0.129589384110487	0.708894828579538	0.70842618795228	0.286361173382203	0.0503646047004993	-0.0312673656526147	1.35458615314266	TRUE
set4H13	nitrate 200 mM	7/26/2013 SB2B_ML5_set4	157	2610059	83160	1685313	1653254	325	926	529.719320730535	0.466260404712447	0.15948070526864	0.734761323239477	0.70842618795228	0.323673003088218	0.0419433101300825	-0.0248671305246243	6.64886746848951	TRUE
set4H14	Sisomicin 0.00390625 mg/ml	7/26/2013 SB2B_ML5_set4	158	2280056	49482	1503168	1465354	250	926	469.514258250561	0.467022427311355	0.157255612225096	0.728195384538474	0.70842618795228	0.362238248437033	0.158471609123114	-0.0973104053653744	8.69306457905369	TRUE
set4H15	Chlorite 0.078125 mM	7/26/2013 SB2B_ML5_set4	159	1189056	18687	779386	768058	170	926	246.093559756488	0.274300517953937	0.169797391804953	0.712341807197383	0.70842618795228	0.207023584283815	-0.0204239514022713	-0.0275551546613144	1.8562637268767	TRUE
set4H16	Chlorite 0.15625 mM	7/26/2013 SB2B_ML5_set4	160	2481856	39627	1628715	1604502	348	926	514.098686318488	0.30590286072908	0.13474812513973	0.737372502938015	0.70842618795228	0.224825840432867	0.0737142803577584	-0.01971610296673	2.41235927620396	TRUE
set4H17	perchlorate 100 mM	7/26/2013 SB2B_ML5_set4	161	3107113	110203	1994697	1965425	417	926	629.742069849407	0.395461892792234	0.133295504766812	0.710493382805015	0.70842618795228	0.269962343082986	0.0535440433991167	-0.0142697841715903	1.47011052917765	TRUE
set4H18	Polymyxin B sulfate 0.0078125 mg/ml	7/26/2013 SB2B_ML5_set4	162	2719985	340	1789665	1789557	1	926	573.392181992951	0.243434942096543	0.288162792315642	0.584962500721156	0.70842618795228	0.269274898378703	0.00743482957992901	-0.0504245107507673	6.16500226706644	FALSE
set4H19	Time0	7/26/2013 SB2B_ML5_set4	163	3129154	39809	2063389	2035788	408	519	652.287087471964	-0.007979191133426	0.123400158649677	0.707446507246151	0.710493382805015	0.0345602782164439	-0.0260711126498795	0.0161048887138714	1.18252402068292	FALSE
set4H20	LB	7/26/2013 SB2B_ML5_set4	164	1889370	49123	1226988	1209383	265	926	387.498558154438	0.221585357778718	0.144097429967986	0.723586564365007	0.70842618795228	0.220297621497831	-0.00639633637274395	0.0240679461517947	0.978189662781758	TRUE
set4H21	Benzethonium chloride 0.00625 mM	7/26/2013 SB2B_ML5_set4	165	3231613	68480	2099076	2066502	447	926	662.128164049984	0.39220443899395	0.134936590612135	0.724099418408253	0.70842618795228	0.343986259196161	0.014839287749901	-0.0117902216080858	1.86656665944823	TRUE
set4H22	Benzethonium chloride 0.009 mM	7/26/2013 SB2B_ML5_set4	166	2469483	11152	1531502	1089727	17	926	349.15956424223	0.238904053267546	0.451399446202602	1.22239242133645	0.70842618795228	0.200850755146455	0.0389072477565985	-0.0136547573299711	12.8288116404508	FALSE
set4H23	Aluminum chloride 0.625 mM	7/26/2013 SB2B_ML5_set4	167	2442402	40075	1600156	1576911	341	926	505.258250560718	0.289145528114778	0.129617004592297	0.728566710720536	0.70842618795228	0.254517973920897	0.013757093328	0.0103467099559097	1.30771000201859	TRUE
set4H24	Aluminum chloride 1.25 mM	7/26/2013 SB2B_ML5_set4	168	2739677	44853	1792845	1765928	384	926	565.821211150272	0.2681471864102	0.133288608698201	0.723482364802585	0.70842618795228	0.242039624501987	-0.0455407246457584	-0.00142969547736491	1.24005906764966	TRUE
set4H25	Aluminum chloride 2.5 mM	7/26/2013 SB2B_ML5_set4	169	2900522	44052	1899361	1871104	409	926	599.52066645306	0.296214121201981	0.133866746056902	0.733354340613826	0.70842618795228	0.295677028490827	0.0336592951092103	-0.00126648728033329	1.65422717470543	TRUE
set4H26	benzoic 0.29 mg/ml	7/26/2013 SB2B_ML5_set4	170	2901217	51064	1900202	1872214	407	926	599.876321691765	0.281389857266709	0.128386046651571	0.710493382805014	0.70842618795228	0.260021561075343	0.0577639859716826	0.0141009177457908	1.59607449768027	TRUE
set4H27	Phosphomycin 0.00390625 mg/ml	7/26/2013 SB2B_ML5_set4	171	2984405	24228	2420260	2322135	9	926	744.035565523871	0.192140598414064	0.305505610643074	1	0.70842618795228	0.236082741560566	0.0146467219130313	-0.0451574662008412	13.6924844241175	FALSE
set4H28	Phosphomycin 0.015625 mg/ml	7/26/2013 SB2B_ML5_set4	172	3380835	1559785	1615830	1594939	3	926	511.034604293496	0.222308312295089	0.295014312413773	1	0.70842618795228	0.290166942629952	-0.0192214916747667	-0.0364910997756056	13.896951921986	FALSE
set4H29	Bacitracin 0.125 mg/ml	7/26/2013 SB2B_ML5_set4	173	3203534	118479	2049198	2015310	433	926	645.725728933034	0.473941076125433	0.13299374318868	0.719892080807265	0.70842618795228	0.365690780005414	0.102917171174895	-0.0390883033089423	2.89567640164105	TRUE
set4H30	Bacitracin 0.25 mg/ml	7/26/2013 SB2B_ML5_set4	174	2767707	54927	1803291	1770334	373	926	567.232938160846	0.492641972399945	0.172696640201925	0.738414810803277	0.70842618795228	0.364421087970601	0.0589103953460408	-0.0514571465637711	3.94721077346808	TRUE
set4H31	Bacitracin 0.5 mg/ml	7/26/2013 SB2B_ML5_set4	175	2451924	8957	1938120	593230	5	926	190.07689842999	0.230770554647477	0.367784074465849	1	0.70842618795228	0.241863060195226	-0.00598970973498409	-0.0498908750994288	15.727658683868	FALSE
set4H32	Fusidic 0.0625 mg/ml	7/26/2013 SB2B_ML5_set4	176	1658561	55233	1182814	929546	66	926	297.83595001602	0.387363190036254	0.313863978711715	0.84799690655495	0.70842618795228	0.275420922662259	0.0714576244399792	-0.0278987131274326	12.819838295554	TRUE
set4H33	Dimethyl Sulfoxide 5 vol%	7/26/2013 SB2B_ML5_set4	177	2617136	37381	1746086	1720466	345	926	551.254726049343	0.29966366428916	0.131548185383988	0.716752373276698	0.70842618795228	0.266603187842807	0.0446104415241646	-0.0219534514811264	4.49236382717249	TRUE
set4H34	LB	7/26/2013 SB2B_ML5_set4	178	2770780	40447	1818154	1786967	393	926	572.562319769305	0.235457581263916	0.124359668722535	0.706268796943289	0.70842618795228	0.214100934493406	0.0570102804810798	0.0122222438188801	2.82983063196466	TRUE
set4H35	Vancomycin 0.015625 mg/ml	7/26/2013 SB2B_ML5_set4	179	2509538	75336	1675548	1598102	23	926	512.048061518744	0.188690295518066	0.293382297035466	0.807354922057605	0.70842618795228	0.295024099608477	0.0287375105589817	-0.0802694803745021	12.7792970033833	FALSE
set4H36	Cephalothin 0.00976562 mg/ml	7/26/2013 SB2B_ML5_set4	180	3757149	184005	2993957	2975163	3	926	953.272348606216	0.241699124726629	0.30025276846708	1	0.70842618795228	0.259774228315604	0.0110164522669156	-0.0550998044244869	13.0982941226348	FALSE
set4H37	A22 0.0109375 mg/ml	7/26/2013 SB2B_ML5_set4	181	1258217	27198	822836	811198	176	926	259.916052547261	0.25543632777984	0.173078923328775	0.729198711122516	0.70842618795228	0.24355737566495	0.0250540236225635	0.00398049846455526	2.29296963097175	TRUE
set4H38	A22 0.021875 mg/ml	7/26/2013 SB2B_ML5_set4	182	1635816	31627	1078261	1063014	224	926	340.600448574175	0.28251387969548	0.15120053868629	0.718818247455947	0.70842618795228	0.292959847102959	0.0590849156689571	-0.0129884983459865	3.76586649726464	TRUE
set4H39	Lomefloxacin 0.000390625 mM	7/26/2013 SB2B_ML5_set4	183	1241218	20958	812440	803292	91	926	257.382890099327	0.199750029138246	0.232452601815849	0.758991900496205	0.70842618795228	0.238447529962461	0.0580294195351406	-0.0352105343205449	1.86056432240895	TRUE
set4H40	D-Cycloserine 0.03125 mg/ml	7/26/2013 SB2B_ML5_set4	184	1903093	33746	1245220	1228321	257	926	393.566485100929	0.469771023689356	0.179616392419894	0.736965594166207	0.70842618795228	0.43165295222559	0.0161596513610642	-0.0177322683816664	2.2682799246661	TRUE
set4H41	Doxycycline hyclate 0.0001 mg/ml	7/26/2013 SB2B_ML5_set4	185	2665497	49749	1738816	1711930	373	926	548.519705222685	0.275469939772093	0.128301551087574	0.729852867971639	0.70842618795228	0.219633863276245	0.0997079883248378	-0.00259716073016838	1.61520189440998	TRUE
set4H42	LB	7/26/2013 SB2B_ML5_set4	186	2602297	41868	1707894	1683679	365	926	539.467798782441	0.244912591508979	0.124445789842868	0.714378909098966	0.70842618795228	0.255328759321583	0.0682603497071546	0.0195043299872435	0.67864313570305	TRUE
set4H43	Time0	7/26/2013 SB2B_ML5_set4	187	2157985	27844	1420463	1401226	282	644	448.966997757129	-0.00563918146031228	0.138033393575172	0.719892080807265	0.701059565644027	0.0665833663463815	-0.0919320658256031	0.0331237497378517	0.810943195249278	FALSE
set4H44	Time0	7/26/2013 SB2B_ML5_set4	188	1798842	24438	1183804	1167429	236	692	374.056071771868	-0.0178158619927511	0.148380837561167	0.722328106107534	0.710932091958734	0.000163932059117168	-0.0578782233417305	-0.0318506355882534	0.938826453604297	FALSE
set4H45	Time0	7/30/2013 SB2B_ML5_set4	189	3505678	50519	2307238	2275064	451	419	728.953540531881	0.0321093965431839	0.121998454620738	0.727474145188908	0.710493382805015	0.0144093643024075	-0.042464902727607	-0.02112923329672	1.03547657739406	FALSE
set4H46	Time0	7/30/2013 SB2B_ML5_set4	190	3226886	45086	2122413	2093558	419	451	670.7971803909	0.0321093965431839	0.121998454620738	0.710493382805015	0.727474145188908	0.0144093643024075	-0.042464902727607	0.02112923329672	1.06578045788217	FALSE
set4H47	Chloramphenicol 0.0002 mg/ml	7/30/2013 SB2B_ML5_set4	191	3195736	48124	2096766	2066481	454	869	662.12143543736	0.219622008540872	0.122804811749616	0.713695814843359	0.714073450751863	0.262498239269931	0.0958584917383337	0.0200505763882244	1.01046721377706	TRUE
set4H48	Chloramphenicol 0.0004 mg/ml	7/30/2013 SB2B_ML5_set4	192	3972540	56491	2606871	2568345	561	869	822.92374239026	0.248358274455375	0.117706850429942	0.708697869143402	0.714073450751863	0.244824998703769	0.0601429811665813	0.0222602856771951	1.50894837573745	TRUE
set5H1	Time0	7/30/2013 SB2B_ML5_set5	193	3082099	48663	2026795	1999548	402	371	640.675424543416	0.0411153058292048	0.142302662703805	0.710493382805015	0.724634792255486	-0.00153426507883738	0.0261967578253874	-0.0052616500358374	1.21874356555918	FALSE
set5H2	Time0	7/30/2013 SB2B_ML5_set5	194	2862068	43064	1882163	1855238	371	402	594.437039410445	0.0411153058292048	0.142302662703805	0.724634792255486	0.710493382805015	-0.00153426507883738	0.0261967578253874	0.0052616500358374	1.21374349385673	FALSE
set5H3	Tetracycline 0.0004 mg/ml	7/30/2013 SB2B_ML5_set5	195	3288745	46074	2162334	2128172	454	773	681.887856456264	0.221620995997152	0.134901606415412	0.705577892390899	0.712019237035975	0.251740746598177	0.0622317592989705	-0.0083561171715362	4.2400989965618	TRUE
set5H4	Spectinomycin 0.0125 mg/ml	7/30/2013 SB2B_ML5_set5	196	3591963	61115	2348676	2314570	493	773	741.611662928549	0.422971857821386	0.140011706223046	0.716606506531627	0.712019237035975	0.379748882707101	0.011023661979625	-0.00370553373988918	1.96336130075648	TRUE
set5H5	Carbenicillin 0.00195312 mg/ml	7/30/2013 SB2B_ML5_set5	197	4046275	241984	2844556	2817288	150	773	902.687600128164	0.2030825213695	0.190017043653438	0.754887502163468	0.712019237035975	0.300100052767447	0.0770435880729094	-0.10530685109822	10.6101862421506	TRUE
set5H6	Carbenicillin 0.00390625 mg/ml	7/30/2013 SB2B_ML5_set5	198	5345301	1229943	3585049	3579785	47	773	1146.99935917975	0.137576560146744	0.29341219340513	0.758991900496205	0.712019237035975	0.311409147339535	0.0426119389313226	-0.132332928950378	9.05860881852432	FALSE
set5H7	LB	7/30/2013 SB2B_ML5_set5	199	3881267	71072	2539763	2504138	555	773	802.351169496956	0.246198605957896	0.125253428148869	0.711278950502557	0.712019237035975	0.262052215057763	0.0295140573740937	-0.00902701348048841	1.50127155238186	TRUE
set5H8	5-Hydroxymethylfurfural 10 mM	7/30/2013 SB2B_ML5_set5	200	4466534	79202	2927895	2885027	624	773	924.391861582826	0.286442433170632	0.123548614634676	0.715809980180779	0.712019237035975	0.283769874763626	0.0303441198245315	0.00871424223481092	1.25975644328062	TRUE
set5H9	5-Hydroxymethylfurfural 20 mM	7/30/2013 SB2B_ML5_set5	201	2789229	53956	1831939	1805183	386	773	578.398910605575	0.333171025213653	0.14183506437131	0.711278950502557	0.712019237035975	0.307646161603688	0.00469544837089202	0.00363905614597294	3.0801441943991	TRUE
set5H10	Vanillin 2.5 mM	7/30/2013 SB2B_ML5_set5	202	4267671	68087	2804149	2765396	557	773	886.060877923742	0.438146372823295	0.1432840416163	0.722204216097106	0.712019237035975	0.406013244317304	0.0150010171812317	-0.00238753573522355	2.87626628479753	TRUE
set5H11	LB	7/30/2013 SB2B_ML5_set5	203	3818111	66655	2497436	2461854	536	773	788.80294777315	0.238421505121317	0.123941625968575	0.716452996840494	0.712019237035975	0.271020534723194	0.0405797005873614	-6.41970693037056e-05	0.916898538992889	TRUE
set5H12	copper (II) chloride 0.16 mM	7/30/2013 SB2B_ML5_set5	204	3881264	479689	2344936	2310345	395	773	740.257930150593	0.479128933747181	0.14316836271208	0.729779053572938	0.712019237035975	0.321938977309016	0.042728475515974	0.00679951184804495	6.07574456639794	TRUE
set5H13	copper (II) chloride 0.3125 mM	7/30/2013 SB2B_ML5_set5	205	2632528	373936	1600988	1596667	31	773	511.588272989426	0.0763987500912242	0.307528244018747	0.736965594166207	0.712019237035975	0.154676791954716	0.00467667109372882	-0.00148974998743579	9.58925672018792	FALSE
set5H14	Cisplatin 0.0025 mg/ml	7/30/2013 SB2B_ML5_set5	206	2440562	45594	1594074	1571473	325	773	503.515860301186	0.301342636390047	0.146902036589008	0.720382709970603	0.712019237035975	0.236329636535509	0.00236386662017316	-0.0463146138327577	1.1097342794215	TRUE
set5H15	Cisplatin 0.005 mg/ml	7/30/2013 SB2B_ML5_set5	207	3062970	49952	2005538	1975197	398	773	632.873117590516	0.412776077525541	0.145338967836391	0.714597781137751	0.712019237035975	0.32362690358592	0.0460628820494489	-0.0596655677949086	1.86979404354228	TRUE
set5H16	Cisplatin 0.01 mg/ml	7/30/2013 SB2B_ML5_set5	208	3466458	44297	2290518	2251836	424	773	721.511054149311	0.261082141480689	0.417724988710836	0.940293753875733	0.712019237035975	0.252915552936179	0.0193762859798437	-0.0193471648043654	9.40384977246296	TRUE
set5H17	Chloride 500 mM	7/30/2013 SB2B_ML5_set5	209	3238241	69159	2111718	2081288	457	773	666.865748157642	0.22345495089808	0.128351829730584	0.714091127913619	0.712019237035975	0.254426356461927	0.0129822796962979	0.0233163162187894	0.930204787866146	TRUE
set5H18	Chloride 600 mM	7/30/2013 SB2B_ML5_set5	210	3607735	59897	2363609	2329682	497	773	746.453700736943	0.295078940827962	0.132078010629552	0.720278465233326	0.712019237035975	0.279157842184421	-0.0127619448258073	0.0104672784975069	0.928497347556108	TRUE
set5H19	Chloride 700 mM	7/30/2013 SB2B_ML5_set5	211	3681833	52044	2415749	2379000	498	773	762.255687279718	0.448891026920565	0.155811211378248	0.727920454563199	0.712019237035975	0.329311216559758	0.00300525759740877	-0.00346241835703864	2.4995467729217	TRUE
set5H20	Benzalkonium Chloride 0.002 mg/ml	7/30/2013 SB2B_ML5_set5	212	2510274	74550	1622054	1599475	342	773	512.487984620314	0.210392613417628	0.193839713099543	0.748815312043949	0.712019237035975	0.262637067085799	0.0177781192538405	-0.00165045988849887	0.79144472325093	TRUE
set5H21	Benzalkonium Chloride 0.004 mg/ml	7/30/2013 SB2B_ML5_set5	213	3728453	63157	2432139	2395825	510	773	767.646587632169	0.462948507914935	0.169943646346608	0.742933317425844	0.712019237035975	0.460575244319439	0.018613128673973	-7.04832741476423e-05	3.66744174881143	TRUE
set5H22	Neomycin 0.2 mg/ml	7/30/2013 SB2B_ML5_set5	214	4507050	4383419	67425	64602	5	773	20.6991348926626	0.125723774609423	0.366473447404361	1	0.712019237035975	0.186445884191066	-0.000453803746112965	0.013303512069018	11.786628020783	FALSE
set5H23	LB	7/30/2013 SB2B_ML5_set5	215	3099671	97465	2001526	1971830	429	773	631.794296699776	0.17277302807282	0.164666785171054	0.729910836632255	0.712019237035975	0.278010182447168	0.0195882419240078	-0.012252382136789	0.928070417188224	TRUE
set5H24	Time0	8/28/2013 SB2B_ML5_set5	216	3389797	43484	2233823	2203387	441	479	705.987504005127	0.0375861882049096	0.12974854302047	0.716360389837011	0.712901889275736	-0.0375414097186522	-0.0279828989477942	0.00358511985334905	1.16232247539843	FALSE
set5H25	Time0	8/28/2013 SB2B_ML5_set5	217	3678247	52848	2419836	2386597	479	441	764.689842999039	0.0375861882049096	0.12974854302047	0.712901889275736	0.716360389837011	-0.0375414097186522	-0.0279828989477942	-0.00358511985334903	1.14807711567931	FALSE
set5H26	Minimal media, pH6	8/28/2013 SB2B_ML5_set5	218	3457009	35338	2281038	2244432	233	920	719.138737584108	0.102679663584109	0.990704338048094	2.35807709836033	0.700946371365225	0.113960996406017	0.00605276541383335	-0.00781493046253488	7.8996600820522	FALSE
set5H27	Minimal media, pH7	8/28/2013 SB2B_ML5_set5	219	3485381	36285	2161039	2072430	386	920	664.027555270747	0.574997048412474	0.207682076530199	0.770518153877233	0.700946371365225	0.459915006575734	0.0438839125626356	-0.0757619510003809	5.69982142557316	TRUE
set5H28	Minimal media, pH6	8/28/2013 SB2B_ML5_set5	220	2721954	26092	1523998	1501988	97	920	481.252162768343	0.0859122727649547	0.914598239859164	2.32192809488736	0.700946371365225	0.10786386055884	-0.0194999429411755	-0.0424940633435243	7.36514586610444	FALSE
set5H29	Minimal media, pH7	8/28/2013 SB2B_ML5_set5	221	3181077	36639	2053174	2021269	403	920	647.635052867671	0.566883941787174	0.201643924709734	0.75074097281087	0.700946371365225	0.460465266507684	0.0516605397365605	-0.0875853710889223	4.24971289302947	TRUE
set5H30	Anaero. fumarate (e.a.)	8/28/2013 SB2B_ML5_set5	222	2538582	33391	1659643	1626628	291	920	521.188080743352	0.5674094831532	0.258614009612983	0.786875116609265	0.700946371365225	0.403596865258625	-0.00681625909660547	-0.0306160872554631	5.76161784240063	TRUE
set5H31	Anaero. iron(III) citrate (e.a.)	8/28/2013 SB2B_ML5_set5	223	534174	12804	324451	317134	58	920	101.612944569048	0.0581428781967017	0.754753599642286	1.24100809950379	0.700946371365225	-0.0163867627994086	0.0387672657611268	-0.0045131418011507	4.34461521689104	FALSE
set5H32	Minimal media, 20C	8/28/2013 SB2B_ML5_set5	224	3525931	41943	2315229	2281897	472	920	731.142902915732	0.546559740294668	0.139476859225319	0.74380302421976	0.700946371365225	0.486945254334872	0.0632446649147121	-0.0622330813660324	2.74466057157404	TRUE
set5H33	Minimal media, 25C	8/28/2013 SB2B_ML5_set5	225	3863871	49117	2533244	2494641	529	920	799.308234540212	0.515416747123097	0.132149381063984	0.732548855406602	0.700946371365225	0.428900188317521	0.0650084387958614	-0.0777301492729865	2.45632883735228	TRUE
set5H34	Minimal media, 30C	8/28/2013 SB2B_ML5_set5	226	3227462	34208	2125304	2094139	443	920	670.983338673502	0.508033482690861	0.132915215465637	0.7422271533067	0.700946371365225	0.421923949242738	0.0793738525979028	-0.0841101758761419	2.94462643619124	TRUE
set5H35	Minimal media, 37C	8/28/2013 SB2B_ML5_set5	227	4036176	46600	1099196	1094955	17	920	350.834668375521	0.32021217967401	0.357241829928661	0.855610090664825	0.700946371365225	0.302693151597158	0.0341937705480575	-0.0252769569033238	9.00343944892813	FALSE
set5H36	LB, 20C	8/28/2013 SB2B_ML5_set5	228	3324410	34686	2192148	2161462	435	920	692.554309516181	0.174216991111034	0.12313719103885	0.719892080807266	0.700946371365225	0.177098168770798	0.00895400665339142	-0.0105088686952638	0.808684409215156	TRUE
set5H37	LB, 25C	8/28/2013 SB2B_ML5_set5	229	1649232	30189	1079500	1063916	230	920	340.889458506889	0.122995962154948	0.155514600097912	0.700439718141092	0.700946371365225	0.160730735931849	0.0803225042576544	-0.00531697524733184	0.902986802569215	TRUE
set5H38	LB, 30C	8/28/2013 SB2B_ML5_set5	230	2127958	81017	1364135	1343724	295	920	430.542774751682	0.174876645558224	0.138165600340942	0.704175659048536	0.700946371365225	0.108013511646537	0.0201495530464294	-0.00925060471422452	1.44144022668386	TRUE
set5H39	LB, 37C	8/28/2013 SB2B_ML5_set5	231	2782195	58229	1815178	1788142	392	920	572.938801666133	0.173503286243338	0.137985729062177	0.728146647310934	0.700946371365225	0.27318525984152	0.0456876838312461	0.000389017420339137	0.891209544554149	TRUE
set5H40	Motility assay, center cut sample 1	8/28/2013 SB2B_ML5_set5	232	2254058	30444	1519427	1493229	266	920	478.445690483819	0.363302408663762	0.295803319349417	0.807354922057605	0.700946371365225	0.36992855277862	0.0962541112060761	-0.00676003584784204	5.50046972820533	TRUE
set5H41	Motility assay, center cut sample 2	8/28/2013 SB2B_ML5_set5	233	2843369	36473	1938991	1906070	317	920	610.724126882409	0.355007956017289	0.283205361415102	0.84245872301352	0.700946371365225	0.345595679906693	0.0586276384532418	-0.0224186555620248	6.16655290482838	TRUE
set5H42	Motility assay, outer cut sample 1	8/28/2013 SB2B_ML5_set5	234	2393077	25544	1830749	1810799	3	920	580.19833386735	0.18397954843726	0.337686965493582	1	0.700946371365225	0.283164114438195	0.0046427707424321	-0.0376090509181703	11.8243287218761	FALSE
set5H43	Motility assay, outer cut sample 2	8/28/2013 SB2B_ML5_set5	235	3324858	3065	2500510	2443283	30	920	782.852611342518	0.206048180632843	0.483905401174713	1.10691520391651	0.700946371365225	0.281549471054835	0.0518943091597616	-0.0662626518336862	10.6030793883885	FALSE
set5H44	Motility assay, outer cut sample 3	8/28/2013 SB2B_ML5_set5	236	2005920	608	1458676	1450658	3	920	464.805511054149	0.201468989021823	0.340861936293457	1	0.700946371365225	0.255012594584373	0.0227243985722953	-0.0301285212239774	12.3219823023677	FALSE
set5H45	Motility assay, outer cut sample 4	8/28/2013 SB2B_ML5_set5	237	4237132	523	3340362	3256474	4	920	1043.40724126882	0.208884351314378	0.339671781940298	1	0.700946371365225	0.274060913543443	0.0328584409921445	-0.0299922741782355	12.2895895128285	FALSE
setAH28	Time0	10/14/2013 MR1_SB2B_combined_set	238	2418915	33561	1591507	1570968	292	297	503.354053188081	-0.0366676014416692	0.145868610666509	0.72221900879702	0.720314353616041	-0.0426161787965622	0.0231522955482999	0.00418578271355712	1.26999851632384	FALSE
setAH29	Time0	10/14/2013 MR1_SB2B_combined_set	239	2454508	33255	1615420	1595580	297	292	511.239987183595	-0.0366676014416692	0.145868610666509	0.720314353616041	0.72221900879702	-0.0426161787965622	0.0231522955482999	-0.00418578271355713	1.33923805435449	FALSE
setAH30	Time0	10/15/2013 MR1_SB2B_combined_set	240	2311019	31945	1521328	1501418	287	297	481.069528997116	-0.0333221885607055	0.152967426058325	0.731406068824306	0.706268796943291	-0.0152682750290148	0.0527238098666936	0.0197923115706811	1.31126063321221	FALSE
setAH31	Time0	10/15/2013 MR1_SB2B_combined_set	241	2388140	33672	1570598	1549953	297	287	496.620634412047	-0.0333221885607055	0.152967426058325	0.706268796943291	0.731406068824306	-0.0152682750290148	0.0527238098666936	-0.0197923115706811	1.60234494313847	FALSE
setAH32	Choline chloride 200 mM	10/14/2013 MR1_SB2B_combined_set	242	2344276	45766	1529674	1509153	309	591	483.547901313682	0.292708679194484	0.141472680171237	0.733213459305099	0.710073414811106	0.287944965423642	0.0538183359383455	0.0214163282021632	1.46563691928758	TRUE
setAH33	Choline chloride 200 mM	10/14/2013 MR1_SB2B_combined_set	243	2527400	38765	1654386	1631708	329	591	522.815764178148	0.294107138848949	0.142713700447179	0.736965594166206	0.710073414811106	0.26165810433076	0.0108028258130078	0.0126411607191519	1.15958571738104	TRUE
setAH34	1-ethyl-3-methylimidazolium chloride 30 mM	10/14/2013 MR1_SB2B_combined_set	244	4220115	54255	1297365	1263786	6	591	404.929830182634	0.213242846087012	0.31456869121828	0.874469117916141	0.710073414811106	0.238153680393471	0.0201258258166202	-0.0828727588958594	14.9287518123978	FALSE
setAH35	L-Lysine 200 mM	10/14/2013 MR1_SB2B_combined_set	245	2366153	52319	1536836	1514656	295	591	485.311118231336	0.443580283059164	0.159888413864381	0.733719934662552	0.710073414811106	0.339863607130636	0.0367215109541921	-0.0229961879693885	2.58277398248819	TRUE
setAH36	1-ethyl-3-methylimidazolium chloride 30 mM	10/14/2013 MR1_SB2B_combined_set	246	3725161	61401	1384902	1364274	6	591	437.127202819609	0.210976308431766	0.321031453520905	1	0.710073414811106	0.243134268635168	0.042512627712473	-0.0975974508708416	14.9184096877195	FALSE
setAH37	L-Lysine 200 mM	10/14/2013 MR1_SB2B_combined_set	247	2472494	70844	1595480	1573665	312	591	504.218199295098	0.407323249415008	0.153378364020273	0.742379090352571	0.710073414811106	0.378759208694515	0.106892684915939	-0.0140417422014827	2.19892561805407	TRUE
setAH38	Cholin acetate 25 mM	10/15/2013 MR1_SB2B_combined_set	248	1719660	29440	1125380	1109763	230	588	355.579301505928	0.230445190082009	0.160138593042044	0.713695814843359	0.713695814843359	0.197124692979498	0.0307548766887675	0.0268179991968431	0.973463289143638	TRUE
setAH39	acetate 25 mM	10/15/2013 MR1_SB2B_combined_set	249	2270020	41857	1482516	1460875	311	588	468.079141300865	0.234240392884674	0.144221599525007	0.719892080807265	0.713695814843359	0.257569188927455	0.0219334358930939	0.0126143326358154	1.5698634268919	TRUE
setAH40	1-ethyl-3-methylimidazolium lysine 7.5 mM	10/15/2013 MR1_SB2B_combined_set	250	2283266	12080	2066089	2022591	3	588	648.058635052868	0.25301006323168	0.305666712744825	1	0.713695814843359	0.305586207340415	0.0533027236864282	-0.0836480672564106	15.4732029148925	FALSE
setAH41	LB	10/15/2013 MR1_SB2B_combined_set	251	2572247	36412	1689547	1666884	349	588	534.086510733739	0.21631258355939	0.153324622445809	0.735880453053829	0.713695814843359	0.300698575035363	0.0229500904393419	0.0297417989816494	0.745171812181244	TRUE
setAH42	Cholin acetate 25 mM	10/15/2013 MR1_SB2B_combined_set	252	2236105	39268	1461886	1440974	307	588	461.702659404037	0.231045764681286	0.147174690891459	0.729910836632255	0.713695814843359	0.208802747082162	0.0577626221595008	0.0177809102748152	0.986557336977652	TRUE
setAH43	acetate 25 mM	10/15/2013 MR1_SB2B_combined_set	253	2298338	43303	1502148	1479905	316	588	474.176545978853	0.25816537906717	0.147373382231456	0.726239187573148	0.713695814843359	0.206160892142188	-0.00882477890231965	0.0128609723196781	2.20750940569597	TRUE
setAH44	1-ethyl-3-methylimidazolium lysine 7.5 mM	10/15/2013 MR1_SB2B_combined_set	254	2269736	7937	2077184	2013597	3	588	645.176866388978	0.237731404374295	0.309531609566155	0.893084796083488	0.713695814843359	0.275527008893959	0.0174945824554716	-0.082442021591434	15.4809156488532	FALSE
setAH45	1-ethyl-3-methylimidazolium acetate 15 mM	10/15/2013 MR1_SB2B_combined_set	255	2640911	41081	1734115	1709959	365	588	547.888176866389	0.241047038469248	0.135810214952261	0.720617600078723	0.713695814843359	0.26039730337792	0.0500824086411999	0.00794533493255499	2.38182682841439	TRUE
setAH46	Choline Lysine 16 mM	10/15/2013 MR1_SB2B_combined_set	256	2591532	1909	2308903	2057530	5	588	659.253444408843	0.257806306678642	0.313996419938497	1	0.713695814843359	0.258955459707403	0.0714359925591122	-0.0563791354745401	15.2585504859451	FALSE
setAH47	1-ethyl-3-methylimidazolium acetate 15 mM	10/15/2013 MR1_SB2B_combined_set	257	2882721	46103	1889468	1862022	403	588	596.610701698174	0.230075107290237	0.13441367068607	0.706851321572771	0.713695814843359	0.256308727840139	0.0574635832640329	0.00924581432745027	1.38944463620814	TRUE
setAH48	Choline Lysine 16 mM	10/15/2013 MR1_SB2B_combined_set	258	2944657	9012	2501076	2264970	12	588	725.719320730535	0.20854799324475	0.302098682193116	0.906890595608519	0.713695814843359	0.266658488445646	0.053437621726057	-0.0504501216080782	14.7036924144951	FALSE
set7IT050	outer cut, LB soft agar motility assay	1/14/2015 SB2B_ML5_set7	260	3063969	30622	2040974	2010302	355	651	644.121115027235	0.358923032472886	0.321449307421395	0.844400282589643	0.715023041285529	0.355312023148602	0.0581037555338582	0.0631116754909887	5.03102394423274	TRUE
set7IT051	outer cut, LB soft agar motility assay	1/14/2015 SB2B_ML5_set7	261	3349810	36754	2225798	2190138	397	651	701.742390259532	0.384031102083089	0.315465640692937	0.857199399600977	0.715023041285529	0.372273730956219	0.0918579078292126	0.0524268074027051	5.0089196937735	TRUE
set7IT052	outer cut, LB soft agar motility assay	1/14/2015 SB2B_ML5_set7	262	2763081	28814	1829113	1801305	329	651	577.15636014098	0.381650427363992	0.33199683286658	0.85982234195174	0.715023041285529	0.354780590283587	0.00577877928144039	0.0642039165698631	5.1421793138202	TRUE
set7IT053	outer cut, LB soft agar motility assay	1/14/2015 SB2B_ML5_set7	263	2730605	31817	1807491	1778984	330	651	570.004485741749	0.388738590240526	0.325118224060408	0.889946454535086	0.715023041285529	0.383275351798931	0.0373807602057577	0.035929609419787	5.0429006946416	TRUE
