name	short	t0set	num	nMapped	nPastEnd	nGenic	nUsed	gMed	gMedt0	gMean	cor12	mad12	mad12c	mad12c_t0	opcor	adjcor	gccor	maxFit	u
set1IT026	Time0	10/22/2014 korea_ML2_set1	1	3576722	5519	2569936	2557248	491	480	753.683465959328	0.0078971635538419	0.129149895097074	0.97533794576573	0.9888594423948	-0.0209632024011996	0.00632515995940771	0.0350261379497549	1.21742676259447	FALSE
set1IT027	Time0	10/22/2014 korea_ML2_set1	2	3508239	5539	2520227	2507960	480	491	739.157088122605	0.0078971635538419	0.129149895097074	0.9888594423948	0.97533794576573	-0.0209632024011996	0.00632515995940771	-0.0350261379497549	0.91549075013789	FALSE
set1IT028	Choline chloride 10 mM	10/22/2014 korea_ML2_set1	3	3654540	5410	2624545	2611267	513	970	769.604185086944	0.182685417542537	0.117086324863722	0.984569959430393	0.984232684141682	0.176081467658989	0.0793875162604414	-0.000801907273869914	1.16396902132172	TRUE
set1IT030	Choline chloride 20 mM	10/22/2014 korea_ML2_set1	4	3053330	4230	2193198	2182944	423	970	643.366931918656	0.171924791341139	0.126775697107554	0.978626349207433	0.984232684141682	0.180658879500971	0.0654000433264393	-0.00461668991902898	1.2951754387647	TRUE
set1IT031	Choline chloride 40 mM	10/22/2014 korea_ML2_set1	5	3203703	4693	2298703	2287623	445	970	674.218390804598	0.201413850033647	0.123137914331313	0.968489027254783	0.984232684141682	0.118881331534176	0.031682576611737	-0.0100687797526342	1.39527166811964	TRUE
set1IT032	Cholin acetate 10 mM	10/22/2014 korea_ML2_set1	6	3188496	4370	2288904	2277810	445	970	671.32625994695	0.175625079796472	0.122598618972403	0.999393698229829	0.984232684141682	0.115550461841473	0.0891148458205185	0.00148849942584825	0.952563068334257	TRUE
set1IT033	Cholin acetate 20 mM	10/22/2014 korea_ML2_set1	7	2756885	4167	1981032	1970916	382	970	580.877099911583	0.186661914933502	0.12609053350139	0.971430847803229	0.984232684141682	0.131483182104884	0.0328208164476165	-0.0146482113860162	1.02003416677829	TRUE
set1IT034	Cholin acetate 40 mM	10/22/2014 korea_ML2_set1	8	3277602	5341	2355227	2342318	459	970	690.338343648688	0.15637448237127	0.130682794843596	0.985596934873026	0.984232684141682	0.0921431008725016	0.0569479395279278	0.0225025688892133	1.09454876572089	TRUE
set1IT035	acetate 10 mM	10/22/2014 korea_ML2_set1	9	3288984	5040	2363674	2351559	457	970	693.061892130858	0.182760354834108	0.120897462016069	0.98332125885337	0.984232684141682	0.154990035390852	0.0677736543952655	-0.018732458242624	0.896292177807651	TRUE
set1IT036	acetate 20 mM	10/22/2014 korea_ML2_set1	10	3019877	4374	2168401	2157598	420	970	635.896846448571	0.187547465812341	0.12555243212162	0.999999999999999	0.984232684141682	0.143016203575143	0.0976757746067658	-0.0121044326819769	1.23391118382263	TRUE
set1IT037	acetate 40 mM	10/22/2014 korea_ML2_set1	11	3597567	5291	2585737	2572912	505	970	758.300029472443	0.175577562464827	0.11951464937408	0.972293070830157	0.984232684141682	0.121084719534575	0.08242608770894	0.00123758967108053	1.04329222327491	TRUE
set1IT038	1-ethyl-3-methylimidazolium lysine 2.5 mM	10/22/2014 korea_ML2_set1	12	3444195	4953	2473316	2460804	480	970	725.259062776304	0.156005432476021	0.12154117513502	0.983224287249173	0.984232684141682	0.127189348803987	0.0951394332091682	-0.0131275052015151	1.27667559687388	TRUE
set1IT039	1-ethyl-3-methylimidazolium lysine 5 mM	10/22/2014 korea_ML2_set1	13	3240712	4540	2327029	2315671	451	970	682.484821691718	0.163419351968044	0.120611137059568	0.986150021238976	0.984232684141682	0.0943990353392284	0.033732167758636	-0.0157314895672787	1.30882164643472	TRUE
set1IT040	1-ethyl-3-methylimidazolium lysine 10 mM	10/22/2014 korea_ML2_set1	14	3702525	5508	2658998	2645395	515	970	779.66254052461	0.177363090963746	0.121879231841363	0.97638744277805	0.984232684141682	0.140333665994817	0.0781752615780769	-0.0138248769984811	1.18905169981178	TRUE
set1IT042	1-ethyl-3-methylimidazolium acetate 5 mM	10/22/2014 korea_ML2_set1	15	2369157	3300	1702444	1695139	332	970	499.598880047156	0.164267771539817	0.13685232632843	0.981384321832653	0.984232684141682	0.10900269136238	0.0181776404521334	-0.00667181858305249	1.30689010382261	TRUE
set1IT043	1-ethyl-3-methylimidazolium acetate 10 mM	10/22/2014 korea_ML2_set1	16	3250025	4688	2336476	2324703	450	970	685.146772767462	0.189638331944333	0.127316307844079	0.996257598314183	0.984232684141682	0.181656170472823	0.0478456880656333	-0.00885125499244708	1.39363839493923	TRUE
set1IT044	1-ethyl-3-methylimidazolium acetate 20 mM	10/22/2014 korea_ML2_set1	17	3110475	5065	2233891	2222402	435	970	654.996168582376	0.151227287359757	0.131848804763105	0.976231834067049	0.984232684141682	0.107152611904806	0.0252671138997883	0.00995034439790041	1.26136993048649	TRUE
set1IT045	1-ethyl-3-methylimidazolium chloride 5 mM	10/22/2014 korea_ML2_set1	18	3105666	4341	2232985	2222462	434	970	655.013852048335	0.140016163000252	0.125741827474812	0.987509055816803	0.984232684141682	0.15784543420482	0.0640449044462159	0.00480527285286622	1.24418247500853	TRUE
set1IT046	1-ethyl-3-methylimidazolium chloride 10 mM	10/22/2014 korea_ML2_set1	19	2464979	3393	1771203	1763701	344	970	519.80577659888	0.18606682271221	0.136291300686809	0.982554865540592	0.984232684141682	0.124546573501948	0.0311446407913915	-0.0041457570308649	1.4694344895187	TRUE
set1IT047	1-ethyl-3-methylimidazolium chloride 20 mM	10/22/2014 korea_ML2_set1	20	3275884	5234	2352831	2340640	456	970	689.843796050693	0.210893561704833	0.128731525625839	0.988760248896238	0.984232684141682	0.0846174341203823	0.0857704962488852	0.0133136618576229	1.44017955258851	TRUE
set1IT048	Choline Lysine 5 mM	10/22/2014 korea_ML2_set1	21	2826617	3926	2029073	2019426	393	970	595.174182139699	0.188727705776669	0.131240340572499	0.971985623830403	0.984232684141682	0.181517291278008	0.0536053717444269	-0.0146564276971872	1.21219600886035	TRUE
set2IT081	Time0	10/22/2014 korea_ML2_set2	22	3001589	5108	2159052	2147885	411	483	633.034188034188	0.0036832144401386	0.139757809381774	0.992695199376765	0.971482188350231	0.043769158314848	-0.0208474899682152	-0.00586174252301621	1.20594901487427	FALSE
set2IT082	Time0	10/22/2014 korea_ML2_set2	23	3522652	5794	2530327	2517218	483	411	741.88564692013	0.0036832144401386	0.139757809381774	0.971482188350231	0.992695199376765	0.043769158314848	-0.0208474899682152	0.00586174252301622	1.38006193288043	FALSE
set2IT083	Choline Lysine 10 mM	10/22/2014 korea_ML2_set2	24	3549416	5896	2549712	2535932	487	891	747.401119952844	0.212661141779877	0.130018372493343	0.986303425219759	0.973701513130665	0.0491634298756304	-0.0483325844705083	-0.0349150764689723	1.26376115472904	TRUE
set2IT084	Choline Lysine 20 mM	10/22/2014 korea_ML2_set2	25	2895033	4671	2078636	2066484	410	891	609.0433244916	0.0499679511516433	0.191891637838767	1	0.973701513130665	-0.005486015790432	0.042926792473433	-0.0140674481865277	1.46001545230522	FALSE
set2IT085	L-Lysine 25 mM	10/22/2014 korea_ML2_set2	26	3469519	4624	2494791	2482743	474	891	731.725022104332	0.206597934537144	0.123230998480531	0.977279923499917	0.973701513130665	0.122011133003314	0.00774087231657329	-0.0349961378929994	0.922274117902082	TRUE
set2IT086	L-Lysine 50 mM	10/22/2014 korea_ML2_set2	27	3799088	7528	2729312	2713522	526	891	799.741231948129	0.233793811373561	0.148405369087047	0.990929585652712	0.973701513130665	0.189627964875843	0.0272391548998605	-0.0341216463508078	1.12836977913672	TRUE
set2IT087	LB	10/22/2014 korea_ML2_set2	28	4038711	6931	2900602	2884974	561	891	850.272325375774	0.184683699225939	0.121158689841141	0.989084222520817	0.973701513130665	0.187766776360248	0.0031182337420106	-0.0367767948131646	1.13461477327237	TRUE
set2IT088	Chloramphenicol 0.0001 mg/ml	10/22/2014 korea_ML2_set2	29	2923004	5328	2097644	2085895	402	891	614.764220453876	0.133762287905211	0.13674229707228	0.989755968503198	0.973701513130665	0.133711368349695	0.0066441201375541	-0.0303342260220607	0.8259831771458	TRUE
set2IT089	Chloramphenicol 0.0005 mg/ml	10/22/2014 korea_ML2_set2	30	2622558	4589	1883713	1873187	360	891	552.073975832596	0.144762906223704	0.129183284600743	0.98564470702293	0.973701513130665	0.106798520366021	0.0236805370272809	-0.0450107853685613	0.863506957555355	TRUE
set2IT090	Chloramphenicol 0.001 mg/ml	10/22/2014 korea_ML2_set2	31	3229405	5727	2320066	2307414	447	891	680.051282051282	0.156094069727593	0.121718619478539	0.985230540669658	0.973701513130665	0.10343486842524	0.0136008972995151	-0.0223131820961269	0.651805377079468	TRUE
set2IT091	Chloramphenicol 0.0025 mg/ml	10/22/2014 korea_ML2_set2	32	3113700	5311	2235123	2223684	431	891	655.37400530504	0.16954100832093	0.126756353209188	0.971186302495263	0.973701513130665	0.044025577583624	-0.00987979181438363	-0.0218343064720773	0.859193947394922	TRUE
set2IT092	Tetracycline 0.0005 mg/ml	10/22/2014 korea_ML2_set2	33	3523543	6193	2529341	2515273	491	891	741.312407898615	0.168776810537489	0.129934743983851	0.966804870373029	0.973701513130665	0.113207447873425	0.0375416195973944	-0.0223397048078828	0.866710809092744	TRUE
set2IT093	Tetracycline 0.001 mg/ml	10/22/2014 korea_ML2_set2	34	3134775	5666	2251629	2238807	434	891	659.831122900088	0.184167704584427	0.139512571031092	0.989804232894111	0.973701513130665	0.165139695334341	0.029579371207774	-0.0376625735763515	1.28681855596732	TRUE
set2IT094	Tetracycline 0.002 mg/ml	10/22/2014 korea_ML2_set2	35	3312961	6429	2379067	2364959	463	891	697.011199528441	0.131056166716456	0.148516032897954	0.973233090437216	0.973701513130665	0.0618423426425152	0.0196051729758617	-0.0379486001300735	1.55102056587873	TRUE
set2IT095	Tetracycline 0.004 mg/ml	10/22/2014 korea_ML2_set2	36	2734936	4675	1963973	1950706	375	891	574.920719127616	0.0246235428478657	0.28228772717434	1.03652587602511	0.973701513130665	0.038881367119665	-0.0138333670622606	-0.0314738903410277	1.87364099124206	FALSE
set2IT096	Spectinomycin 2 mg/ml	10/22/2014 korea_ML2_set2	37	4378734	7220	3144753	3127287	613	891	921.687886825818	0.168996160864932	0.121152306641959	0.999188357198909	0.973701513130665	0.182463356073395	0.0255203878847919	-0.0324245021344927	0.896927416520557	TRUE
set3IT058	Time0	10/21/2014 korea_ML2_set3	38	3489470	5026	2509499	2498344	484	942	736.32301797819	0.0129582583681529	0.115222201167787	0.98023674517857	0.98722462836453	-0.0215633474965297	-0.0377893535790436	0.000664037434049414	0.948455264998535	FALSE
set3IT059	Time0	10/21/2014 korea_ML2_set3	39	3639719	5159	2616292	2604591	500	925	767.636604774536	-0.00197775144932571	0.119300339804311	0.981384321832652	0.974853186105376	0.0267217567618816	0.0204615120498202	-0.00339315050133313	1.05553191937631	FALSE
set3IT060	Time0	10/21/2014 korea_ML2_set3	40	3207964	4774	2306418	2295914	443	979	676.661951075744	0.011305320685977	0.117124903986873	0.969193953218825	0.96962635095648	-0.00259197472486074	0.0300304548667235	-0.00366752464584705	0.891966515363796	FALSE
set3IT061	D-Glucose (C)	10/21/2014 korea_ML2_set3	41	3989110	5741	2865089	2851849	537	1420	840.509578544061	0.345357039200636	0.118534387327163	1	0.972603436290443	0.205271512253195	0.0680164340970506	-0.0199336289003734	1.4657069136863	TRUE
set3IT062	Sucrose (C)	10/21/2014 korea_ML2_set3	42	4760111	6876	3419156	3403270	647	1420	1003.02681992337	0.376180198381486	0.109364441303291	0.989981244175009	0.972603436290443	0.23876332745242	0.0742830411389703	-0.0119977033926898	1.52151467873052	TRUE
set3IT063	D-Maltose (C)	10/21/2014 korea_ML2_set3	43	3872809	5295	2780520	2767071	523	1420	815.523430592396	0.471817178285591	0.12135507120177	0.996761625933456	0.972603436290443	0.305682925905891	0.103123430689867	-0.0273139180755709	3.48097987222327	TRUE
set3IT064	D-Xylose (C)	10/21/2014 korea_ML2_set3	44	3238702	4436	2326970	2315992	440	1420	682.579428234601	0.402680733277116	0.124390618029434	0.983436155125551	0.972603436290443	0.221139313810654	0.00108118269141263	-0.0237843043677335	1.60011607194351	TRUE
set3IT065	D-Raffinose (C)	10/21/2014 korea_ML2_set3	45	3083079	4081	2213714	2203407	421	1420	649.397877984085	0.38166157048061	0.128029504189117	1	0.972603436290443	0.230436730686838	0.11224307384407	-0.0175879417863323	1.75003045293634	TRUE
set3IT066	a-Cyclodextrin (C)	10/21/2014 korea_ML2_set3	46	3626997	5016	2604550	2591462	495	1420	763.767167698202	0.465596176013778	0.126321478603615	0.991684731787998	0.972603436290443	0.3036905344723	0.110031443323705	-0.0339102524939244	4.12308945156326	TRUE
set3IT067	D-Cellobiose (C)	10/21/2014 korea_ML2_set3	47	3377286	4734	2428265	2417071	452	1420	712.369879162983	0.297003072795017	0.121194473012548	0.993544977862701	0.972603436290443	0.212117585337012	0.0544921751267742	-0.0136901750177815	0.997436719152472	TRUE
set3IT068	D-Mannitol (C)	10/21/2014 korea_ML2_set3	48	2557891	3396	1837934	1829061	348	1420	539.068965517241	0.320168735892353	0.155248004054817	0.998177264393181	0.972603436290443	0.232841774879039	0.0239951140556675	-0.0323813364618488	1.4282756703688	TRUE
set3IT069	L-Glutamic (C)	10/21/2014 korea_ML2_set3	49	3062598	4460	2202556	2192717	412	1420	646.247273798998	0.300625234270886	0.118998030322114	0.998589051192292	0.972603436290443	0.223408792932967	0.0474686836312798	-0.0200552413308361	1.4481478909506	TRUE
set3IT070	L-Glutamine (C)	10/21/2014 korea_ML2_set3	50	3217719	4358	2313878	2302798	437	1420	678.690834070144	0.379859094218016	0.129287524049789	1	0.972603436290443	0.254220517332959	0.0577541625894676	-0.0275282405690104	2.32740432277479	TRUE
set3IT071	casaminos (C)	10/21/2014 korea_ML2_set3	51	3249456	4463	2333698	2322981	449	1420	684.63925729443	0.222397854787598	0.121553061920837	0.980371193251067	0.972603436290443	0.21584562835516	0.0232055407329371	-0.0086102451923928	0.944408096987847	TRUE
set3IT072	NAG (C)	10/21/2014 korea_ML2_set3	52	3515805	4714	2525547	2513901	469	1420	740.908045977012	0.457348876244899	0.125497295645326	0.983256736165425	0.972603436290443	0.256458428910203	0.0908911737744335	-0.0240300179637064	2.47035963516185	TRUE
set3IT073	D-Glucose (C)	10/21/2014 korea_ML2_set3	53	3203988	4786	2302119	2290459	432	1420	675.054229295609	0.357661086903885	0.124202546822238	0.972357244930871	0.972603436290443	0.238101395460234	0.019965130384498	-0.0157272723424643	1.08842014138308	TRUE
set3IT074	D-Fructose (C)	10/21/2014 korea_ML2_set3	54	3309192	4750	2378517	2365901	448	1420	697.288829944002	0.454309192526201	0.125890751547001	0.985312556672461	0.972603436290443	0.24970357477725	0.0702261613361257	-0.0199478180268636	1.97296547662898	TRUE
set3IT075	Sucrose (C)	10/21/2014 korea_ML2_set3	55	3542357	5493	2545671	2532192	475	1420	746.298850574713	0.371644382037449	0.12539719892286	0.980840421716545	0.972603436290443	0.225500217587599	0.0886945394783781	-0.0150223300308497	1.48193841784985	TRUE
set3IT076	D-Maltose (C)	10/21/2014 korea_ML2_set3	56	4143476	7202	2978633	2960564	554	1420	872.5505452402	0.498607191218489	0.133993870909217	1	0.972603436290443	0.292593448581996	0.092489426282961	-0.0272114625039558	3.96668125805693	TRUE
set3IT077	D-Xylose (C)	10/21/2014 korea_ML2_set3	57	2724863	3693	1956455	1946672	369	1420	573.731800766284	0.400975172758673	0.129416737122403	0.973527788638808	0.972603436290443	0.194290138327341	-0.0058060575519845	-0.0303444310645746	1.92911406132164	TRUE
set3IT078	D-Raffinose (C)	10/21/2014 korea_ML2_set3	58	3087696	4333	2217101	2206440	420	1420	650.291777188329	0.410106541788014	0.132664268483867	1	0.972603436290443	0.250104712712208	0.0351400173825435	-0.025759223980197	2.77673184990732	TRUE
set3IT079	a-Cyclodextrin (C)	10/21/2014 korea_ML2_set3	59	4724469	7082	3393035	3373535	647	1420	994.263188918361	0.465106409624716	0.127480177827472	0.983698187670899	0.972603436290443	0.328434136949415	0.07229971948219	-0.0293545931346977	4.35484748976157	TRUE
set3IT080	D-Cellobiose (C)	10/21/2014 korea_ML2_set3	60	3459606	5154	2484530	2472850	466	1420	728.809313292072	0.30021571508524	0.115400264727532	1	0.972603436290443	0.269298930262172	-0.0356313093091391	-0.0179458836473259	0.914845237645809	TRUE
set3IT081	D-Mannitol (C)	10/21/2014 korea_ML2_set3	61	2464835	3331	1772249	1763407	336	1420	519.719127615679	0.333255077430358	0.147003372995617	0.972387768792139	0.972603436290443	0.240726047405181	0.0370825377094295	-0.0235093201530129	1.35634418521597	TRUE
set3IT082	L-Glutamic (C)	10/21/2014 korea_ML2_set3	62	2124311	3028	1526056	1519363	286	1420	447.793398172709	0.264066462487898	0.135898718847415	0.97893838447217	0.972603436290443	0.153878615444709	0.0132393396236733	-0.0188943998592087	1.05718630986588	TRUE
set3IT083	L-Glutamine (C)	10/21/2014 korea_ML2_set3	63	2534106	3317	1824089	1814976	344	1420	534.917771883289	0.334025694001437	0.156234615693424	0.991203051762842	0.972603436290443	0.218007481406622	0.0484443297392031	-0.0278821390594371	2.18394921716963	TRUE
set3IT084	casaminos (C)	10/21/2014 korea_ML2_set3	64	3219074	4331	2312022	2301401	450	1420	678.279104037725	0.286001511932101	0.117140484977904	0.987363174322075	0.972603436290443	0.20428142780147	-0.01597782126815	-0.0128107354706542	1.14377788777753	TRUE
set3IT085	NAG (C)	10/21/2014 korea_ML2_set3	65	3627915	5129	2608329	2595285	483	1420	764.893899204244	0.515117459304776	0.129038455835043	0.982409004694549	0.972603436290443	0.280427014762748	0.0675216071839105	-0.0308103809271905	3.04625080827744	TRUE
set3IT086	Nickel (II) chloride 1.5 mM	10/21/2014 korea_ML2_set3	66	3034071	4938	2179976	2168587	418	1420	639.135573239021	0.219220222912491	0.126417330725997	0.979646938043832	0.972603436290443	0.187815855981312	0.022241636966864	0.00627660437228233	1.9309170851839	TRUE
set3IT087	Cobalt chloride 0.04 mM	10/21/2014 korea_ML2_set3	67	4432997	6661	3186686	3170115	609	1420	934.310344827586	0.206032612958856	0.118541687349221	0.987060944292502	0.972603436290443	0.16603838110866	0.0464833523540238	-0.0176282825872838	1.4303180147313	TRUE
set3IT088	Cobalt chloride 0.08 mM	10/21/2014 korea_ML2_set3	68	2236921	3515	1605617	1597449	307	1420	470.807250221043	0.237973308518029	0.133476902146552	0.984232684141683	0.972603436290443	0.204671657732833	0.0426507716667244	-0.00765531065871345	2.13023101206668	TRUE
set3IT089	copper (II) chloride 0.75 mM	10/21/2014 korea_ML2_set3	69	2603974	3663	1870318	1860972	362	1420	548.47391688771	0.257902535923451	0.127621007748263	0.975576526060781	0.972603436290443	0.154190552723265	0.068513205937832	-0.00506715311239728	1.17448592110038	TRUE
set3IT090	sodium fluoride 10 mM	10/21/2014 korea_ML2_set3	70	2638176	4100	1895372	1885797	369	1420	555.790450928382	0.169670830288183	0.127834097416843	0.96455116399571	0.972603436290443	0.137035128898618	0.00430590951449081	-0.00842659680337196	1.34852578536001	TRUE
set3IT091	Thallium(I) acetate 0.005 mg/ml	10/21/2014 korea_ML2_set3	71	3624716	5247	2603252	2589764	507	1420	763.266725611553	0.176713587676975	0.122638189577192	0.982151998667074	0.972603436290443	0.177008170627324	0.0351496466357809	-0.0336104159901133	1.13023529777402	TRUE
set3IT092	Thallium(I) acetate 0.01 mg/ml	10/21/2014 korea_ML2_set3	72	3347937	4854	2402408	2390253	470	1420	704.465959328028	0.177564319187973	0.1139476260623	0.989911182376417	0.972603436290443	0.11575559161201	-0.0129066155339656	-0.0195036857886838	0.805776875182599	TRUE
set3IT093	Cisplatin 0.01 mg/ml	10/21/2014 korea_ML2_set3	73	3018982	4208	2168967	2158614	418	1420	636.196286472149	0.185878890309519	0.120939186352109	0.973405789988286	0.972603436290443	0.13180729142004	0.0392078818940124	-0.0461332480988359	0.843058375787188	TRUE
set3IT094	Cisplatin 0.025 mg/ml	10/21/2014 korea_ML2_set3	74	3070467	4381	2204549	2193951	422	1420	646.610963748895	0.158101889746791	0.124846048127369	0.979751316156195	0.972603436290443	0.118957665418584	-0.0270325270352118	-0.0285918454656687	0.852793402472221	TRUE
set3IT095	Zinc 1.25 mM	10/21/2014 korea_ML2_set3	75	3413654	4861	2453371	2441772	470	1420	719.649867374005	0.218906443795458	0.115610132483635	0.993713737152569	0.972603436290443	0.116020444588909	-0.0615271237356399	-0.00425732374061871	0.748967894568309	TRUE
set3IT096	LB	10/21/2014 korea_ML2_set3	76	3904596	5391	2805450	2791468	548	1420	822.713822575892	0.151842301269435	0.11839529653589	0.98185265328974	0.972603436290443	0.132592768845597	0.0222855380648206	-0.023411475047318	1.01708860278137	TRUE
set4IT001	nitrite 2.5 mM	10/21/2014 korea_ML2_set4	77	2117095	2882	1521043	1514479	295	913	446.353964043619	0.224683631891794	0.150048599234132	0.9915877601838	0.987175959642416	0.255278359851406	0.171690599634789	-0.020771200168109	1.11820176328508	TRUE
set4IT002	nitrite 5 mM	10/21/2014 korea_ML2_set4	78	2653100	3638	1907527	1899478	367	913	559.822575891541	0.214499890304796	0.128549126180742	0.988150282122257	0.987175959642416	0.180078579065328	0.0874531444648374	-0.0215185514077414	1.29589171174552	TRUE
set4IT003	nitrite 10 mM	10/21/2014 korea_ML2_set4	79	2473862	3481	1777616	1770295	341	913	521.74918950781	0.229083867462436	0.130227285779859	0.982790709967777	0.987175959642416	0.219305011705179	0.0472199173310377	0.00185259228270804	1.18925411427046	TRUE
set4IT004	nitrate 100 mM	10/21/2014 korea_ML2_set4	80	3021207	4292	2171174	2161917	419	913	637.16976127321	0.225055506080323	0.13389196752014	0.974374192324505	0.987175959642416	0.153715859104763	0.0322084644355896	-0.0276577701853414	1.03383395658259	TRUE
set4IT005	Sisomicin 0.12 mg/ml	10/21/2014 korea_ML2_set4	81	2534910	3447	1819783	1812030	351	913	534.049513704686	0.235803255962594	0.137998844168275	0.981246039934639	0.987175959642416	0.194269799235812	0.0245190560052968	-0.0472095057709653	1.30997619796109	TRUE
set4IT006	Chlorite 0.5 mM	10/21/2014 korea_ML2_set4	82	2752387	3918	1978138	1969785	385	913	580.543766578249	0.205132598598914	0.123325639905954	0.990284845166787	0.987175959642416	0.157958788830315	0.0297784952729226	-0.0308180445598817	1.19087066568223	TRUE
set4IT007	Chlorite 1.25 mM	10/21/2014 korea_ML2_set4	83	2550625	3502	1831455	1823816	352	913	537.523135867963	0.22551342101428	0.135186919331049	0.973032952399731	0.987175959642416	0.197398654945111	0.0252631480045763	-0.0328663045469952	0.84222122848572	TRUE
set4IT008	perchlorate 25 mM	10/21/2014 korea_ML2_set4	84	2770427	3871	1990236	1981674	387	913	584.04774535809	0.170966116115848	0.129016917389468	0.975689592593822	0.987175959642416	0.14797215945009	0.0612941576196041	-0.0226719797833087	0.943376613945855	TRUE
set4IT009	perchlorate 50 mM	10/21/2014 korea_ML2_set4	85	3315084	4659	2383073	2373129	465	913	699.419098143236	0.224665599968235	0.121942797743855	0.979680015620405	0.987175959642416	0.158930521134037	0.0600679927426645	-0.0208432122520538	1.06298290814456	TRUE
set4IT010	Polymyxin B sulfate 0.05 mg/ml	10/21/2014 korea_ML2_set4	86	3054713	4177	2193828	2184760	425	913	643.902151488358	0.228833451244906	0.124932225985372	0.981621470685146	0.987175959642416	0.14521534966364	0.0516028273365575	-0.0194740449754268	0.993106748337133	TRUE
set4IT011	Polymyxin B sulfate 0.1 mg/ml	10/21/2014 korea_ML2_set4	87	2946418	4041	2113804	2104937	402	913	620.376363100501	0.328072666260511	0.126986779134058	0.972888154382758	0.987175959642416	0.199098845289448	0.0100863498587878	-0.019470618695709	2.16581732522963	TRUE
set4IT012	Chloride 100 mM	10/21/2014 korea_ML2_set4	88	3699763	5224	2657856	2646716	515	913	780.051871500147	0.22838820889085	0.118805073704687	0.999999999999999	0.987175959642416	0.145652705635184	0.101555424416076	-0.0314984537206048	1.01309569345871	TRUE
set4IT013	Chloride 200 mM	10/21/2014 korea_ML2_set4	89	3221351	4453	2314166	2304218	453	913	679.109342764515	0.164147943482632	0.121250717949566	0.988125899711708	0.987175959642416	0.16570496529156	0.0819654355455092	-0.0187044749762458	1.16229463421816	TRUE
set4IT014	LB	10/21/2014 korea_ML2_set4	90	2910571	4094	2091230	2082497	407	913	613.762746831712	0.144872569363471	0.125106645792544	0.967578522307623	0.987175959642416	0.165817136271544	0.0814464780269954	-0.0361805741532429	0.789387773652546	TRUE
set4IT015	Time0	10/21/2014 korea_ML2_set4	91	2830088	4176	2034517	2026349	393	524	597.214559386973	-0.0100972559552592	0.126229597208879	0.98081858679638	0.990916895237562	-0.0356092588764137	-0.0204300656789792	-0.0108138855932376	0.907829762691192	FALSE
set4IT016	Time0	10/21/2014 korea_ML2_set4	92	3786827	5463	2721807	2711001	524	393	798.998231653404	-0.0100972559552592	0.126229597208879	0.990916895237562	0.98081858679638	-0.0356092588764137	-0.0204300656789792	0.0108138855932376	0.942304486492927	FALSE
set4IT017	Carbenicillin 0.03 mg/ml	10/22/2014 korea_ML2_set4	93	2968051	4131	2133634	2124358	419	857	626.100206307103	0.161484107201382	0.127192301768464	0.985500430304885	0.979014974870664	0.0918342100509367	-0.00312387146633686	-0.0119563830895048	1.88496783126399	TRUE
set4IT018	Nalidixic 0.025 mg/ml	10/22/2014 korea_ML2_set4	94	3151604	4479	2265652	2256189	436	857	664.954022988506	0.16352125898925	0.118366906533845	1.00565763486193	0.979014974870664	0.0683963519185227	0.0452873927494003	-0.0350490003133933	1.04090596531715	TRUE
set4IT019	Nalidixic 0.05 mg/ml	10/22/2014 korea_ML2_set4	95	3280945	4710	2360691	2350400	453	857	692.72030651341	0.129023312156277	0.127058683711079	0.995895601667264	0.979014974870664	0.106870751351001	-0.0111071718701484	-0.0289626090609355	2.27653575477585	TRUE
set4IT020	Gentamicin 0.005 mg/ml	10/22/2014 korea_ML2_set4	96	3413388	4404	2452627	2442516	477	857	719.869142351901	0.206707699880523	0.121800403606317	0.981140972748684	0.979014974870664	0.219219083744351	0.0365226189773015	-0.031913346921631	0.706371161397934	TRUE
set4IT021	Gentamicin 0.015 mg/ml	10/22/2014 korea_ML2_set4	97	3381122	4308	2429372	2419139	473	857	712.979369289714	0.208417679202194	0.120393710576277	0.976541027176012	0.979014974870664	0.1783685310425	-0.0481782575269123	-0.0295153000444426	0.889658965379015	TRUE
set4IT022	LB	10/22/2014 korea_ML2_set4	98	3404098	4739	2446236	2436049	470	857	717.963159445918	0.161930756358098	0.119670194773332	0.985500430304885	0.979014974870664	0.188983660016272	-0.0198902414695597	-0.0151353920776067	1.12135617477429	TRUE
set4IT023	Rifampicin 0.001 mg/ml	10/22/2014 korea_ML2_set4	99	2929754	3952	2105755	2097238	406	857	618.107279693487	0.278025735764638	0.126588952552062	1.00318827763105	0.979014974870664	0.18946628006683	0.0381135909408517	-0.0316224454982431	1.49603301710049	TRUE
set4IT024	methylglyoxal 0.001 vol%	10/22/2014 korea_ML2_set4	100	3379596	4605	2428625	2418541	466	857	712.803124078986	0.248996909957288	0.115513416099711	0.976153258045631	0.979014974870664	0.176564282867322	0.0479040951812362	-0.0295097673598895	0.820347620098087	TRUE
set4IT025	methylglyoxal 0.005 vol%	10/22/2014 korea_ML2_set4	101	3068939	4183	2205954	2196648	424	857	647.405835543767	0.28246643194171	0.122822244590469	0.980763781137084	0.979014974870664	0.164568999478845	0.0717874405337306	-0.036322493865861	0.976470034086102	TRUE
set4IT026	5-Hydroxymethylfurfural 1 mM	10/22/2014 korea_ML2_set4	102	3744783	5047	2692015	2680947	520	857	790.140583554377	0.207373044059169	0.114980514317283	0.978498930789077	0.979014974870664	0.128006816460951	0.0134068110077486	-0.0123406924106575	0.816521447621565	TRUE
set4IT027	5-Hydroxymethylfurfural 2.5 mM	10/22/2014 korea_ML2_set4	103	4101961	5753	2947022	2934826	569	857	864.964927792514	0.195865530560627	0.116350665525549	0.96749736031267	0.979014974870664	0.135311258799565	-0.00827567668705759	0.00222285451415132	0.849951139864488	TRUE
set4IT028	Vanillin 0.25 mM	10/22/2014 korea_ML2_set4	104	2858348	3919	2055126	2046599	396	857	603.182729148246	0.192833989731022	0.125693296858041	0.969807970525034	0.979014974870664	0.104018378859456	0.00190809543175473	0.0046678702232642	0.849680907538884	TRUE
set4IT029	Vanillin 1 mM	10/22/2014 korea_ML2_set4	105	2998756	4143	2154402	2145314	418	857	632.276451517831	0.183055077987468	0.116835746746793	0.98965805577854	0.979014974870664	0.152270160778522	-0.00382626884535033	0.00687253370061652	0.858831138717037	TRUE
set4IT030	Furfuryl Alcohol 0.125 vol%	10/22/2014 korea_ML2_set4	106	3137922	4227	2255472	2246419	427	857	662.074565281462	0.192135192907347	0.118088632112416	0.992724669196823	0.979014974870664	0.173139755285883	0.0340757437109973	-0.00914634374876952	0.896490853860961	TRUE
set4IT031	syringaldehyde 0.5 mM	10/22/2014 korea_ML2_set4	107	3097399	4327	2224442	2215177	432	857	652.86678455644	0.195211400723416	0.123339552580219	0.989768077389044	0.979014974870664	0.150425127689706	0.0639072678574493	0.00235391043742658	0.9852045136246	TRUE
set4IT032	syringaldehyde 1 mM	10/22/2014 korea_ML2_set4	108	2953250	4211	2121937	2113026	414	857	622.760389036251	0.177125095491073	0.12258696639957	0.975421977279333	0.979014974870664	0.116497341396945	0.0325522839792904	-0.00669194254577816	1.06069712853303	TRUE
set4IT033	LB	10/22/2014 korea_ML2_set4	109	2813824	3955	2021117	2012649	394	857	593.176834659593	0.186967231858653	0.122354657780934	0.974909019037169	0.979014974870664	0.133105604451621	0.030568429321114	-0.0220370274858446	0.96974910838214	TRUE
set4IT034	Time0	10/22/2014 korea_ML2_set4	110	3105808	4655	2232096	2223232	428	431	655.240789861479	0.0107394126059151	0.127664769299129	0.987377915630894	0.978689493754587	0.0301857621561852	0.0182983269425769	-0.0229759025917132	1.06325620684003	FALSE
set4IT035	Time0	10/22/2014 korea_ML2_set4	111	3129118	4630	2246978	2238040	431	428	659.605069260242	0.0107394126059151	0.127664769299129	0.978689493754587	0.987377915630894	0.0301857621561852	0.0182983269425769	0.0229759025917132	1.57309112662739	FALSE
set4IT036	Choline chloride 40 mM	1/26/2015 korea_ML2_set4	112	3061895	4220	2199869	2190724	422	1384	645.659888004716	0.212945724063728	0.117044396765721	0.984232684141683	0.968805378396406	0.123705904406323	0.0817498883789285	0.000308531122683661	0.75217896225666	TRUE
set4IT037	Paraquat dichloride 0.035 mg/ml	1/26/2015 korea_ML2_set4	113	3422586	4837	2456146	2445837	475	1384	720.84792219275	0.33439494830391	0.121767123144908	0.975752453753323	0.968805378396406	0.356452018214189	0.184778503523385	-0.0398106738290621	1.7188620699442	TRUE
set4IT038	Paraquat dichloride 0.045 mg/ml	1/26/2015 korea_ML2_set4	114	3355141	4834	2406702	2396775	468	1384	706.388152077807	0.256359062985795	0.114539976055496	0.980371193251067	0.968805378396406	0.18688781783926	0.0266181028893649	-0.00652813645032172	2.25212440372294	TRUE
set4IT039	LB	1/26/2015 korea_ML2_set4	115	3879796	5291	2787546	2776006	547	1384	818.156793398173	0.146110825575595	0.112872065584197	0.98664161714498	0.968805378396406	0.154481626938159	-0.00232411062714035	-0.0154823850033119	1.04490923783634	TRUE
set4IT040	Time0	1/26/2015 korea_ML2_set4	116	2647285	3859	1903705	1896153	367	1017	558.842617152962	0.0134543720691235	0.117184712259286	0.967333811079678	0.981554332679181	-0.0462645539178917	-0.0433445853621162	0.0152479373221792	0.999436326613915	FALSE
set4IT041	Time0	1/26/2015 korea_ML2_set4	117	4314904	6287	3100023	3087584	597	789	909.986442676098	-0.000111276353643923	0.107661480071421	0.970656038417856	0.9800545895885	-0.0253404457879053	0.0352786326108342	-0.018013751157418	0.802047028412018	FALSE
set4IT042	Time0	1/26/2015 korea_ML2_set4	118	3042906	4443	2187242	2178664	420	962	642.105511346891	-0.00432062964479094	0.116229636338191	0.981868943976126	0.965234581839323	-0.0759102793540834	0.0510263716770018	-0.00583857423513491	0.940014563372871	FALSE
set4IT043	Benzalkonium Chloride 0.0005 mg/ml	1/26/2015 korea_ML2_set4	119	3220124	4575	2314076	2304698	443	1384	679.25081049219	0.244455503142471	0.120834279562655	0.984459149104222	0.968805378396406	0.199574419014064	0.0516139456979365	-0.0365242040970453	0.955524645626429	TRUE
set4IT044	Aluminum chloride 4 mM	1/26/2015 korea_ML2_set4	120	3781298	5411	2717810	2706646	529	1384	797.71470674919	0.206051647546609	0.111386318288284	0.989852044623918	0.968805378396406	0.169021943747677	0.024297345651375	-0.022319332626732	0.785804809762548	TRUE
set4IT045	benzoic 0.145 mg/ml	1/26/2015 korea_ML2_set4	121	3042849	4279	2184886	2175972	426	1384	641.312113174182	0.167637139395179	0.113517012689185	0.983511877211431	0.968805378396406	0.13269357157624	0.0584610819932153	-0.00192566828117276	0.919870626841347	TRUE
set4IT046	benzoic 0.29 mg/ml	1/26/2015 korea_ML2_set4	122	3066569	4265	2204048	2194640	427	1384	646.814028882994	0.169175033886008	0.118938386077955	0.985596934873026	0.968805378396406	0.086930090848651	-0.00779778153178915	0.00770473503530971	1.56823277080574	TRUE
set4IT047	Phosphomycin 0.005 mg/ml	1/26/2015 korea_ML2_set4	123	2957653	4551	2125333	2116498	415	1384	623.783672266431	0.296524075193081	0.122099869811535	0.970641820401202	0.968805378396406	0.212744091017333	0.0397145790558939	-0.0348005259028467	1.65774051515259	TRUE
set4IT048	Bacitracin 0.12 mg/ml	1/26/2015 korea_ML2_set4	124	3232082	4359	2321543	2311791	455	1384	681.341290893015	0.235039434261725	0.116469990932632	0.971985623830403	0.968805378396406	0.160517688906029	0.0455642420230899	-0.0420339627121818	0.948559496383389	TRUE
set5IT049	Fusidic 0.0005 mg/ml	1/26/2015 korea_ML2_set5	125	3880979	5268	2789811	2778263	531	947	818.821986442676	0.287840301872864	0.114917603212058	0.981384321832653	0.976479004675767	0.234774898428721	0.113626663026635	-0.060214197279493	0.961646849754034	TRUE
set5IT050	Dimethyl Sulfoxide 5 vol%	1/26/2015 korea_ML2_set5	126	3053909	4265	2196023	2186976	425	947	644.555260831123	0.253643893103385	0.123657946912251	0.995824324028807	0.976479004675767	0.171429352373576	0.142352474204817	0.0111657573473942	0.885489375986985	TRUE
set5IT051	LB	1/26/2015 korea_ML2_set5	127	2866877	3920	2057776	2049159	402	947	603.937223695844	0.222099106281516	0.124286217555448	0.985692163316116	0.976479004675767	0.197617304643522	0.151788418615889	0.00149074763829879	1.01994286045709	TRUE
set5IT052	Cephalothin 0.3 mg/ml	1/26/2015 korea_ML2_set5	128	2696098	3850	1937076	1929122	377	947	568.55938697318	0.324488189193609	0.125703622100676	0.983511877211431	0.976479004675767	0.228483428291413	0.149154138090979	-0.01574992695078	1.3253305225417	TRUE
set5IT053	A22 0.01 mg/ml	1/26/2015 korea_ML2_set5	129	2822838	3991	2027728	2019335	392	947	595.147362216328	0.266347950380373	0.123957285473247	0.985138819105044	0.976479004675767	0.205043004017039	0.137936261067045	-0.00352747291363835	1.21765161000834	TRUE
set5IT054	A22 0.02 mg/ml	1/26/2015 korea_ML2_set5	130	2999532	4273	2154180	2144858	421	947	632.14205717654	0.292784488446907	0.120833585494842	0.978805777730876	0.976479004675767	0.217701644204197	0.148498891669162	0.0180144802481586	1.59919009357603	TRUE
set5IT055	Lomefloxacin 0.01 mM	1/26/2015 korea_ML2_set5	131	2966586	4111	2130877	2121581	417	947	625.281756557619	0.253367652103874	0.127471625004497	0.955377008579372	0.976479004675767	0.221531033544513	0.161120294076271	-0.0210807757908423	2.01960029420203	TRUE
set5IT056	Lomefloxacin 0.02 mM	1/26/2015 korea_ML2_set5	132	2957871	4240	2125012	2116004	410	947	623.638078396699	0.248534011762246	0.123457341728163	0.975914381475688	0.976479004675767	0.188500382945952	0.104505965366932	-0.0154115867653703	3.04187543532309	TRUE
set5IT057	D-Cycloserine 0.064 mg/ml	1/26/2015 korea_ML2_set5	133	4290185	6002	3083253	3070528	590	947	904.959622752726	0.267154151844387	0.113890325870144	0.979494344565358	0.976479004675767	0.269970149397634	0.186472043358912	0.0164579454095036	1.71395167164251	TRUE
set5IT058	Doxycycline hyclate 0.0001 mg/ml	1/26/2015 korea_ML2_set5	134	2804764	3646	2014401	2005914	390	947	591.191865605659	0.284796413778124	0.125403837630505	0.983999521306284	0.976479004675767	0.277115233987994	0.17668305370102	-0.0268518300407649	1.3582465934858	TRUE
set5IT059	LB	1/26/2015 korea_ML2_set5	135	2996592	4161	2153441	2144712	421	947	632.099027409372	0.239088500225252	0.122185966670033	0.984232684141683	0.976479004675767	0.222411012436167	0.120199863420991	0.00889284328216862	1.29879271621859	TRUE
set5IT060	Time0	1/26/2015 korea_ML2_set5	136	2987342	4344	2147155	2138355	412	539	630.225464190981	0.0271497055196637	0.128270220894196	0.982646433249732	0.987509055816803	-0.0189053132248009	0.0254208202916046	0.0298394693102442	0.855071325476794	FALSE
set5IT061	Time0	1/26/2015 korea_ML2_set5	137	3908845	5550	2809226	2798027	539	412	824.646920129679	0.0271497055196637	0.128270220894196	0.987509055816803	0.982646433249732	-0.0189053132248009	0.0254208202916046	-0.0298394693102442	1.28117515013929	FALSE
set5IT062	L-Histidine (N)	1/26/2015 korea_ML2_set5	138	3386523	4748	2436183	2426159	449	947	715.048334806955	0.536667460314454	0.130478858842072	0.994893109566911	0.976479004675767	0.336375798987867	0.148637733643156	-0.0197803320194333	3.42783320854965	TRUE
set5IT063	L-Glutamic (N)	1/26/2015 korea_ML2_set5	139	3401607	3932	2443734	2433487	458	947	717.208075449455	0.451252726707201	0.125661108431363	0.984403144948982	0.976479004675767	0.3579836240817	0.192072105887963	-0.0142539326032153	1.51098707360112	TRUE
set5IT064	L-Asparagine (N)	1/26/2015 korea_ML2_set5	140	2445734	765	1671304	1661126	14	947	489.574417919245	0.204408314331978	0.407241018172634	1.08246216019197	0.976479004675767	0.139952449995072	0.04243974602747	0.00519913229710358	13.4791410056621	FALSE
set5IT065	L-Glutamine (N)	1/26/2015 korea_ML2_set5	141	2717463	2754	1954386	1946343	367	947	573.63483642794	0.500470455918356	0.138068452098395	1.00580562168121	0.976479004675767	0.267696427437023	0.187105870311308	-0.0150041838806678	3.19610879213597	TRUE
set5IT066	L-Proline (N)	1/26/2015 korea_ML2_set5	142	2749904	3660	1966803	1957824	346	947	577.018567639257	0.462512271530923	0.14576390817389	0.975954526033349	0.976479004675767	0.238951596377065	0.129623477054843	-0.0066608629215486	6.52388542314414	TRUE
set5IT067	L-Alanine (N)	1/26/2015 korea_ML2_set5	143	2953263	3937	2123576	2114329	397	947	623.144414972001	0.507738857506702	0.133445543514867	0.987509055816803	0.976479004675767	0.28963941319001	0.136570619299624	-0.0151494530541401	3.65391933633779	TRUE
set5IT068	Gly-Glu (N)	1/26/2015 korea_ML2_set5	144	2479464	1830	1629794	1621241	49	947	477.819333922782	0.381846701969932	0.303985055270601	1.07400058144378	0.976479004675767	0.261836520130006	0.0630740974983642	-0.0105567428605309	11.4210490230648	FALSE
set5IT069	L-Glutamic (N)	1/26/2015 korea_ML2_set5	145	2438891	2867	1752935	1745712	334	947	514.503978779841	0.448734453085459	0.125981278478452	0.987288948250447	0.976479004675767	0.295984975884809	0.226342516529714	-0.0181162124401783	1.34146094081558	TRUE
set5IT070	L-Asparagine (N)	1/26/2015 korea_ML2_set5	146	2609364	1530	1779566	1768148	43	947	521.116416150899	0.35494870591089	0.330695577104093	1.05658352836637	0.976479004675767	0.213371857922132	0.074798089819866	-0.0024590787994859	12.0045013746505	FALSE
set5IT071	L-Glutamine (N)	1/26/2015 korea_ML2_set5	147	2559488	3206	1837499	1828842	266	947	539.00442086649	0.524473129858767	0.172493168195739	1	0.976479004675767	0.301839139426533	0.133661956025966	-0.00796243302440812	8.44604240440284	TRUE
set5IT072	L-Proline (N)	1/26/2015 korea_ML2_set5	148	2568307	2576	1796220	1786556	213	947	526.541703507221	0.473532337259602	0.175910475207016	1	0.976479004675767	0.278273293080478	0.130763052592067	-0.00140368823655147	9.56431267931303	TRUE
set5IT073	LB 20C	1/26/2015 korea_ML2_set5	149	1548655	1994	1112732	1107381	215	947	326.372236958444	0.212330988708992	0.161464108343239	0.975752453753323	0.976479004675767	0.173413359172028	0.0655559097276014	-0.0449474034129878	1.48844702884551	TRUE
set5IT074	LB 20C	1/26/2015 korea_ML2_set5	150	2107124	2708	1514010	1507589	298	947	444.323312702623	0.292406209498688	0.137027120467838	0.977279923499917	0.976479004675767	0.188505247470331	0.131394850461162	-0.023129122855829	1.0800641489623	TRUE
set5IT075	LB 30C	1/26/2015 korea_ML2_set5	151	2283725	3175	1641027	1634270	317	947	481.65929855585	0.194782610478915	0.130718221704297	0.967978326949473	0.976479004675767	0.118303693944526	0.0391612042793985	-0.0112917096054612	1.22546073159375	TRUE
set5IT076	LB 30C	1/26/2015 korea_ML2_set5	152	2898650	3965	2082358	2074052	403	947	611.273798997937	0.210784064228437	0.120581888190993	0.978195629681651	0.976479004675767	0.208939076795601	0.170212662880146	-0.0140753011003885	0.874740369679423	TRUE
set5IT077	LB 37C	1/26/2015 korea_ML2_set5	153	3519308	4747	2531677	2521324	488	947	743.095785440613	0.347258682358836	0.11928830737405	0.975626404647404	0.976479004675767	0.241571061805775	0.103371260373745	-0.0186069150172626	1.29043365355967	TRUE
set5IT078	LB 37C	1/26/2015 korea_ML2_set5	154	2849646	3806	2049937	2041635	393	947	601.719717064545	0.298104288659286	0.127792261978283	0.981073496658363	0.976479004675767	0.203112959272891	0.100389534169103	-0.0177031875171122	1.32201572396204	TRUE
set5IT079	outer cut, LB soft agar motility assay	1/26/2015 korea_ML2_set5	155	2759604	2472	1987413	1978228	209	947	583.032124963159	0.153494000484311	0.602218509919833	1.4472110699269	0.976479004675767	0.229720098622188	0.0289783307186397	-0.0233719868405343	11.5683892665322	FALSE
set5IT080	outer cut, LB soft agar motility assay	1/26/2015 korea_ML2_set5	156	2490733	2009	1768859	1759297	242	947	518.507810197465	0.170632625729631	0.459708376647163	1.3040061868901	0.976479004675767	0.156577219273759	-0.00754934795732376	-0.0239671947639474	10.7093648913514	TRUE
set5IT081	outer cut, LB soft agar motility assay	1/26/2015 korea_ML2_set5	157	1945274	1500	1364980	1360222	126	947	400.890657235485	0.179305321647893	0.446821374064605	1.19555080911781	0.976479004675767	0.205242000614222	0.0493082148946338	-0.0333684335270451	11.7707945137213	TRUE
set5IT082	outer cut, LB soft agar motility assay	1/26/2015 korea_ML2_set5	158	2089742	713	1529782	1499341	68	947	441.892425582081	0.0528929791175242	0.786155518120737	1.8073549220576	0.976479004675767	0.113098850120266	0.0203591583961108	-0.0285725840242218	13.6011206225894	FALSE
set5IT083	inner cut, LB soft agar motility assay	1/26/2015 korea_ML2_set5	159	2270874	2957	1624316	1616180	236	947	476.327733569113	0.209974523445098	0.368089905152694	1.11735695063816	0.976479004675767	0.161608614693106	0.112965987242643	-0.00690362915994042	10.2133328684072	TRUE
set5IT084	inner cut, LB soft agar motility assay	1/26/2015 korea_ML2_set5	160	2450341	3205	1762057	1754484	289	947	517.089301503095	0.13895747653056	0.442033306471185	1.24480366875671	0.976479004675767	0.134680897276012	0.0316521299909252	-0.0235715765350492	9.16691402490758	TRUE
set5IT085	inner cut, LB soft agar motility assay	1/26/2015 korea_ML2_set5	161	2520246	2442	1806380	1799088	283	947	530.235190097259	0.182036016459377	0.373148135695623	1.14072502499374	0.976479004675767	0.137199448649775	0.0242931226011588	-0.0455213705058266	9.32180519896884	TRUE
set5IT086	inner cut, LB soft agar motility assay	1/26/2015 korea_ML2_set5	162	2363084	2755	1695020	1684762	246	947	496.54052460949	0.154559179221362	0.426395045746775	1.22119367175282	0.976479004675767	0.0863006504654735	0.0778960713339139	-0.036359842109486	9.58609153934711	TRUE
set5IT087	LB, pH6	2/2/2015 korea_ML2_set5	163	3524761	5161	2531927	2521231	490	395	743.068376068376	0.153249200121466	0.142927000673301	0.974821437004003	0.988263891949032	0.111206721886796	0.0728307530277857	-0.00535035924893873	0.953017353509733	TRUE
set5IT088	LB, pH6	2/2/2015 korea_ML2_set5	164	2290838	3366	1644882	1637923	318	395	482.735926908341	0.130624415239194	0.153778039429352	0.981384321832652	0.988263891949032	0.136688500459173	0.107959403078856	0.00538792132176885	1.4166623222088	TRUE
set5IT089	LB, pH6	2/2/2015 korea_ML2_set5	165	2047997	2938	1472088	1465691	285	395	431.974948423224	0.170191121489387	0.15248477288417	0.97490901903717	0.988263891949032	0.110200304587576	0.0460292957288441	-0.0114235590579963	1.27186302674072	TRUE
set5IT090	LB, pH7	2/2/2015 korea_ML2_set5	166	2740056	3779	1968520	1960237	381	395	577.729737695255	0.175099184096541	0.145834708982973	0.99658802748128	0.988263891949032	0.190350021606272	0.0637177560369823	-0.0132657016126346	0.880885400409134	TRUE
set5IT091	LB, pH7	2/2/2015 korea_ML2_set5	167	2883276	3975	2070071	2061102	404	395	607.457117595049	0.150520984248573	0.13995032089979	0.96781959425085	0.988263891949032	0.142350624467715	-0.00827295250479463	-0.0160091206036673	0.920876696152659	TRUE
set5IT092	LB, pH7	2/2/2015 korea_ML2_set5	168	2753451	3807	1979096	1970769	385	395	580.833775419982	0.11239788598308	0.148397232716554	0.987175959642416	0.988263891949032	0.128453738522542	0.0431975287557038	-0.00335733970843865	1.2784568601303	TRUE
set5IT093	LB, pH8	2/2/2015 korea_ML2_set5	169	2366198	3295	1700187	1693030	329	395	498.977306218686	0.123558118955746	0.151708401734849	0.975196608999427	0.988263891949032	0.085911737164636	0.00760124367011095	-0.0246293475537118	0.885638463863881	TRUE
set5IT094	LB, pH8	2/2/2015 korea_ML2_set5	170	2597820	3673	1865205	1857323	367	395	547.39846743295	0.160021435237041	0.146524472900364	0.979241439833203	0.988263891949032	0.129003914953538	0.0601773357312896	0.000131348922281099	1.61097300897078	TRUE
set5IT095	LB, pH8	2/2/2015 korea_ML2_set5	171	2840609	3943	2040504	2031677	397	395	598.784851164162	0.138223449520604	0.139447937909446	0.992264351220395	0.988263891949032	0.101959404983565	0.0435785616908064	-0.0248442213361615	0.997173551678433	TRUE
