12461321
12461311
12461301
12461291
12461281
12461271
12461261
12461251
12461241
12461231
12461221
12461211
12461201
12461191
12461181
12461171
12461161
12461151
12461141
12461131
12461121
12461111
12461101
12461091
12461081
12461071
12461061
12461051
12461041
12461031
12455601
12455591
12455581
12455571
12455561
12455551
12455541
12455531
12455521
12455511
12455501
12455491
12455481
12455471
12455461
12455451
12455441
12455431
12455421
12455411
12455401
12455391
12455381
12455371
12455361
12455351
12455341
12455331
12455321
12455311
12455301
12455291
12455281
12455271
12455261
12455251
12455241
12455221
