15182269
15182268
15182267
15182266
15182265
15182264
15182263
15182262
15182261
15182260
15182259
15182258
15182257
15182256
15182255
15182254
15182253
15182252
15182251
15182250
15182249
15182248
15182247
15182246
15182245
15182244
15182243
15182242
15182241
15182240
15182239
15182238
15182237
15182236
15182235
15182234
15182233
15182232
15182231
15182230
15182229
15182228
15182227
15182226
15182225
15182224
15182223
15182222
15182221
15182220
15182219
15182218
15182217
15182216
15182215
15182214
15182213
15182212
15182211
15182210
15182209
15182208
15182207
15182206
15182205
15182204
15182203
15182202
15182201
15182200
15182199
15182198
15182197
15182196
15182195
15182194
15182193
15182192
15182191
15182190
15182189
15182188
15182187
15182186
15182185
15182184
15182183
15182182
15182181
15182180
15182179
15182178
15182177
15182176
15182175
15182174
15182173
15182172
15182171
15182170
15182169
15182168
15182167
15182166
15182165
15182164
15182163
15182162
15182161
15182160
15182159
15182158
15182157
15182156
15182155
15182154
15182153
15182152
15182151
15182150
15182149
15182148
15182147
15182146
15182145
15182144
15182143
15182142
15182141
15182140
15182139
15182138
15182137
15182136
15182135
15182134
15182133
15182132
15182131
15182130
15182129
15182128
15182127
15182126
15182125
15182124
15182123
15182122
15182121
15182120
15182119
15182118
15182117
15182116
15182115
15182114
15182113
15182112
15182111
15182110
15182109
15182108
15182107
15182106
15182105
15182104
15182103
15182102
15182101
15182100
15182099
15182098
15182097
15182096
15182095
15182094
15182093
15182092
15182091
15182090
15182089
15182088
15182087
15182086
15182085
15182084
15182083
15182082
15182081
15182080
15182079
15182078
15182077
15182076
15182075
15182074
15182073
15182072
15182071
15182070
15182069
15182068
15182067
15182066
15182065
15182064
15182063
15182062
15182061
15182060
15182059
15182058
15182057
15182056
15182055
15182054
15182053
15182052
15182051
15182050
15182049
15182048
15182047
15182046
15182045
15182044
15182043
15182042
15182041
15182040
15182039
15182038
15182037
15182036
15182035
15182034
15182033
15182032
15182031
15182030
15182029
15182028
15182027
15182026
15182025
15182024
15182023
15182022
15182021
15182020
15182019
15182018
15182017
15182016
15182015
15182014
15182013
15182012
15182011
15182010
15182009
15182008
15182007
15182006
15182005
15182004
15182003
15182002
15182001
15182000
15181999
15181998
15181997
15181996
15181995
15181994
15181993
15181992
15181991
15181990
15181989
15181988
15181987
15181986
15181985
15181984
15181983
15181982
15181981
15181980
15181979
15181978
15181977
15181976
15181975
15181974
15181973
15181972
15181971
15181970
15181969
15181968
15181967
15181966
15181965
15181964
15181963
15181962
15181961
15181960
15181959
15181958
15181957
15181956
15181955
15181954
15181953
15181952
15181951
15181950
15181949
15181948
15181947
15181946
15181945
15181944
15181943
15181942
15181941
15181940
