name	short	t0set	num	nMapped	nPastEnd	nGenic	nUsed	gMed	gMedt0	gMean	cor12	mad12	mad12c	mad12c_t0	opcor	adjcor	gccor	maxFit	u
set1H48	Sucrose (C)	2/12/2014 ANA3_ML1_set1	1	5100127	409821	3142701	3136647	509	939	855.138222464558	0.224844482392909	0.265495683723196	0.948091981059322	0.92189692022197	0.153540920925344	0.0400110641028842	-0.0902256241691103	2.04588555397057	TRUE
set1H47	Sucrose (C)	2/12/2014 ANA3_ML1_set1	2	5516122	439058	3400003	3393442	562.5	939	925.147764449291	0.224926685840684	0.266971719891193	0.963474123974886	0.92189692022197	0.149876892689241	0.0353807461844563	-0.0934803162613451	2.07785233870836	TRUE
set1H46	Time0	2/12/2014 ANA3_ML1_set1	3	4342586	95566	2860431	2856049	443	489	778.639312977099	-0.0531849137763677	0.210275171153614	0.917301429313293	0.909802191028422	0.0493081365158537	0.0454680390765059	0.00633633330403138	2.31834900930652	FALSE
set1H45	Time0	2/12/2014 ANA3_ML1_set1	4	4820171	98817	3178061	3173453	489	443	865.172573609596	-0.0531849137763677	0.210275171153614	0.909802191028422	0.917301429313293	0.0493081365158537	0.0454680390765059	-0.00633633330403138	2.2531490707748	FALSE
set1H43	D-Maltose (C)	2/12/2014 ANA3_ML1_set1	6	4937368	600270	2909880	2903756	469.5	939	791.645583424209	0.271837945113614	0.311097590533412	0.944770479279607	0.92189692022197	0.214323557494249	-0.00549843675468292	-0.0941463717176089	3.4766645851439	TRUE
set1H42	acetate (C)	2/12/2014 ANA3_ML1_set1	7	4555368	41182	3013329	3008022	492.5	939	820.071428571429	0.21875307328317	0.380319761941753	0.989946335336077	0.92189692022197	0.171887326245968	-0.0020695644611419	-0.076813678546916	1.69240000415611	TRUE
set1H41	Fumarate (C)	2/12/2014 ANA3_ML1_set1	8	4650512	85205	3063871	3057803	495	939	833.643129770992	0.25328885961716	0.33960181130792	0.956056652412403	0.92189692022197	0.138774435265744	-0.0189629256671728	-0.0824724036496393	2.02367974944348	TRUE
set1H40	D-Lactate (C)	2/12/2014 ANA3_ML1_set1	9	4349167	2016625	1569385	1566594	240	939	427.09760087241	0.184540382239563	0.512889217193407	1.02819689183065	0.92189692022197	0.141354481696862	-0.0503250952072347	-0.0626584743138346	5.73481170357509	FALSE
set1H39	L-Lactate (C)	2/12/2014 ANA3_ML1_set1	10	4733532	55866	3131319	3125353	507.5	939	852.059160305344	0.227147910813321	0.24555176369238	0.950103555752992	0.92189692022197	0.169896656922126	-0.0136867982150224	-0.089868972644574	1.44558956953915	TRUE
set1H38	D,L-Lactate (C)	2/12/2014 ANA3_ML1_set1	11	2992642	25184	1986053	1982136	320.5	939	540.386041439477	0.227820090240529	0.26863124640105	0.959922560624664	0.92189692022197	0.165604001407331	0.0460635029368937	-0.0815776878696322	1.53017104310485	TRUE
set1H37	succinate (C)	2/12/2014 ANA3_ML1_set1	12	3292995	89328	2151422	2147463	335.5	939	585.458833151581	0.263014716368569	0.331742684538173	0.987898233070993	0.92189692022197	0.181411360873448	0.0591187656230536	-0.0819380347483061	1.97350108353668	TRUE
set1H36	propionate (C)	2/12/2014 ANA3_ML1_set1	13	4947316	25821	3540820	3533086	198.5	939	963.218647764449	0.47240090881315	0.420761200393844	1.05889368905357	0.92189692022197	0.350019116494292	-0.0262661765393482	-0.0938324268601256	12.4586698247236	TRUE
set1H35	Tween 20 (C)	2/12/2014 ANA3_ML1_set1	14	3957162	43928	2623076	2618102	425.5	939	713.76826608506	0.324138977214967	0.243106793697697	0.95540984897593	0.92189692022197	0.276341704521257	-0.0245081576422325	-0.0773910811006965	2.66887707336402	TRUE
set1H34	L-Malic (C)	2/12/2014 ANA3_ML1_set1	15	5148857	115452	3375893	3368652	537.5	939	918.389312977099	0.247460397606124	0.348811482572979	0.969679548657068	0.92189692022197	0.171940487300043	-0.03824532406647	-0.0874451514279745	2.25114702512632	TRUE
set1H33	L-Glutamic (C)	2/12/2014 ANA3_ML1_set1	16	6155797	95933	4925492	4925010	26	939	1342.69629225736	0.124138859493606	0.634534135561372	1	0.92189692022197	0.216054436682693	0.0106509634579438	-0.0663760839801927	7.0656965356069	FALSE
set1H32	L-Serine (C)	2/12/2014 ANA3_ML1_set1	17	5985397	82240	2158076	2155470	181	939	587.641766630316	0.297572761584792	0.257603485016041	0.962525294581337	0.92189692022197	0.255361400807234	0.0230779404595212	-0.0722882396807886	14.9233638123526	TRUE
set1H31	L-Threonine (C)	2/12/2014 ANA3_ML1_set1	18	5214929	46885	3700931	3681620	366	939	1003.71319520174	0.29437906696149	0.503314539460038	1.03628767557675	0.92189692022197	0.238863822847376	0.0213342710147665	-0.0932100272987755	8.7582829367162	FALSE
set1H30	L-Glutamine (C)	2/12/2014 ANA3_ML1_set1	19	4444010	251757	2881179	2874258	395.5	939	783.603598691385	0.174811268530496	0.672133482355966	1.09904736925081	0.92189692022197	0.126991177102017	-0.0377032119751038	-0.0875693320263732	6.12177745688491	FALSE
set1H29	L-Alanine (C)	2/12/2014 ANA3_ML1_set1	20	5705875	3665147	1377202	1373217	214.5	939	374.377589967285	0.324759698620165	0.261080469433951	0.959922560624665	0.92189692022197	0.2673312784353	0.0136200903855691	-0.0697732458210633	5.51921586175291	TRUE
set1H28	L-Arabinose (C)	2/12/2014 ANA3_ML1_set1	21	4089499	12232	2742947	2736696	425.5	939	746.100327153762	0.279708543969284	0.353868091441634	0.970684433175445	0.92189692022197	0.227432912688672	0.00701828783043528	-0.10021081649163	5.22100149903983	TRUE
set1H27	D-Maltose (C)	2/12/2014 ANA3_ML1_set1	22	4809764	557809	2856290	2850092	451	939	777.015267175572	0.269525894398912	0.314183079838996	0.976096813473514	0.92189692022197	0.210787376942797	0.0219127681073093	-0.0949989025984903	3.57183008609268	TRUE
set1H26	acetate (C)	2/12/2014 ANA3_ML1_set1	23	5381723	64466	3552205	3545884	574	939	966.70774263904	0.217796331630577	0.376741306925527	0.964501318778614	0.92189692022197	0.169077480370955	0.0220311860373992	-0.0784236992511674	1.85802161100884	TRUE
set1H25	Fumarate (C)	2/12/2014 ANA3_ML1_set1	24	4607731	89025	3031327	3025099	480.5	939	824.727099236641	0.230272351338575	0.34278956986099	0.960793917740514	0.92189692022197	0.141638327290097	-0.00177692043381303	-0.0839959486270574	2.20423221935418	TRUE
set1H24	D-Lactate (C)	2/12/2014 ANA3_ML1_set1	25	4659747	2384320	1532933	1530175	232	939	417.168756815703	0.196816152609476	0.512316874582615	1.04508788952854	0.92189692022197	0.13219305653744	-0.0325588216302678	-0.0655352747829503	5.79117063524915	FALSE
set1H23	L-Lactate (C)	2/12/2014 ANA3_ML1_set1	26	4331991	61351	2862566	2857195	458.5	939	778.951744820065	0.224574240812025	0.257241861587158	0.939031982708572	0.92189692022197	0.170198531962636	0.0407036717213898	-0.0839988594568274	1.21632920008677	TRUE
set1H22	D,L-Lactate (C)	2/12/2014 ANA3_ML1_set1	27	4799957	47680	3179296	3173430	513	939	865.166303162486	0.223628588299542	0.253097178417815	0.941627636883819	0.92189692022197	0.174087125105885	0.0290646868999637	-0.0825607282840987	1.57722611191639	TRUE
set1H21	succinate (C)	2/12/2014 ANA3_ML1_set1	28	5533712	120919	3632977	3626016	578	939	988.553980370774	0.245070408987023	0.323114845598786	0.957976785104293	0.92189692022197	0.193845384394959	0.0202877874511421	-0.0799022687448218	1.70200010054793	TRUE
set1H20	propionate (C)	2/12/2014 ANA3_ML1_set1	29	5709000	24255	4075033	4066075	234	939	1108.52644492912	0.495662014505838	0.418287045821523	1.02879726430744	0.92189692022197	0.346755878045398	0.0382409177192173	-0.0916116544449452	12.4635692757994	TRUE
set1H18	L-Malic (C)	2/12/2014 ANA3_ML1_set1	31	5426711	136807	3551039	3542946	567	939	965.906761177754	0.231300983623484	0.366322133196715	1	0.92189692022197	0.129875778047754	-0.0204248134224683	-0.0873422863738641	2.20424903538269	TRUE
set1H17	L-Glutamic (C)	2/12/2014 ANA3_ML1_set1	32	5820409	86383	3370157	3369552	33	939	918.6346782988	0.160295542764888	0.485595223963379	1	0.92189692022197	0.147817703938538	-0.000530440516488298	-0.0615057736312053	6.34997948865332	FALSE
set1H16	L-Serine (C)	2/12/2014 ANA3_ML1_set1	33	5648335	68973	2130920	2128812	166	939	580.374045801527	0.274660699727923	0.26472887148836	0.946560741038539	0.92189692022197	0.263346055492794	-0.00619159091808094	-0.068824349550407	15.0695906168601	TRUE
set1H15	L-Threonine (C)	2/12/2014 ANA3_ML1_set1	34	4692101	44369	3334882	3317345	322	939	904.401581243184	0.297276694482598	0.488826940212651	1.05444778402238	0.92189692022197	0.253263739074162	-0.00546191916212926	-0.0961874941274383	8.82376235655602	TRUE
set1H14	L-Glutamine (C)	2/12/2014 ANA3_ML1_set1	35	3047758	155745	1989910	1984924	271.5	939	541.14612868048	0.187179466077206	0.652711371882585	1.09382202235652	0.92189692022197	0.130808815357448	-0.0347609745827195	-0.0833011131944995	5.94800755031112	FALSE
set1H13	L-Alanine (C)	2/12/2014 ANA3_ML1_set1	36	5859816	3757394	1420948	1416505	220.5	939	386.179116684842	0.369109465159085	0.251645003085021	0.966833136064801	0.92189692022197	0.276372220248348	-0.00118788780386828	-0.0750436816528834	5.53561493134807	TRUE
set1H12	Time0	2/20/2014 ANA3_ML1_set1	37	4444603	58279	2950974	2947330	496.5	518	803.525081788441	0.00330426043469153	0.164109576243895	0.919243134277506	0.911562035332417	0.0451630493611225	-0.0328585879553596	-0.0145711730861199	1.02904808994745	FALSE
set1H11	Time0	2/20/2014 ANA3_ML1_set1	38	4593981	53058	3055620	3051864	518	496.5	832.0239912759	0.00330426043469153	0.164109576243895	0.911562035332417	0.919243134277506	0.0451630493611225	-0.0328585879553596	0.0145711730861199	1.47023852809488	FALSE
set1H10	L-Arginine (N)	2/20/2014 ANA3_ML1_set1	39	3837807	56697	2533763	2530082	407.5	1016.5	689.771537622683	0.336923900956289	0.284317704987821	0.960107272876487	0.913354516651514	0.250609902481586	-0.00437072789956873	-0.0857721684629407	2.91355323247323	TRUE
set1H9	L-Glutamic (N)	2/20/2014 ANA3_ML1_set1	40	2596691	20347	1737513	1734050	270	1016.5	472.750817884406	0.278772671874752	0.505816400538388	1.02553509210714	0.913354516651514	0.202118915913146	-0.0343185605190638	-0.0833694269589225	3.64296752188689	FALSE
set1H8	L-Serine (N)	2/20/2014 ANA3_ML1_set1	41	880075	7598	588585	588113	35	1016.5	160.336150490731	0.154735198047471	1.37281077184666	2.14244426502021	0.913354516651514	0.188558138390957	-0.00372206248125739	-0.0322474473239806	7.67416050843656	FALSE
set1H7	L-Threonine (N)	2/20/2014 ANA3_ML1_set1	42	3765364	26976	2525987	2520080	313	1016.5	687.044711014177	0.303886675733191	0.698062840448613	1.39231742277876	0.913354516651514	0.154684906272424	-0.0558181837732166	-0.0932018995713834	7.44615190920563	FALSE
set1H6	L-Asparagine (N)	2/20/2014 ANA3_ML1_set1	43	4432402	81410	2918776	2913642	474	1016.5	794.340785169029	0.319367856653223	0.349894385565626	0.962525294581337	0.913354516651514	0.20808656930367	-0.0296564961486451	-0.0820521844956566	4.19048871923254	TRUE
set1H5	L-Arginine (N)	2/20/2014 ANA3_ML1_set1	44	5056968	48761	3353114	3347969	535.5	1016.5	912.75054525627	0.307539295947143	0.300772633613585	0.948005362361739	0.913354516651514	0.237550399180348	-0.0193121826851033	-0.0830536522220834	2.84867726362976	TRUE
set1H4	L-Glutamic (N)	2/20/2014 ANA3_ML1_set1	45	3582166	25193	2391862	2386932	372.5	1016.5	650.744820065431	0.26911119598126	0.522985954357766	1.03611029340928	0.913354516651514	0.173859652372551	-0.0498439396319605	-0.0861624819495106	3.66267382967328	FALSE
set1H3	L-Serine (N)	2/20/2014 ANA3_ML1_set1	46	758092	8009	518957	517900	34	1016.5	141.194111232279	0.15238844604505	1.30258517464754	1.96347412397489	0.913354516651514	0.192748898125014	-0.0466878927372021	-0.0541908290127979	7.12855801598466	FALSE
set1H1	L-Asparagine (N)	2/20/2014 ANA3_ML1_set1	48	3504994	63939	2306042	2302037	368	1016.5	627.600054525627	0.325697686517539	0.358568177187937	0.967015137499942	0.913354516651514	0.237510773735626	0.0204916509240662	-0.0835046277611716	4.24116516344664	TRUE
set2IT001	Time0	2/12/2014 ANA3_ML1_set2	49	1348462	37882	882411	881019	135	154	240.190567066521	-0.0252370428313476	0.202934920735321	0.911190733042145	0.898622979624919	-0.0145160116992053	0.0215593308887496	0.0157852153293515	1.53800639732929	FALSE
set2IT002	Time0	2/12/2014 ANA3_ML1_set2	50	1520279	40937	995454	993842	154	135	270.949291166848	-0.0252370428313476	0.202934920735321	0.898622979624919	0.911190733042145	-0.0145160116992053	0.0215593308887496	-0.0157852153293515	1.80787775003951	FALSE
set2IT003	L-Isoleucine (C)	2/12/2014 ANA3_ML1_set2	51	1705374	1679	1141926	1139011	185	291.5	310.526444929117	0.242216518663518	0.437987610435344	1	0.909005467779407	0.144011564357729	-0.0610601403909676	-0.0990622459762687	4.53378367091136	TRUE
set2IT004	L-Leucine (C)	2/12/2014 ANA3_ML1_set2	52	1463824	6916	977700	975401	157.5	291.5	265.921755725191	0.272920423785446	0.309244206863834	0.963474123974886	0.909005467779407	0.165709784191415	0.00471251612254031	-0.0987251567328568	5.88714920935225	TRUE
set2IT005	casaminos (C)	2/12/2014 ANA3_ML1_set2	53	1497896	9428	999840	997982	169	291.5	272.077971646674	0.152270979216569	0.215704269132052	0.928107081518214	0.909005467779407	0.0920044966035238	0.016432164704813	-0.046271457958841	1.09926772145194	TRUE
set2IT006	NAG (C)	2/12/2014 ANA3_ML1_set2	54	1548740	49296	1002551	1000790	161.5	291.5	272.843511450382	0.275388027900896	0.291656389983041	0.941897045436432	0.909005467779407	0.160009420997181	0.035217553962324	-0.100184542178673	3.24112791275225	TRUE
set2IT007	D-Glucosamine Hydrochloride (C)	2/12/2014 ANA3_ML1_set2	55	1366366	110516	843061	841230	136	291.5	229.342966194111	0.240278717943108	0.450935814031817	1.00464636485637	0.909005467779407	0.173037592754916	-0.0500689947429773	-0.106243501539818	3.65622583669685	TRUE
set2IT008	Uridine (C)	2/12/2014 ANA3_ML1_set2	56	1601988	14180	1067177	1064992	178	291.5	290.346782988004	0.227417281680353	0.33413740131041	0.984232684141683	0.909005467779407	0.145335028637103	0.00844157412321784	-0.103191429075839	3.32615608879955	TRUE
set2IT009	Thymidine (C)	2/12/2014 ANA3_ML1_set2	57	2998660	138548	1926831	1921789	306.5	291.5	523.933751363141	0.2166440325255	0.415906811103327	1.10178373795731	0.909005467779407	0.230819132222014	-0.0100072355924409	-0.0851097064674949	4.47126441576698	TRUE
set2IT010	Inosine (C)	2/12/2014 ANA3_ML1_set2	58	3058151	5759	2042577	2038528	342	291.5	555.760087241003	0.228205859959369	0.277417248921281	0.92662681366978	0.909005467779407	0.144305471958794	0.0709671014612586	-0.091520384804326	2.7152267484257	TRUE
set2IT011	Cytidine (C)	2/12/2014 ANA3_ML1_set2	59	2843236	366065	1658550	1655311	281	291.5	451.284351145038	0.209594974990521	0.25341152178785	0.952694285221644	0.909005467779407	0.145242281562753	-0.00735596830947707	-0.090042569390929	2.06578375483115	TRUE
set2IT012	L-Isoleucine (C)	2/12/2014 ANA3_ML1_set2	60	3415712	3311	2286328	2280730	366.5	291.5	621.791166848419	0.220606005386611	0.453347910734912	1	0.909005467779407	0.14905882552433	-0.0289755994349888	-0.10112541666746	3.75587025037193	TRUE
set2IT013	L-Leucine (C)	2/12/2014 ANA3_ML1_set2	61	2781973	12479	1859599	1855430	295	291.5	505.842420937841	0.282949982558679	0.277630089119109	0.954196310386875	0.909005467779407	0.180557587685881	-0.0137232430849271	-0.0941267185983567	6.07066033462415	TRUE
set2IT014	casaminos (C)	2/12/2014 ANA3_ML1_set2	62	2941484	14089	1966115	1962447	336	291.5	535.01826608506	0.177064626131964	0.201668693782554	0.90935463556	0.909005467779407	0.110423647626333	0.0146596081089187	-0.0498874970591509	1.49689159087123	TRUE
set2IT015	NAG (C)	2/12/2014 ANA3_ML1_set2	63	2964749	74554	1934202	1930953	309.5	291.5	526.432115594329	0.254393670349369	0.282100962470014	0.952303257968704	0.909005467779407	0.169902707404153	0.0345200028108103	-0.0971202099576412	3.2248846231132	TRUE
set2IT016	D-Glucosamine Hydrochloride (C)	2/12/2014 ANA3_ML1_set2	64	3319561	228887	2073610	2069186	331	291.5	564.118320610687	0.242853183359006	0.440632549392066	1	0.909005467779407	0.173617947680844	-0.0300038599372608	-0.10428470273246	5.12484743941474	TRUE
set2IT017	Uridine (C)	2/12/2014 ANA3_ML1_set2	65	3225297	24369	2148834	2144448	354	291.5	584.636859323882	0.22992346022236	0.335688924329831	0.977515985848621	0.909005467779407	0.118105201014881	-0.00697418849906887	-0.102886485433529	3.31312897758483	TRUE
set2IT018	Thymidine (C)	2/12/2014 ANA3_ML1_set2	66	2738474	169614	1729286	1724740	279.5	291.5	470.212649945474	0.228820624239471	0.399970988325118	1.09034650209625	0.909005467779407	0.201380494360268	-0.037236716296856	-0.0895138539226459	4.46944065705538	TRUE
set2IT019	Inosine (C)	2/12/2014 ANA3_ML1_set2	67	2920716	6902	1949234	1945376	326	291.5	530.364231188659	0.231896861579268	0.261107164861298	0.936806173512806	0.909005467779407	0.110968473078235	0.0149472254767726	-0.0920955148928625	3.0740947073282	TRUE
set2IT020	Cytidine (C)	2/12/2014 ANA3_ML1_set2	68	3029870	357240	1789998	1786462	303	291.5	487.039803707743	0.205411305231986	0.258859039518321	0.937264244652038	0.909005467779407	0.105906324707673	0.00650633640939329	-0.089204105005951	3.11183925761994	TRUE
set2IT021	Time0	2/20/2014 ANA3_ML1_set2	69	3268533	55226	2153422	2150544	366	368	586.298800436205	0.013900607260869	0.146244217981066	0.917791902508498	0.927514492966292	0.0503515784101107	0.0182467578844147	0.0196335690361484	0.914257012110184	FALSE
set2IT022	Time0	2/20/2014 ANA3_ML1_set2	70	3270629	62209	2150773	2147958	368	366	585.593784078517	0.013900607260869	0.146244217981066	0.927514492966292	0.917791902508498	0.0503515784101107	0.0182467578844147	-0.0196335690361482	2.01078423051561	FALSE
set2IT023	L-Glutamine (N)	2/20/2014 ANA3_ML1_set2	71	2851981	18355	1902129	1898768	313	733.5	517.657579062159	0.303004451702208	0.409803236271267	0.991538421251804	0.924051146766701	0.18586537368352	-0.0281352706952789	-0.0768436572472458	3.90906147153544	TRUE
set2IT024	Glycine (N)	2/20/2014 ANA3_ML1_set2	72	3152565	520264	1762888	1760296	278	733.5	479.906215921483	0.313953882009831	0.433579245367061	1.11280060247613	0.924051146766701	0.242164601434634	-0.0220647001441164	-0.078056482872212	6.0647867450674	TRUE
set2IT025	L-Proline (N)	2/20/2014 ANA3_ML1_set2	73	2495441	1738548	508293	507522	82	733.5	138.364776444929	0.275972230230869	0.319513500138487	0.968291140272662	0.924051146766701	0.182099695845776	0.00694345173977064	-0.0381754201334727	3.04938566849941	TRUE
set2IT026	L-Alanine (N)	2/20/2014 ANA3_ML1_set2	74	2729001	210051	1682143	1679046	256	733.5	457.755179934569	0.334005898094726	0.469572247360312	1.16784168694182	0.924051146766701	0.227883895773137	-0.0097019715333121	-0.0658073130344805	4.7848468195401	TRUE
set2IT027	L-Isoleucine (N)	2/20/2014 ANA3_ML1_set2	75	3327106	11053	2220282	2216677	356	733.5	604.328516902944	0.300828186744556	0.446076623376268	1.00749453654692	0.924051146766701	0.225299508699895	-0.074290777076777	-0.078054449478232	4.09946831296172	TRUE
set2IT028	L-Glutamine (N)	2/20/2014 ANA3_ML1_set2	76	3288369	17020	2194952	2190926	359	733.5	597.308069792803	0.300627084722017	0.402463419434036	1	0.924051146766701	0.214806159719318	-0.0196149665104052	-0.0840283638668528	3.82953020789028	TRUE
set2IT029	Glycine (N)	2/20/2014 ANA3_ML1_set2	77	3409028	557576	1909613	1906877	301	733.5	519.868320610687	0.297663526875347	0.466210101194826	1.13281182842521	0.924051146766701	0.222329171841463	0.000760309405063256	-0.0823888591722223	6.16622618369349	TRUE
set2IT030	L-Proline (N)	2/20/2014 ANA3_ML1_set2	78	3571399	2476070	734432	733403	119	733.5	199.946292257361	0.275393990328755	0.325362721645578	0.947532580105864	0.924051146766701	0.144582254470439	-0.064433582651311	-0.040113057330742	2.82679120938216	TRUE
set2IT031	L-Alanine (N)	2/20/2014 ANA3_ML1_set2	79	3248029	276373	1990415	1987644	312	733.5	541.887677208288	0.296743953356294	0.471600626532228	1.16046467219325	0.924051146766701	0.212567593452139	0.000561001440239309	-0.0717487125457661	4.98284703856316	TRUE
set2IT032	L-Isoleucine (N)	2/20/2014 ANA3_ML1_set2	80	3128018	9994	2086310	2082964	336.5	733.5	567.874591057797	0.300750025063514	0.439948282737041	1	0.924051146766701	0.215354482857081	-0.0659038533643866	-0.0749993847595229	4.13288237868693	TRUE
set2IT033	Time0	5/15/2014 ANA3_ML1_set2	81	2848135	26099	1909230	1908365	218	503	520.2739912759	-0.0326818233732242	0.156154836475098	1	0.988684686772167	-0.0486522632687291	0.059359981083147	0.00967543456549536	2.10740581444387	FALSE
set2IT034	Time0	5/15/2014 ANA3_ML1_set2	82	3224006	30596	2159810	2158806	248.5	470.5	588.551254089422	-0.00166839591568813	0.146184706365606	0.989875782726292	0.990384911123279	-0.0670262175206647	0.0201771083839102	-0.0232200592312297	1.48192578652365	FALSE
set2IT035	Time0	5/15/2014 ANA3_ML1_set2	83	3264924	31624	2188066	2187010	254	465	596.240458015267	-0.0171330406964124	0.152500727896709	0.990840000714524	0.998352147118517	-0.0157843612433288	0.0127135297835953	0.0299503152972401	1.76291762464758	FALSE
set2IT036	Cobalt chloride 0.16 mM	5/15/2014 ANA3_ML1_set2	84	3097490	58543	2049317	2048748	241	720	558.546346782988	0.265211463782509	0.228721197321462	1.06012099243757	0.986566988232473	0.219762028400823	0.0759253034051398	0.114315569621102	1.74605260643527	TRUE
set2IT037	copper (II) chloride 0.625 mM	5/15/2014 ANA3_ML1_set2	85	1858271	15081	1279310	1278763	48	720	348.626772082879	0.387793605691707	0.834881980342827	1.61072559678624	0.986566988232473	0.289636337977479	0.0687108886265235	-0.0577647904040793	5.84016976815953	FALSE
set2IT038	sodium fluoride 200 mM	5/15/2014 ANA3_ML1_set2	86	3139397	4713	2116644	2116055	248	720	576.89612868048	0.345406317876374	0.208309527360119	1.04466904933373	0.986566988232473	0.252827531444201	0.0234861056780396	0.059180988242694	2.56171659159435	TRUE
set2IT039	Paraquat dichloride 0.008 mg/ml	5/15/2014 ANA3_ML1_set2	87	2746626	108010	1794005	1787377	71	720	487.289258451472	0.315501475658473	0.429559699847863	1.31259023030803	0.986566988232473	0.244046973627248	-0.0220072000326304	-0.0779883377596136	10.5209008005744	TRUE
set2IT040	Thallium(I) acetate 0.064 mg/ml	5/15/2014 ANA3_ML1_set2	88	3188882	34578	2133797	2133354	219.5	720	581.612322791712	0.369356141256682	0.315777136341712	1.15527822547791	0.986566988232473	0.277473500589738	0.028513433021477	0.0911362199630165	2.48300037333496	TRUE
set2IT041	Cisplatin 0.0125 mg/ml	5/15/2014 ANA3_ML1_set2	89	2893207	39128	1926871	1926247	121	720	525.149127589967	0.441070371825252	0.570563604480806	1.38516696969671	0.986566988232473	0.334101753345099	0.0862184941235569	-0.00232606912613839	4.64150292384385	FALSE
set2IT042	Cisplatin 0.025 mg/ml	5/15/2014 ANA3_ML1_set2	90	2741638	99709	1789005	1788413	93	720	487.571701199564	0.360987591648864	0.788469749961567	1.58496250072116	0.986566988232473	0.286201664851508	0.0660584543694255	-0.0401016784335934	5.52963320016611	FALSE
set2IT043	Cisplatin 0.05 mg/ml	5/15/2014 ANA3_ML1_set2	91	3066575	1355367	1160838	1160581	67	720	316.407033805889	0.295064814040709	0.381302955875614	1.20546911829998	0.986566988232473	0.157727959127329	0.0344026658352129	-0.0434551903063983	5.36107402215582	TRUE
set2IT044	Zinc 1.5 mM	5/15/2014 ANA3_ML1_set2	92	3007272	96390	1968419	1966939	83	720	536.242911668484	0.327101851005079	0.961797970271324	1.8073549220576	0.986566988232473	0.230140029801478	0.0516559623824428	-0.0157538432800267	9.02972310904178	FALSE
set2IT045	LB	5/15/2014 ANA3_ML1_set2	93	3055522	25229	2044823	2044375	193	720	557.354143947655	0.439826889571816	0.360076585052307	1.22426483566922	0.986566988232473	0.309764019081466	0.104239300599838	0.0778285556071744	3.05357058790592	TRUE
set2IT046	nitrite 7.5 mM	5/15/2014 ANA3_ML1_set2	94	3097053	19235	2071907	2071273	267	720	564.687295528899	0.234322765819049	0.209880507573009	1.02599520853294	0.986566988232473	0.196882080411455	-0.0444788845670687	0.0609809235277958	1.58591271218479	TRUE
set2IT047	nitrite 15 mM	5/15/2014 ANA3_ML1_set2	95	2932472	39849	1944175	1943500	244	720	529.852780806979	0.282138048785832	0.219480250917055	1.02659421001171	0.986566988232473	0.192550725270887	0.03393248216594	0.0614359731114303	2.0104574069665	TRUE
set2IT048	nitrite 30 mM	5/15/2014 ANA3_ML1_set2	96	3628845	3122561	341894	341694	40	720	93.1553980370774	0.214067861740694	0.396173801465326	1.05062607306997	0.986566988232473	0.138989477386533	-0.00949197609468798	0.0354676114729944	3.89402277387001	FALSE
set3IT049	Time0	5/15/2014 ANA3_ML1_set3	97	1834204	18481	1227994	1227492	142	403.5	334.648854961832	0.0150576671874794	0.173446754341953	0.985970440095941	1	-0.00644173991482737	0.00286782597029844	0.0226851597988944	2.84986320639535	FALSE
set3IT050	Time0	5/15/2014 ANA3_ML1_set3	98	2513757	24637	1682278	1681555	191	349	458.439203925845	-0.0252295213908675	0.157057542476855	1.00307939293197	0.993573730840566	0.0202129070669509	-0.00827037981253417	0.0133537077643027	2.20238108546049	FALSE
set3IT051	Time0	5/15/2014 ANA3_ML1_set3	99	2732611	24700	1831188	1830383	211	332	499.013904034896	0.00736182940437583	0.158460215836955	1.00574779661032	1	-0.0236069779151957	-0.0578425569859634	-0.0162267790726429	2.37407727303831	FALSE
set3IT052	nitrate 300 mM	5/15/2014 ANA3_ML1_set3	100	2557498	3106	1722475	1721858	217	542	469.42693565976	0.259786212281161	0.212702668779638	1.03813512888677	0.995989726282588	0.210916269838834	0.0133601707902006	0.0722485399136341	1.87022725536853	TRUE
set3IT053	Sisomicin 0.0008 mg/ml	5/15/2014 ANA3_ML1_set3	101	1945997	62083	1273845	1272828	58	542	347.008724100327	0.45998922860151	0.69681232662183	1.51306958223937	0.995989726282588	0.306889960751539	0.0670515973139077	-0.0204163630827607	6.90921025067902	FALSE
set3IT054	Sisomicin 0.002 mg/ml	5/15/2014 ANA3_ML1_set3	102	2268275	564	1191655	1176760	0	542	320.817884405671	0.336899396973096	1.0741508189609	0	0.995989726282588	0.309094201830685	0.076465961386257	-0.202089269682741	17.6078879603982	FALSE
set3IT055	Chlorite 0.16 mM	5/15/2014 ANA3_ML1_set3	103	2683793	22148	1802822	1802427	178	542	491.392311886587	0.400178732842814	0.314155704129939	1.16864203555884	0.995989726282588	0.255680843394873	0.0713455041947744	0.0538437068476926	3.11986836136494	TRUE
set3IT056	Chlorite 0.64 mM	5/15/2014 ANA3_ML1_set3	104	2937669	9116	2527902	2527312	0	542	689.016357688113	0.330037521615789	1.14857495702963	0	0.995989726282588	0.297014816153678	0.0701897011744517	-0.204092102369626	16.5445582832671	FALSE
set3IT057	Polymyxin B sulfate 0.004 mg/ml	5/15/2014 ANA3_ML1_set3	105	3190696	189	2753373	2753371	0	542	750.646401308615	0.345645216501632	1.10256877826003	0	0.995989726282588	0.303749002382044	0.0844629632623592	-0.214562880381768	14.6399523600579	FALSE
set3IT058	Polymyxin B sulfate 0.008 mg/ml	5/15/2014 ANA3_ML1_set3	106	3450585	313	3278866	3278865	0	542	893.910850599782	0.345924136677896	1.09582206594393	0	0.995989726282588	0.31086177408261	0.0854572097368794	-0.215583930795576	15.1871569784029	FALSE
set3IT059	Chloride 500 mM	5/15/2014 ANA3_ML1_set3	107	2723261	110809	1765423	1764737	208	542	481.116957470011	0.195953335634238	0.436804348769665	1.16343367422145	0.995989726282588	0.137064041107396	0.0233413923308213	0.0406489462910656	3.96759084725048	TRUE
set3IT060	Chloride 700 mM	5/15/2014 ANA3_ML1_set3	108	3316367	3191465	89425	89334	8	542	24.3549618320611	0.0265178120002377	0.686058971829237	1	0.995989726282588	0.00749613721331627	-0.00902019397022802	-0.0307616662116862	8.09641626678276	FALSE
set3IT061	LB	5/15/2014 ANA3_ML1_set3	109	1850461	14707	1239753	1239449	116	542	337.9086695747	0.425501510762771	0.3599117780401	1.21465677255684	0.995989726282588	0.290633823809783	0.107698530757444	0.0631362805379378	3.06244578999276	TRUE
set3IT063	Benzalkonium Chloride 0.004 mg/ml	5/15/2014 ANA3_ML1_set3	111	2353872	1720752	498797	498165	5	542	135.813794983642	0.182199891258923	0.985916451431964	1.11547721741994	0.995989726282588	0.133993547290301	0.101576547870995	-0.218764774922628	13.7794808973818	FALSE
set3IT064	Phosphomycin 0.25 mg/ml	5/15/2014 ANA3_ML1_set3	112	2069665	4544	1419230	1418732	63	542	386.786259541985	0.513461091907623	0.671599477557731	1.40911266532174	0.995989726282588	0.319704041307621	0.11402593206126	-0.022706912703312	6.57163289384845	FALSE
set3IT065	Phosphomycin 0.5 mg/ml	5/15/2014 ANA3_ML1_set3	113	2569217	351	2153571	2153150	0	542	587.009269356598	0.265633593493653	1.15310939408352	1	0.995989726282588	0.271131263630001	0.0843033179854723	-0.179254249117482	16.706685430606	FALSE
set3IT066	Bacitracin 0.125 mg/ml	5/15/2014 ANA3_ML1_set3	114	2351120	29503	1611548	1610546	79	542	439.080152671756	0.41928932972291	0.717130157668168	1.58496250072116	0.995989726282588	0.259183239110129	0.0524628476164794	-0.0449518987298124	6.71512118253697	FALSE
set3IT067	Bacitracin 0.25 mg/ml	5/15/2014 ANA3_ML1_set3	115	2113656	45364	1595156	1592825	12	542	434.248909487459	0.352072456458448	1.077805766858	1.87446911791614	0.995989726282588	0.236846674838935	0.0370437317165418	-0.122741108871646	10.1236122195537	FALSE
set3IT068	Bacitracin 0.5 mg/ml	5/15/2014 ANA3_ML1_set3	116	2010633	56075	1639584	1636436	0	542	446.138495092694	0.282277107408832	1.24411157149408	1	0.995989726282588	0.303640851094904	0.0740773829374372	-0.184698935220583	12.391443686518	FALSE
set3IT069	Fusidic 0.5 mg/ml	5/15/2014 ANA3_ML1_set3	117	2336775	10272	1587351	1586636	144	542	432.561613958561	0.356675632120492	0.439358566074614	1.25938662881865	0.995989726282588	0.227219649346552	0.0334221803696991	0.0350975121555006	5.97398098465918	TRUE
set3IT070	Fusidic 1 mg/ml	5/15/2014 ANA3_ML1_set3	118	2336371	6982	1697937	1695980	90.5	542	462.371864776445	0.45491350879027	0.501647392432531	1.28504302676755	0.995989726282588	0.30561274892998	0.0637777631646786	0.00566347713853462	11.4362441106888	FALSE
set3IT071	Dimethyl Sulfoxide 7.5 vol%	5/15/2014 ANA3_ML1_set3	119	478836	84922	267267	266297	1	542	72.600054525627	0.34280738082571	1.12550517196189	1	0.995989726282588	0.235210882990875	0.0405894478381028	-0.108287593978511	12.1446990716548	FALSE
set3IT072	Vancomycin 0.12 mg/ml	5/15/2014 ANA3_ML1_set3	120	1779978	1456	1375009	1372039	0	542	374.056434023991	0.272129241921451	1.24322856565996	0.584962500721156	0.995989726282588	0.266842033403627	0.0541819702026848	-0.156189888147692	12.0499618351291	FALSE
set3IT073	Cephalothin 0.16 mg/ml	5/15/2014 ANA3_ML1_set3	121	1323196	1435	905021	904644	57	542	246.631406761178	0.431539992984867	0.646240772878413	1.3779017331407	0.995989726282588	0.231218980563555	0.0294327532733943	-0.0047437659711447	5.01210211504736	FALSE
set3IT074	Lomefloxacin 0.0004 mM	5/15/2014 ANA3_ML1_set3	122	2381468	1761	2355008	2354522	1	542	641.908942202835	0.318168547484592	0.870473708856109	1	0.995989726282588	0.289656852805617	0.0681501485286949	-0.19408159363764	17.2540953051422	FALSE
set3IT075	D-Cycloserine 0.0625 mg/ml	5/15/2014 ANA3_ML1_set3	123	2390984	302461	1588687	1587727	6	542	432.859051254089	0.117515721024936	1.9260042957117	2.29693027817763	0.995989726282588	0.0982865440262931	-0.0447957173186103	-0.0358553024045302	11.7577508783213	FALSE
set3IT076	Neomycin 0.032 mg/ml	5/15/2014 ANA3_ML1_set3	124	1000355	161249	619453	618176	0	542	168.532170119956	0.3892570381121	1.18531734647625	1	0.995989726282588	0.320558812326749	0.0838872098985321	-0.156638217355828	11.5292805340632	FALSE
set3IT077	Doxycycline hyclate 0.0006 mg/ml	5/15/2014 ANA3_ML1_set3	125	2462650	535042	1350767	1349521	91	542	367.917393675027	0.416173797199757	0.502832206438506	1.30256277002043	0.995989726282588	0.321027640702798	0.050459000893569	-0.0564373372606009	6.66638780789573	FALSE
set3IT078	Doxycycline hyclate 0.001 mg/ml	5/15/2014 ANA3_ML1_set3	126	3374801	3362839	8224	8202	0	542	2.2360959651036	0.134081891511112	1.09285036607815	1	0.995989726282588	0.11704424698681	0.0630007364826526	-0.11641948328178	7.87899811011263	FALSE
set3IT079	Rifampicin 0.001 mg/ml	5/15/2014 ANA3_ML1_set3	127	2904834	848667	1394807	1393449	133	542	379.893402399128	0.326839163741812	0.346316163014351	1.13750352374993	0.995989726282588	0.229972877365695	0.0663302243919533	0.0208498946038404	6.06475168556115	TRUE
set3IT080	Chloramphenicol 0.0001 mg/ml	5/15/2014 ANA3_ML1_set3	128	2372570	76085	1616358	1615904	149	542	440.540894220284	0.412127402214407	0.318581006083348	1.14201900487243	0.995989726282588	0.319729486677043	0.106705073117943	0.0679305153477774	8.84276492424953	TRUE
set3IT081	Chloramphenicol 0.001 mg/ml	5/15/2014 ANA3_ML1_set3	129	2737848	842	2709642	2709635	2	542	738.722737186478	0.329490358649552	0.776430495593116	1	0.995989726282588	0.279120348757	0.0911683724154054	-0.190411097629744	17.2169396375961	FALSE
set3IT082	Spectinomycin 0.025 mg/ml	5/15/2014 ANA3_ML1_set3	130	2439150	70322	1602734	1602134	156	542	436.786804798255	0.432208891061702	0.366946461661062	1.2220005443706	0.995989726282588	0.294130078109736	0.0548169282372798	0.0435619770667376	4.90479069154667	TRUE
set3IT083	Carbenicillin 0.0001 mg/ml	5/15/2014 ANA3_ML1_set3	131	1176758	4363	913856	911537	2	542	248.510632497274	0.358815289541896	1.11747900616684	1.26303440583379	0.995989726282588	0.258467291755414	0.051645689593961	-0.126142380017267	14.11856899953	FALSE
set3IT084	Gentamicin 0.001 mg/ml	5/15/2014 ANA3_ML1_set3	132	883745	41966	571261	570416	14	542	155.511450381679	0.423854503127844	0.899063116603039	1.50250034052918	0.995989726282588	0.282616107151728	0.0647085482234703	-0.07089236353655	8.4770948551949	FALSE
set3IT085	Gentamicin 0.004 mg/ml	5/15/2014 ANA3_ML1_set3	133	1381714	232	548136	543942	0	542	148.293893129771	0.338285972103071	1.00947698932178	0	0.995989726282588	0.307044926519355	0.080337984954362	-0.207569499412023	19.3726612689541	FALSE
set3IT086	methylglyoxal 0.004 vol%	5/15/2014 ANA3_ML1_set3	134	2477812	21565	1662018	1661298	178	542	452.916575790622	0.304130877561098	0.383307461562025	1.2078048851134	0.995989726282588	0.218767220289508	0.0547060795650535	0.0553311068314375	4.17486342746413	TRUE
set3IT087	methylglyoxal 0.008 vol%	5/15/2014 ANA3_ML1_set3	135	2767792	151289	2023267	2020358	33	542	550.806434023991	0.153838880330287	1.22023645242287	2.22239242133645	0.995989726282588	0.160964067572885	0.0324869352064069	-0.0589802519127296	10.2799409109734	FALSE
set3IT088	2-Furfuraldehyde 0.0625 vol%	5/15/2014 ANA3_ML1_set3	136	2168990	23124	1454431	1454079	154	542	396.422846237732	0.304929169443238	0.266093949848061	1.10691520391651	0.995989726282588	0.217153208522677	0.00908445179900666	0.0752048433743555	2.68909965398931	TRUE
set3IT089	2-Furfuraldehyde 0.125 vol%	5/15/2014 ANA3_ML1_set3	137	2169366	34107	1440404	1440111	154	542	392.614776444929	0.289745613577468	0.247090042697712	1.0703893278914	0.995989726282588	0.197472065646434	0.0510236903618428	0.0827000512716664	1.97283364641763	TRUE
set3IT090	5-Hydroxymethylfurfural 5 mM	5/15/2014 ANA3_ML1_set3	138	2312157	19299	1552483	1552025	173	542	423.125681570338	0.329727703385949	0.25393980839321	1.11672360630168	0.995989726282588	0.224841750513892	0.00707101136419307	0.0841185764172739	2.89827553749324	TRUE
set3IT091	5-Hydroxymethylfurfural 10 mM	5/15/2014 ANA3_ML1_set3	139	2679485	230143	1664394	1662999	181.5	542	453.380316248637	0.295034636010695	0.283287807318004	1.10604163741032	0.995989726282588	0.236810428820655	0.0327333429319185	0.0574668488644637	5.41865363363056	TRUE
set3IT092	Vanillin 1 mM	5/15/2014 ANA3_ML1_set3	140	2895676	1653818	841279	840802	96	542	229.226281352236	0.257874945531334	0.277807001070189	1.06711419585854	0.995989726282588	0.215453944241187	0.0608963391638262	0.0697365480185092	2.08279715413937	TRUE
set3IT093	Vanillin 2.5 mM	5/15/2014 ANA3_ML1_set3	141	2516997	49202	1675347	1675000	186	542	456.652126499455	0.300937344141823	0.211717743591211	1.03355255971103	0.995989726282588	0.190812863513217	0.0670957374463036	0.0471387715263396	3.60338900778086	TRUE
set3IT094	Furfuryl Alcohol 0.125 vol%	5/15/2014 ANA3_ML1_set3	142	2246681	18289	1525629	1525046	80	542	415.770447110142	0.400485008826292	0.68613449825659	1.55799545312089	0.995989726282588	0.291668427265405	0.0417682268573451	-0.0266796224422701	6.14189609599348	FALSE
set3IT095	syringaldehyde 1 mM	5/15/2014 ANA3_ML1_set3	143	2576234	38409	1731791	1731314	198	542	472.004907306434	0.279834953379	0.210807108234412	1.05382269950615	0.995989726282588	0.242052959820039	0.0341559141552073	0.0710341077316048	3.2061950413478	TRUE
set3IT096	Dimethyl Sulfoxide 6 vol%	5/15/2014 ANA3_ML1_set3	144	1313669	67320	847474	846424	10	542	230.758996728462	0.403060916594002	1.04933434452532	1.58496250072116	0.995989726282588	0.267684370335438	0.0690059204523458	-0.0617413266581523	8.46003670555731	FALSE
set4IT066	Nickel (II) chloride 0.8 mM	1/14/2015 ANA3_ML1_set4	145	4057784	436626	2464720	2464097	199.5	383	671.782170119956	0.219343611355589	0.194931962981186	1.25073704703041	1.22239242133645	0.0650931834988344	-0.0394382359685359	0.0440479462169256	2.24711418496065	TRUE
set4IT067	perchlorate 150 mM	1/14/2015 ANA3_ML1_set4	146	5581943	14424	3766925	3765994	346	383	1026.7159214831	0.209105826826639	0.202221934868969	1.25779775746765	1.22239242133645	0.140062326079859	0.0215378972117043	0.0435945888776424	2.7775994963671	TRUE
set4IT068	benzoic 0.4 mg/ml	1/14/2015 ANA3_ML1_set4	147	3624894	403391	2184992	2184515	171	383	595.560250817884	0.138418340758988	0.205183603014943	1.25815218445405	1.22239242133645	0.0544037532434959	-0.0260716823455993	0.00358697560367625	1.74931065151196	TRUE
set4IT069	A22 0.008 mg/ml	1/14/2015 ANA3_ML1_set4	148	3145897	6129	2118374	2117817	194.5	383	577.376499454744	0.135217899959305	0.25651217968745	1.24721770037102	1.22239242133645	0.133024615034035	0.0381653346164148	0.0516061345484178	2.48059135766327	TRUE
set4IT070	A22 0.02 mg/ml	1/14/2015 ANA3_ML1_set4	149	3316123	14165	2228072	2227535	200.5	383	607.288713195202	0.138918132630803	0.243923532193063	1.24207478719815	1.22239242133645	0.105773838483273	-0.0238669624208017	0.0766562358570325	1.97157112894009	TRUE
set4IT071	A22 0.05 mg/ml	1/14/2015 ANA3_ML1_set4	150	1769340	47308	1161740	1161471	105	383	316.649672846238	0.20125470926541	0.251154432706696	1.26023577248112	1.22239242133645	0.15789159579503	0.0565221864649329	0.0604734119745405	2.37023780493045	TRUE
set4IT072	Tetracycline 0.001 mg/ml	1/14/2015 ANA3_ML1_set4	151	3805870	31199	2616418	2614380	201	383	712.753544165758	0.215359435821543	0.281334945941544	1.31410859042806	1.22239242133645	0.132263374207563	0.0512649905298982	0.00641241749573162	5.4286069494508	TRUE
set4IT073	Nalidixic 0.001 mg/ml	1/14/2015 ANA3_ML1_set4	152	3780653	3135275	589166	589050	4	383	160.591603053435	0.275129494822959	0.673906423846618	1	1.22239242133645	0.251175442466954	0.116917575152023	-0.130400170788423	14.825931874576	FALSE
set4IT074	Aluminum chloride 5 mM	1/14/2015 ANA3_ML1_set4	153	2988805	222224	1873080	1872707	159.5	383	510.552617230098	0.166037949400368	0.208489762427436	1.24891329758914	1.22239242133645	0.107988274880223	0.0120605963099845	0.0238933253328479	1.9386301197742	TRUE
set4IT075	LB	1/14/2015 ANA3_ML1_set4	154	4321896	353398	2705658	2705063	227	383	737.476281352236	0.116345360705621	0.192258921761237	1.25715783949712	1.22239242133645	0.11352150703365	-0.00539516298875389	0.0167941791412	2.19813149289304	TRUE
set4IT076	Anaero. fumarate as e acceptor	1/14/2015 ANA3_ML1_set4	155	4057947	347330	2503865	2503112	220	383	682.418756815703	0.36189808259371	0.207890894415433	1.28239973070072	1.22239242133645	0.249139519447385	-0.0203700238095497	-0.0162632942980291	3.21496364059452	TRUE
set4IT077	Anaero. fumarate as e acceptor	1/14/2015 ANA3_ML1_set4	156	3465020	279273	2149654	2149038	184	383	585.888222464558	0.308443701440005	0.212290243275027	1.27655273000849	1.22239242133645	0.26109141331221	0.0553140511460583	-0.0119852086329157	3.35467670432283	TRUE
set4IT079	Anaero. DMSO as e acceptor	1/14/2015 ANA3_ML1_set4	158	4980026	4644040	226110	226042	19	383	61.6254089422028	0.0887447518677104	0.480643607380887	1.29545588352617	1.22239242133645	0.117976445420421	-0.0324397033872305	0.0454086420979788	3.73347363017307	FALSE
set4IT080	Anaero. iron as e acceptor	1/14/2015 ANA3_ML1_set4	159	3798931	2832188	667022	666275	23	383	181.645310796074	0.137961541576708	1.29531579246913	2.05889368905357	1.22239242133645	0.138627532825037	0.0563834656308341	-0.102760427552566	8.77447479143544	FALSE
set4IT081	Anaero. iron as e acceptor	1/14/2015 ANA3_ML1_set4	160	2874199	2273614	418838	418357	16	383	114.055888767721	0.140424470775402	1.23602886155638	1.94341647163363	1.22239242133645	0.132795705456703	0.0207081826275353	-0.0910254270200455	8.00636257407247	FALSE
set4IT082	Choline chloride 300 mM	1/14/2015 ANA3_ML1_set4	161	5166727	617076	3061752	3060947	283	383	834.500272628135	0.286994325374355	0.258439255393822	1.27253729129302	1.22239242133645	0.216653305225172	-0.0202645534452029	0.046554324631759	2.67476883553261	TRUE
set4IT083	Choline chloride 450 mM	1/14/2015 ANA3_ML1_set4	162	3854291	815992	2041846	2040861	166	383	556.39612868048	0.293289374409491	0.397721757747304	1.3475387385664	1.22239242133645	0.190604808453734	0.039769713063959	0.0128376106074201	4.7958083895866	TRUE
set4IT084	Cholin acetate 30 mM	1/14/2015 ANA3_ML1_set4	163	3718647	357629	2278459	2278034	181	383	621.056161395856	0.161461349070466	0.196936632509874	1.25770853423617	1.22239242133645	0.100035933790825	-0.0289102583317398	0.00742061341044535	1.95914088616998	TRUE
set4IT085	Cholin acetate 60 mM	1/14/2015 ANA3_ML1_set4	164	5306538	272196	3403889	3403331	263	383	927.843784078517	0.109968503808906	0.288615273295417	1.26856486928864	1.22239242133645	0.0154207235066643	-0.029681379539573	0.00290499287066878	2.25633692853621	TRUE
set4IT086	acetate 50 mM	1/14/2015 ANA3_ML1_set4	165	4211566	329209	2628335	2627843	206.5	383	716.423936750273	0.136372927866745	0.234974140240185	1.23132554610646	1.22239242133645	0.0581280805822242	0.0192741933093022	0.0166294908650303	2.96477622343874	TRUE
set4IT087	acetate 100 mM	1/14/2015 ANA3_ML1_set4	166	4118488	190157	2647085	2646620	211	383	721.543075245365	0.0929266367158778	0.36127209784809	1.27278044555827	1.22239242133645	0.0193043797215065	-0.0165099650205451	-0.000768799880119089	3.60643240430421	FALSE
set4IT088	1-ethyl-3-methylimidazolium acetate 30 mM	1/14/2015 ANA3_ML1_set4	167	3236016	34518	2159005	2158656	173	383	588.510359869138	0.151627750759783	0.238872865608414	1.22380337014416	1.22239242133645	0.0780819743804158	0.0361168041046909	0.00775907944528148	1.69906789803139	TRUE
set4IT089	1-ethyl-3-methylimidazolium chloride 20 mM	1/14/2015 ANA3_ML1_set4	168	3784392	176256	2437790	2437239	213	383	664.459923664122	0.280549225086414	0.216594697772411	1.26658506104359	1.22239242133645	0.226245281635958	-0.0372827825020999	0.0211016501758337	4.43122634461287	TRUE
set4IT090	1-ethyl-3-methylimidazolium chloride 40 mM	1/14/2015 ANA3_ML1_set4	169	4936633	3682	4554186	4554147	2	383	1241.58860414395	0.40220218804982	1.07054953772993	1	1.22239242133645	0.317947937261858	0.135036298215169	-0.203202225212204	10.7054498707665	FALSE
set4IT091	Time0	1/14/2015 ANA3_ML1_set4	170	4785485	58155	3205488	3204565	247.5	136.5	873.654580152672	-0.0300787092444538	0.189351358499869	1.23029761942179	1.24385084927262	-0.0128369656610324	-0.0444966950308734	-0.0131465475299565	2.91973776385516	FALSE
set4IT092	Time0	1/14/2015 ANA3_ML1_set4	171	2629199	33573	1759758	1759220	136.5	247.5	479.612868047983	-0.0300787092444538	0.189351358499869	1.24385084927262	1.23029761942179	-0.0128369656610324	-0.0444966950308734	0.0131465475299565	2.3350798975148	FALSE
set4IT093	outer cut, LB soft agar motility assay	1/14/2015 ANA3_ML1_set4	172	2429034	420475	1398922	1398183	95.5	383	381.184023991276	0.239816164201318	0.472098625250785	1.35755200461808	1.22239242133645	0.146850783542595	0.00936083049666328	0.00332411921420873	6.49753212889823	TRUE
set4IT094	outer cut, LB soft agar motility assay	1/14/2015 ANA3_ML1_set4	173	2712546	479840	1539546	1538959	116	383	419.563522355507	0.309979190999504	0.422989921408082	1.34792330342031	1.22239242133645	0.157601928207666	-0.00787369699711258	0.0112276252026966	4.54022006825578	TRUE
set4IT095	outer cut, LB soft agar motility assay	1/14/2015 ANA3_ML1_set4	174	3297250	545877	1903466	1902762	140	383	518.746455834242	0.298262894049852	0.383381979396728	1.37196877738696	1.22239242133645	0.196396010016175	0.00790132798715822	0.00312658469126635	4.50262875678978	TRUE
set4IT096	outer cut, LB soft agar motility assay	1/14/2015 ANA3_ML1_set4	175	3280127	741210	1776480	1775656	122	383	484.093784078517	0.280604190356544	0.457068785075551	1.36257007938471	1.22239242133645	0.200201883947009	0.0269209502216752	-0.000796509347746862	5.64767820127918	TRUE
