name	short	t0set	num	nMapped	nPastEnd	nGenic	nUsed	gMed	gMedt0	gMean	cor12	mad12	mad12c	mad12c_t0	opcor	adjcor	gccor	maxFit	u
set1H48	D-Maltose (C)	12/11/2013 PV4_ML1_set1	1	4102225	1947	2548796	2546286	330	621	846.22333000997	0.41606743826969	0.377792735562492	1.36163780468933	1.3256225784451	0.337468471126544	0.0313323593238305	-0.0873389746288462	9.11170820615743	TRUE
set1H47	D-Maltose (C)	12/11/2013 PV4_ML1_set1	2	4543453	2216	2827078	2824275	363	621	938.609172482552	0.362820016761549	0.409044213001025	1.34218693387116	1.3256225784451	0.315866577695913	-0.0280542866718193	-0.0938640498559646	9.01581689566653	TRUE
set1H46	Time0	12/11/2013 PV4_ML1_set1	3	3614294	1722	2306540	2305717	294	326	766.273512794948	0.0110264896218556	0.245205842864321	1.32557587190251	1.32599903515493	0.0397174057175416	0.0181567797959718	0.0207629647031749	2.10133095943953	FALSE
set1H45	Time0	12/11/2013 PV4_ML1_set1	4	4022901	2116	2568669	2567718	326	294	853.345962113659	0.0110264896218556	0.245205842864321	1.32599903515493	1.32557587190251	0.0397174057175416	0.0181567797959718	-0.0207629647031749	2.3106867188452	FALSE
set1H44	D-Galactose (C)	12/11/2013 PV4_ML1_set1	5	3283866	1053	2043347	2041410	225	621	678.434695912263	0.269989411826465	0.891295604597023	1.60768257722124	1.3256225784451	0.193034947222065	-0.0294137238200014	-0.0514828848065806	9.02994361820878	FALSE
set1H43	a-Cyclodextrin (C)	12/11/2013 PV4_ML1_set1	6	3708645	1134	2359004	2350934	182	621	781.300764373546	0.230016812626695	1.15292908453885	1.87898459903863	1.3256225784451	0.187952332824553	-0.00511718879409143	-0.048172219055901	12.3414406526737	FALSE
set1H42	a-Ketoglutaric (C)	12/11/2013 PV4_ML1_set1	7	3575085	1298	2345091	2343471	273	621	778.820538384845	0.345469319592693	0.261528937384107	1.33769541074568	1.3256225784451	0.333296666435863	0.0319221773595316	-0.079173821609811	6.53420449006055	TRUE
set1H41	acetate (C)	12/11/2013 PV4_ML1_set1	8	3802690	1205	2448012	2445315	255	621	812.666999002991	0.459807016316244	0.435790850147401	1.36099765956595	1.3256225784451	0.404537513477745	0.0877685922187332	-0.120618686850847	7.43968327101565	TRUE
set1H40	Fumarate (C)	12/11/2013 PV4_ML1_set1	9	3207849	1293	2050135	2048647	252	621	680.839813891658	0.352434795357362	0.466032919461536	1.43727701002246	1.3256225784451	0.303494951161714	0.026678060508979	-0.0985127262970239	7.40484528405635	TRUE
set1H39	D-Galactose (C)	12/11/2013 PV4_ML1_set1	10	4131870	1813	2529846	2527694	293	621	840.044533067464	0.274077432624567	0.927045218638865	1.67137725253863	1.3256225784451	0.24068520869865	-0.0339138603296023	-0.0529829637335524	8.92631152288025	FALSE
set1H38	a-Cyclodextrin (C)	12/11/2013 PV4_ML1_set1	11	2432832	587	1534317	1526933	102	621	507.455300764374	0.188557450838424	1.34912434591125	2	1.3256225784451	0.127271459698507	-0.0435804267208907	-0.0466956808931501	12.7295491580516	FALSE
set1H37	a-Ketoglutaric (C)	12/11/2013 PV4_ML1_set1	12	2866318	1139	1880819	1879475	219	621	624.617813226986	0.343129678742281	0.271234071942818	1.32192809488736	1.3256225784451	0.343018688268994	0.024225332269694	-0.0764191039361967	6.07273670036931	TRUE
set1H36	acetate (C)	12/11/2013 PV4_ML1_set1	13	3315841	1091	2134247	2132461	207	621	708.694250581589	0.441127729527099	0.448260601612451	1.42182666494148	1.3256225784451	0.38034218415236	0.0798657759088789	-0.101877502271205	7.31518569747542	TRUE
set1H35	Fumarate (C)	12/11/2013 PV4_ML1_set1	14	3144315	1402	2014094	2012914	255	621	668.964440013293	0.327175090488109	0.520085411428745	1.49398884067367	1.3256225784451	0.288786899312297	0.0286053607122861	-0.0706270794221773	7.79845778285772	FALSE
set1H34	Cobalt chloride 0.08 mM	12/11/2013 PV4_ML1_set1	15	4175423	2180	2681107	2680227	344	621	890.736789631107	0.221102257627611	0.238547265574247	1.34926680347787	1.3256225784451	0.240985072248353	0.0107418831525079	0.0176610424493634	5.46297573204084	TRUE
set1H33	Cobalt chloride 0.04 mM	12/11/2013 PV4_ML1_set1	16	3533528	1677	2262126	2261169	336	621	751.468594217348	0.243517913714008	0.230143771651423	1.317678621886	1.3256225784451	0.208751738509693	0.0471612089054439	0.0607859667624938	2.7939726978432	TRUE
set1H32	copper (II) chloride 0.5 mM	12/11/2013 PV4_ML1_set1	17	1918874	1027	1224672	1224158	179	621	406.832170156198	0.220995877849096	0.256983610905374	1.30256277002043	1.3256225784451	0.221373885375463	-0.0127305494555727	0.0352339786595353	2.35536990251886	TRUE
set1H31	sodium fluoride 100 mM	12/11/2013 PV4_ML1_set1	18	3249747	1653	2074302	2073445	294	621	689.081090063144	0.208365505793529	0.239972286097637	1.33137153559695	1.3256225784451	0.164174554313146	0.0142675024321233	0.0516830162657563	4.24915643419079	TRUE
set1H30	LB	12/11/2013 PV4_ML1_set1	19	3085474	1636	1972715	1971978	293	621	655.359920239282	0.210211995164076	0.235540964688899	1.3536369546147	1.3256225784451	0.221015480511789	-0.0504921088190132	0.036627379174748	2.37681350176917	TRUE
set1H29	Cobalt chloride 0.08 mM	12/11/2013 PV4_ML1_set1	20	3316323	1657	2133218	2132475	274	621	708.69890329013	0.21849372040071	0.258603694040708	1.32894852256513	1.3256225784451	0.238873239455987	0.0189115957779899	0.0274361272724787	5.76200592810562	TRUE
set1H28	Cobalt chloride 0.04 mM	12/11/2013 PV4_ML1_set1	21	3267535	1448	2090649	2089850	304	621	694.533067464274	0.297364016915986	0.228175108782552	1.3112016882943	1.3256225784451	0.187865546480408	0.0507032864676641	0.0522614202771175	2.95314074162594	TRUE
set1H27	copper (II) chloride 0.5 mM	12/11/2013 PV4_ML1_set1	22	3790921	1949	2416723	2415805	349	621	802.85975407112	0.207495000967849	0.239768000031731	1.32736198093799	1.3256225784451	0.194520676097671	-0.0606758204676302	0.0438147787325261	2.35935280976813	TRUE
set1H26	sodium fluoride 100 mM	12/11/2013 PV4_ML1_set1	23	4365953	2465	2784883	2783854	391	621	925.175805915587	0.263931636122081	0.220558635737533	1.30304662912883	1.3256225784451	0.221416915372375	0.0853604326254773	0.0415669862541224	2.91403838548943	TRUE
set1H25	LB	12/11/2013 PV4_ML1_set1	24	4652601	2138	2977113	2975931	443	621	989.009970089731	0.215361538670838	0.228817909211003	1.31095055551315	1.3256225784451	0.272345468127082	-0.0247894371638351	0.0584825154464849	2.39755554855509	TRUE
set1H24	Time0	2/20/2014 PV4_ML1_set1	25	3833175	1950	2445419	2444579	307	283	812.422399468262	-0.0435773169429596	0.279829850897276	1.31741261376487	1.30198924783403	-0.0170750961238544	0.0258807072037008	0.00587787704835024	3.26741560410126	FALSE
set1H23	Time0	2/20/2014 PV4_ML1_set1	26	3587402	1911	2287847	2287010	283	307	760.056497175141	-0.0435773169429596	0.279829850897276	1.30198924783403	1.31741261376487	-0.0170750961238544	0.0258807072037008	-0.00587787704835023	2.20272652147561	FALSE
set1H22	L-Arginine (N)	2/20/2014 PV4_ML1_set1	27	4646984	2630	2991762	2989272	300	591	993.443668993021	0.107743340141001	1.37019036322421	2.02579600087734	1.33257533908687	0.164202432014038	-0.0106942190099159	-0.0479924016176492	6.950918400605	FALSE
set1H21	L-Glutamic (N)	2/20/2014 PV4_ML1_set1	28	4691746	535	3566186	3558823	82	591	1182.72615486873	0.144053655601919	1.58181058436375	2.43581906141535	1.33257533908687	0.168617918888257	0.0127356771852907	-0.0315810281491514	11.8034844538232	FALSE
set1H20	L-Serine (N)	2/20/2014 PV4_ML1_set1	29	4250729	11	2813346	2810048	0	591	933.881023595879	0.0968972655156231	1.38693007450798	0	1.33257533908687	0.0614116693939102	0.0350363274316672	-0.084422470735054	15.9544729058985	FALSE
set1H19	L-Threonine (N)	2/20/2014 PV4_ML1_set1	30	4123054	725	2955261	2948016	1	591	979.732801595214	0.135243467691665	1.69018820599092	1.58496250072116	1.33257533908687	0.0791064086676122	0.107813470523748	-0.0744045446921192	16.2595657039409	FALSE
set1H18	L-Asparagine (N)	2/20/2014 PV4_ML1_set1	31	4649627	1580	3201639	3196078	96	591	1062.17281488867	0.151718500777744	2.04351453809836	3.10828593564993	1.33257533908687	0.143133062591432	0.00728004718320006	-0.0709800685772656	9.91235969061352	FALSE
set1H17	L-Glutamine (N)	2/20/2014 PV4_ML1_set1	32	3639161	304	2686567	2685297	17	591	892.421734795613	0.0912544336077076	1.56713835649303	2.58496250072116	1.33257533908687	0.106608561709339	0.0314959034306608	-0.0468842471801037	11.3274007156316	FALSE
set1H16	L-Arginine (N)	2/20/2014 PV4_ML1_set1	33	4278011	1142	2752127	2749368	276	591	913.714855433699	0.197459871552534	1.26677734444702	1.79054663437105	1.33257533908687	0.20106613535699	0.0331832961436135	-0.0596492659881056	7.08362490428218	FALSE
set1H15	L-Glutamic (N)	2/20/2014 PV4_ML1_set1	34	4013731	2342	2983761	2980219	65	591	990.435028248588	0.180598259091338	1.48009392442998	2.4594316186373	1.33257533908687	0.165365630959706	0.0431193634071894	-0.0523280202427727	10.1701262610953	FALSE
set1H14	L-Serine (N)	2/20/2014 PV4_ML1_set1	35	2686525	434	1862669	1852439	0	591	615.632768361582	0.0834486255890088	1.53241005931469	1	1.33257533908687	0.115505005209291	0.0559253457289742	-0.0836238976763094	15.1172414696532	FALSE
set1H13	L-Threonine (N)	2/20/2014 PV4_ML1_set1	36	4192124	1484	2784176	2782598	45	591	924.75839149219	0.139504969016646	2.35817351151267	3.42991077576037	1.33257533908687	0.121078029009908	0.00478810098162348	-0.0550836948968069	8.51928269022305	FALSE
set1H12	L-Asparagine (N)	2/20/2014 PV4_ML1_set1	37	4170059	1232	2906523	2903360	81	591	964.891990694583	0.144996104953754	1.94048335140625	2.96469726524433	1.33257533908687	0.096573703137663	-0.00376163647862318	-0.0390892520979067	9.94930964231384	FALSE
set1H11	L-Glutamine (N)	2/20/2014 PV4_ML1_set1	38	3930941	153	2961150	2959473	28	591	983.54037886341	0.100264220802398	1.67753126458832	2.52123690311077	1.33257533908687	0.0963933694957298	0.0253697660461635	-0.0336144309429496	11.6508474203447	FALSE
set1H10	Vancomycin 0.0625 mg/ml	2/20/2014 PV4_ML1_set1	39	3353740	1306	2168102	2167259	290	591	720.258889996677	0.307144202052003	0.253571910716043	1.36257007938471	1.33257533908687	0.213214087590176	0.00852679539348173	-0.00941268472550085	3.6822460707805	TRUE
set1H9	Cephalothin 0.1 mg/ml	2/20/2014 PV4_ML1_set1	40	3139887	1239	2186906	2186049	218	591	726.503489531406	0.370138070412141	0.313472268061981	1.35251641472079	1.33257533908687	0.309307677536594	0.0263368532580211	-0.0304130089229881	7.2365208404813	TRUE
set1H8	Cephalothin 0.05 mg/ml	2/20/2014 PV4_ML1_set1	41	3935028	1882	2552222	2551128	338	591	847.832502492522	0.324466093888797	0.247389545450848	1.37215612821391	1.33257533908687	0.234684204748566	0.0317944473762093	-0.0263777482146396	4.66378779525625	TRUE
set1H7	A22 0.005 mg/ml	2/20/2014 PV4_ML1_set1	42	3691151	1645	2380396	2379500	325	591	790.794283815221	0.222313083701494	0.255039085407756	1.35198532874354	1.33257533908687	0.254304508194819	-0.000645454683743543	0.0123199405937848	3.18603218130125	TRUE
set1H6	LB	2/20/2014 PV4_ML1_set1	43	4487909	2162	2892138	2890942	408	591	960.765038218677	0.243378740379263	0.227387046890266	1.36139953567677	1.33257533908687	0.16767908381887	0.0958681876822781	0.0140284404712668	2.8425190412719	TRUE
set1H5	Vancomycin 0.0625 mg/ml	2/20/2014 PV4_ML1_set1	44	3877019	1645	2499804	2498712	336	591	830.412761714855	0.289088376300801	0.260192331249467	1.33441903907056	1.33257533908687	0.256753756743573	-0.00363359933623284	0.00446717116613169	3.1945970972267	TRUE
set1H4	Cephalothin 0.1 mg/ml	2/20/2014 PV4_ML1_set1	45	3861679	1451	2626415	2625210	289	591	872.452642073779	0.334913722961573	0.315373597727487	1.34735069176727	1.33257533908687	0.265289909598215	0.00513584688251297	-0.02369215939381	6.88351494118139	TRUE
set1H3	Cephalothin 0.05 mg/ml	2/20/2014 PV4_ML1_set1	46	4096630	1874	2651807	2650697	360	591	880.922897972748	0.333105399879166	0.251497911252162	1.32050601981816	1.33257533908687	0.221398568241217	-0.00489806408428269	-0.0303078242581901	4.31365641780009	TRUE
set1H2	A22 0.005 mg/ml	2/20/2014 PV4_ML1_set1	47	4056365	1902	2613825	2612685	358	591	868.290129611167	0.258497018486937	0.266948264229679	1.32303197702967	1.33257533908687	0.208641113301659	0.0102096753872933	0.00444471255001442	3.01289107515511	TRUE
set1H1	LB	2/20/2014 PV4_ML1_set1	48	3510467	1679	2256352	2255445	316	591	749.56630109671	0.207004634469522	0.2499187543323	1.33604920313201	1.33257533908687	0.161167958908014	0.0505908282046869	0.0261096182547939	2.61820457340266	TRUE
set2IT001	Time0	12/11/2013 PV4_ML1_set2	49	1277377	597	815723	815437	104	137	270.999335327351	-0.000325842839995994	0.236421811734677	1.27301849440642	1.28540221886225	0.0271387548185123	-0.0163739059084269	0.0188135067055693	2.98507111415504	FALSE
set2IT002	Time0	12/11/2013 PV4_ML1_set2	50	1664575	808	1062637	1062318	137	104	353.046859421735	-0.000325842839995994	0.236421811734678	1.28540221886225	1.27301849440642	0.0271387548185123	-0.0163739059084269	-0.0188135067055693	3.30422957078341	FALSE
set2IT003	L-Lactate (C)	12/11/2013 PV4_ML1_set2	51	1980874	722	1254881	1254034	161	244	416.761050182785	0.409130635773803	0.330127295324023	1.31410859042806	1.27917844742803	0.35248611045588	-0.000414610644933163	-0.0951143188506181	6.65051747020534	TRUE
set2IT004	D,L-Lactate (C)	12/11/2013 PV4_ML1_set2	52	1827209	792	1154755	1154187	155	244	383.578265204387	0.373560092201145	0.303649787931194	1.34792330342031	1.27917844742803	0.356656210078447	0.0161569526471161	-0.0816615665095859	5.87664997219261	TRUE
set2IT005	pyruvate (C)	12/11/2013 PV4_ML1_set2	53	1782229	806	1132744	1132114	153	244	376.242605516783	0.46394696128897	0.246086026159289	1.28578353115227	1.27917844742803	0.409667043505506	0.0358685476062483	-0.110578073185166	5.41575671942659	TRUE
set2IT006	succinate (C)	12/11/2013 PV4_ML1_set2	54	2057365	943	1318779	1318062	162	244	438.039880358923	0.379075608306291	0.377394151697219	1.33735813545697	1.27917844742803	0.368292664760118	0.0214576893466114	-0.113436968355051	7.14284548323047	TRUE
set2IT007	Tween 20 (C)	12/11/2013 PV4_ML1_set2	55	1832756	0	937446	876461	0	244	291.279827185111	0.112108382392678	1.13603921001561	0	1.27917844742803	0.108646939067147	0.00920513422053371	-0.087691116648802	14.5628190430842	FALSE
set2IT008	L-Malic (C)	12/11/2013 PV4_ML1_set2	56	1952713	934	1241032	1240101	160	244	412.130608175474	0.423537652125004	0.340362166462626	1.32970544547908	1.27917844742803	0.340058446183786	0.0095380957916228	-0.0913206872184314	7.05286179119556	TRUE
set2IT009	L-Glutamine (C)	12/11/2013 PV4_ML1_set2	57	3805163	738	2711596	2708079	162	244	899.993020937188	0.34894778678158	0.595098593367197	1.46437235990757	1.27917844742803	0.297285786723835	-0.0413459725030005	-0.0849261691265249	12.7963648188	FALSE
set2IT010	Gly-Glu (C)	12/11/2013 PV4_ML1_set2	58	3927334	1077	2837628	2833420	180	244	941.648388168827	0.218970239675628	1.15401985085435	2.02280294952426	1.27917844742803	0.209226071780019	0.0959858145089155	-0.0591262279886282	12.4615972718713	FALSE
set2IT011	Gelatin (C)	12/11/2013 PV4_ML1_set2	59	3677309	1562	2348633	2347711	315	244	780.229644400133	0.343942343735201	0.200048534732622	1.32192809488736	1.27917844742803	0.316922170709934	0.126748355456421	-0.0502529648878582	3.35734026956997	TRUE
set2IT012	casaminos (C)	12/11/2013 PV4_ML1_set2	60	4074581	1944	2586092	2584879	375	244	859.049185776005	0.348128157392707	0.221031148029602	1.3137772537665	1.27917844742803	0.265621256486999	-0.0240205758373605	-0.0414907577032696	2.64241923782973	TRUE
set2IT013	NAG (C)	12/11/2013 PV4_ML1_set2	61	3603898	1448	2236416	2234836	292	244	742.717181787969	0.46997678813051	0.290991613817795	1.32832586608551	1.27917844742803	0.401532059402848	0.0226780022452287	-0.0878197284087493	8.35596403729105	TRUE
set2IT014	D-Glucosamine Hydrochloride (C)	12/11/2013 PV4_ML1_set2	62	4021771	45	1691881	1691849	1	244	562.262878032569	0.0750470743570559	1.52702847129696	1	1.27917844742803	0.106156574683308	-0.00756536261953833	-0.0909784193962821	18.6049412155683	FALSE
set2IT015	L-Lactate (C)	12/11/2013 PV4_ML1_set2	63	3769949	1769	2386667	2385577	314	244	792.813891658358	0.39227883095331	0.317522450963108	1.31163883549586	1.27917844742803	0.359230853176779	1.75645669686955e-05	-0.0786038635491101	6.0568721636561	TRUE
set2IT016	D,L-Lactate (C)	12/11/2013 PV4_ML1_set2	64	3938693	1610	2497791	2495602	328	244	829.379195746095	0.426263759865619	0.334597392224589	1.36184456011325	1.27917844742803	0.367186447965115	-0.0419957088786854	-0.0833470983071108	6.63594869997323	TRUE
set2IT017	pyruvate (C)	12/11/2013 PV4_ML1_set2	65	3777403	1755	2397071	2395781	326	244	796.20505151213	0.497322024676917	0.229269234340325	1.28540221886225	1.27917844742803	0.427808672791591	0.0329016786414739	-0.111240463361231	5.74424808488061	TRUE
set2IT018	succinate (C)	12/11/2013 PV4_ML1_set2	66	3818010	1537	2457698	2456316	303	244	816.323030907278	0.400027201151623	0.366591024992141	1.37011162839733	1.27917844742803	0.316531028555135	0.0102926203457153	-0.124420928536423	7.29926164244764	TRUE
set2IT019	Tween 20 (C)	12/11/2013 PV4_ML1_set2	67	4002555	3	2097832	2016163	0	244	670.04420073114	0.105645793823633	1.15795501771544	0	1.27917844742803	0.0976185408855996	0.00906598460338713	-0.0889794245564929	16.8047978504047	FALSE
set2IT020	L-Malic (C)	12/11/2013 PV4_ML1_set2	68	3777939	1538	2403467	2401879	310	244	798.231638418079	0.443948768225388	0.356982090754709	1.33100000038384	1.27917844742803	0.347612953503472	0.0135676417730304	-0.10288221832275	6.98748942581263	TRUE
set2IT021	L-Glutamine (C)	12/11/2013 PV4_ML1_set2	69	3930446	1023	2711536	2706649	204	244	899.517779993353	0.393358302615511	0.498924717473376	1.41119543298445	1.27917844742803	0.331809089177169	-0.043201527015746	-0.070398498775343	11.9978299771246	TRUE
set2IT022	Gly-Glu (C)	12/11/2013 PV4_ML1_set2	70	3902783	827	2732086	2727447	204	244	906.429710867398	0.242720087508004	0.983295007606425	1.86472114136458	1.27917844742803	0.214556429935983	-0.0111158793257634	-0.0289970645470512	11.9013193518584	FALSE
set2IT023	Gelatin (C)	12/11/2013 PV4_ML1_set2	71	3331717	1398	2128686	2127917	286	244	707.184114323696	0.339660784199141	0.206499613062153	1.31685710533994	1.27917844742803	0.322994554349213	0.0758860922331005	-0.0455659716707955	3.31340976335536	TRUE
set2IT024	casaminos (C)	12/11/2013 PV4_ML1_set2	72	3509842	1753	2228189	2227140	327	244	740.159521435693	0.342253221358431	0.224975521045171	1.31639763143252	1.27917844742803	0.233443300069145	0.0179876276572277	-0.0282953308683201	2.58556195425719	TRUE
set2IT025	NAG (C)	12/11/2013 PV4_ML1_set2	73	3832269	1684	2382035	2380432	307	244	791.104021269525	0.487401541726161	0.285957555018766	1.32192809488736	1.27917844742803	0.398550790983682	-0.00850350566260771	-0.0960949839602445	8.2292049229759	TRUE
set2IT026	D-Glucosamine Hydrochloride (C)	12/11/2013 PV4_ML1_set2	74	3928358	1119	2138782	2137202	137	244	710.269857095381	0.182726053137881	1.98597216806538	2.72022233033163	1.27917844742803	0.200383956800477	0.0174199734353277	-0.0356621148548582	12.749560069863	FALSE
set2IT027	Paraquat dichloride 10 mg/ml	12/11/2013 PV4_ML1_set2	75	3967535	1905	2529477	2528507	370	244	840.314722499169	0.30025003074841	0.277020952031827	1.32883646422954	1.27917844742803	0.257240887284425	0.02657322458767	0.0177513940467472	4.10771171719754	TRUE
set2IT028	Thallium(I) acetate 10 mg/ml	12/11/2013 PV4_ML1_set2	76	4037269	1810	2588452	2587640	357	244	859.966766367564	0.326103814517744	0.277894601381768	1.34239219744708	1.27917844742803	0.336527805217314	0.082929641371614	0.0225452471216964	4.44067920310861	TRUE
set2IT029	Cisplatin 1 mg/ml	12/11/2013 PV4_ML1_set2	77	4090532	1996	2608988	2608128	342	244	866.775672981057	0.293737734015891	0.37237371398889	1.35049724708413	1.27917844742803	0.216941734567126	0.00177638490038139	0.0221808573116754	2.99935382653668	TRUE
set2IT030	Cisplatin 1 mg/ml	12/11/2013 PV4_ML1_set2	78	3825442	1924	2438475	2437684	344	244	810.130940511798	0.257285904981207	0.252089815345796	1.32610377085856	1.27917844742803	0.229895185649021	0.0593693799479633	0.02194285182883	2.67740674240945	TRUE
set2IT031	LB	12/11/2013 PV4_ML1_set2	79	4031422	1988	2574950	2574072	375	244	855.457627118644	0.235310481841231	0.215634191028258	1.31509606140494	1.27917844742803	0.217954962223679	0.0459862531443833	0.0206945093538521	2.38674962099177	TRUE
set2IT032	Paraquat dichloride 10 mg/ml	12/11/2013 PV4_ML1_set2	80	3815836	1894	2436888	2435988	347	244	809.567298105683	0.294733112441959	0.290401339201791	1.32587527940403	1.27917844742803	0.234427772388069	0.032281190845968	0.0186656947059261	4.95782176832711	TRUE
set2IT033	Thallium(I) acetate 10 mg/ml	12/11/2013 PV4_ML1_set2	81	3454629	1560	2216096	2215324	301	244	736.232635427052	0.330833796865738	0.277266856495362	1.37614848588525	1.27917844742803	0.310051463823423	0.0617853876838633	0.025976079810622	4.75521810765185	TRUE
set2IT034	Cisplatin 1 mg/ml	12/11/2013 PV4_ML1_set2	82	4001985	1861	2551674	2550807	323	244	847.725822532403	0.326887914999878	0.358923379028601	1.38816179328745	1.27917844742803	0.231789938864269	0.0234988963597327	0.0130861259313396	3.40222047667143	TRUE
set2IT035	Cisplatin 1 mg/ml	12/11/2013 PV4_ML1_set2	83	3889433	2020	2480469	2479603	348	244	824.062146892655	0.260728950079245	0.248549743822735	1.30146399232765	1.27917844742803	0.243067750162752	-0.0197776811509727	0.00691009472331072	2.23362905924286	TRUE
set2IT036	LB	12/11/2013 PV4_ML1_set2	84	3820905	1704	2438714	2437846	359	244	810.184778996344	0.266570124524215	0.214140707950333	1.33593495288124	1.27917844742803	0.206383123179989	0.0499060794312308	0.0245718294549	3.02123861724093	TRUE
set2IT037	nitrite 200 mM	12/11/2013 PV4_ML1_set2	85	3695252	1871	2356053	2355232	333	244	782.729145895646	0.258961620992872	0.237042173419803	1.33120590847537	1.27917844742803	0.295384642004768	0.0101595537970144	0.0415086255454704	3.61000303507921	TRUE
set2IT038	nitrite 200 mM	12/11/2013 PV4_ML1_set2	86	4078022	1828	2598799	2597956	367	244	863.395147889664	0.232381930037651	0.230310371470127	1.33906565543909	1.27917844742803	0.217070226047187	0.0271099384507644	0.02770744906337	2.55301617157615	TRUE
set2IT039	nitrate 2000 mM	12/11/2013 PV4_ML1_set2	87	3875890	1658	2473735	2472892	359	244	821.831837819874	0.263750509390408	0.224087191649186	1.33786963875638	1.27917844742803	0.243554961551438	-0.02221750761775	0.0246185793088055	2.84445580725816	TRUE
set2IT040	LB	12/11/2013 PV4_ML1_set2	88	4253907	1772	2717558	2716615	396	244	902.829843801927	0.233411800285284	0.215567481197374	1.31683151361615	1.27917844742803	0.234945995014371	-0.00668303641080841	0.0399220225899481	2.00590672161133	TRUE
set2IT041	nitrite 200 mM	12/11/2013 PV4_ML1_set2	89	4147741	1931	2639647	2638742	378	244	876.949817215022	0.240998190985527	0.253276804242323	1.34325660432787	1.27917844742803	0.24600307687978	0.0682338539507124	0.02809614639569	3.80964709018119	TRUE
set2IT042	nitrite 200 mM	12/11/2013 PV4_ML1_set2	90	3834485	1791	2447505	2446689	352	244	813.123629112662	0.23577805188677	0.221436261840776	1.31208030893102	1.27917844742803	0.257559122750585	0.0837955576901459	0.0212436445135193	2.38090769068721	TRUE
set2IT043	nitrate 2000 mM	12/11/2013 PV4_ML1_set2	91	3931214	1695	2507814	2506919	362	244	833.14024592888	0.29399777438414	0.22453524278042	1.32192809488736	1.27917844742803	0.245860227351555	0.0714190077197926	0.0386591926713148	2.90808602734522	TRUE
set2IT044	LB	12/11/2013 PV4_ML1_set2	92	4098776	1914	2615636	2614740	380	244	868.973080757727	0.247243688817194	0.211078815867591	1.33233892859214	1.27917844742803	0.185975490589449	0.0295321754314782	0.0343586181029196	2.00715773948694	TRUE
set2IT045	Chlorite 200 mM	12/11/2013 PV4_ML1_set2	93	3998465	1865	2566541	2565806	338	244	852.710535061482	0.318449304412019	0.322705916127903	1.34318179099117	1.27917844742803	0.314445567362975	-0.0359743900734944	0.0290536102909141	3.85593526585573	TRUE
set2IT046	Chlorite 200 mM	12/11/2013 PV4_ML1_set2	94	3938665	1829	2515458	2514597	360	244	835.691924227318	0.283644933731131	0.245661936685106	1.32192809488736	1.27917844742803	0.294416033437371	0.0338696262139597	0.0262276901547003	2.76985782929445	TRUE
set2IT047	Chlorite 200 mM	12/11/2013 PV4_ML1_set2	95	3711148	1762	2368367	2367513	337	244	786.810568295115	0.223632397818416	0.226625162369966	1.33064531198847	1.27917844742803	0.258120489289084	0.0201532599626636	0.0259458238378533	2.0668600486032	TRUE
set2IT048	Polymyxin B sulfate 20 mg/ml	12/11/2013 PV4_ML1_set2	96	3916632	1986	2498243	2497490	358	244	830.006646726487	0.362897248533403	0.280721075525605	1.38651180109756	1.27917844742803	0.301424143211501	-0.00691788074690959	0.0504105365905598	4.18303660974135	TRUE
set3IT049	Time0	12/11/2013 PV4_ML1_set3	97	2745977	1140	1753375	1752846	225	267	582.534396809571	-0.0212846719762709	0.186912394409068	1.28824496863107	1.3181431472659	-0.039838953798538	-0.000935605933865849	-0.000385811599185989	2.05148882435983	FALSE
set3IT050	Time0	12/11/2013 PV4_ML1_set3	98	3281324	1478	2094875	2094221	267	225	695.985709538053	-0.0212846719762709	0.186912394409068	1.3181431472659	1.28824496863107	-0.039838953798538	-0.000935605933865849	0.000385811599185989	1.5149704976226	FALSE
set3IT051	Chlorite 200 mM	12/11/2013 PV4_ML1_set3	99	3876563	1640	2491571	2490849	322	488	827.799601196411	0.340190322997071	0.306817222620283	1.32830231015012	1.324962154977	0.252469184945334	-0.03682088323771	0.0295950920535166	4.88442389846422	TRUE
set3IT052	Chlorite 200 mM	12/11/2013 PV4_ML1_set3	100	3791184	1767	2422089	2421335	342	488	804.697573944832	0.252469368747423	0.223953767065665	1.30993887042436	1.324962154977	0.245431169086541	-0.0031531653141407	0.0219644625980366	2.81372127159786	TRUE
set3IT053	Chlorite 200 mM	12/11/2013 PV4_ML1_set3	101	3810711	1591	2431884	2431031	353	488	807.919906945829	0.269363076470058	0.196420938021207	1.32443495049794	1.324962154977	0.246674739612998	-0.0802563625015176	0.0296825609222616	2.33479626218817	TRUE
set3IT054	Polymyxin B sulfate 20 mg/ml	12/11/2013 PV4_ML1_set3	102	4083763	2018	2609856	2608957	367	488	867.051179793952	0.396623652685069	0.276977112221271	1.34461414515975	1.324962154977	0.285447302395634	0.0379688557931658	0.0490619223530198	4.38874916714325	TRUE
set3IT055	LB	12/11/2013 PV4_ML1_set3	103	3966564	1680	2531218	2530339	363	488	840.923562645397	0.300972160536046	0.195468548135883	1.31389077582194	1.324962154977	0.246283446954893	-0.00325581023431763	0.0304212803323946	2.23641787911539	TRUE
set3IT056	Time0	2/20/2014 PV4_ML1_set3	104	3956605	1517	2527220	2526475	317	307	839.639415088069	0.0137192405021881	0.174225925731615	1.33342373372519	1.29545588352617	-0.0578846097983519	-0.0314291504707609	-0.0120700186907943	1.69163864531573	FALSE
set3IT057	Time0	2/20/2014 PV4_ML1_set3	105	3816360	1450	2434548	2433866	307	317	808.86208042539	0.0137192405021881	0.174225925731615	1.29545588352617	1.33342373372519	-0.0578846097983519	-0.0314291504707609	0.0120700186907943	2.05198054760523	FALSE
set3IT058	Glycine (N)	2/20/2014 PV4_ML1_set3	106	3902330	876	2529761	2527883	251	621	840.107344632768	0.178211429980918	1.7076941663473	2.26340201828091	1.30718150951818	0.142768165342949	-0.0138485874393865	-0.0417052116776185	7.9292156907056	FALSE
set3IT059	L-Alanine (N)	2/20/2014 PV4_ML1_set3	107	3920458	1596	2562122	2556898	251	621	849.750083084081	0.13183901012201	2.11457674488194	2.74611729253574	1.30718150951818	0.104577270806771	0.0378082291470805	-0.0202239486518825	7.9516205384686	FALSE
set3IT060	L-Isoleucine (N)	2/20/2014 PV4_ML1_set3	108	3496896	1013	2299773	2298227	198	621	763.78431372549	0.119227179527828	2.10755303080074	2.58496250072116	1.30718150951818	0.132780690076959	0.0273600006973784	-0.0378790455444535	7.98810368050188	FALSE
set3IT061	L-Leucine (N)	2/20/2014 PV4_ML1_set3	109	2788360	1092	1788707	1787545	188	621	594.066134928548	0.165762293435793	1.81699313768855	2.11640949211531	1.30718150951818	0.114852696989299	0.0346067030596256	-0.0458697828717677	7.01467636636674	FALSE
set3IT062	Gly-Glu (N)	2/20/2014 PV4_ML1_set3	110	3540428	647	2707990	2706035	1	621	899.313725490196	0.0850903546864316	1.91107048190743	1.58496250072116	1.30718150951818	0.0857727731311456	0.128002337779064	-0.0335872750271464	13.8579641261867	FALSE
set3IT063	casaminos (N)	2/20/2014 PV4_ML1_set3	111	3396291	1354	2222195	2219865	256	621	737.741774675972	0.182889088964759	0.719252634734016	1.51937415909358	1.30718150951818	0.179565655581051	0.0134598589435043	-0.0496008398469098	6.03304931735292	FALSE
set3IT064	NAG (N)	2/20/2014 PV4_ML1_set3	112	3541887	1121	2234531	2231681	98	621	741.668660684613	0.139939132946628	2.10288754615338	2.8334284336675	1.30718150951818	0.110219691086367	0.0193198987868792	-0.0363496579512438	11.1830092922771	FALSE
set3IT065	D-Glucosamine Hydrochloride (N)	2/20/2014 PV4_ML1_set3	113	3912013	2	2454685	2454284	0	621	815.647723496178	0.0962894510162434	1.73845962865747	1	1.30718150951818	0.107412903931128	0.00974174258666169	-0.035152346017191	14.0953042726254	FALSE
set3IT066	Cytidine (N)	2/20/2014 PV4_ML1_set3	114	3834144	1203	2591105	2589810	155	621	860.687936191426	0.160942492520023	1.91611294688217	2.46855300860584	1.30718150951818	0.175802069643823	0.00124568620259124	-0.0407334232322229	8.68243474952569	FALSE
set3IT067	Glucuronamide (N)	2/20/2014 PV4_ML1_set3	115	3901638	1388	2558461	2554917	4	621	849.091724825523	0.0714815579357631	1.90137657015039	2.24792751344359	1.30718150951818	0.0398059383030526	0.0201658655233246	-0.0593310189186047	13.262367306545	FALSE
set3IT068	Ammonium chloride (N)	2/20/2014 PV4_ML1_set3	116	3457287	1449	2210413	2208562	239	621	733.985377201728	0.179550531169197	1.36253171481102	1.88981708224958	1.30718150951818	0.229585737182036	-1.48323022823206e-05	-0.0442001657050051	7.68378213418313	FALSE
set3IT069	Glycine (N)	2/20/2014 PV4_ML1_set3	117	3576659	2135	2293322	2290387	201	621	761.178796942506	0.153750989628576	1.7669143502943	2.21996568394191	1.30718150951818	0.190276828351502	0.0388814827345343	-0.0381882055257411	7.7983433313256	FALSE
set3IT070	L-Alanine (N)	2/20/2014 PV4_ML1_set3	118	3590296	1970	2311842	2309141	201	621	767.411432369558	0.147502110510817	2.01255103319457	2.46018518096359	1.30718150951818	0.196920123673581	0.0170779426508834	-0.0291461061182676	6.4022069226168	FALSE
set3IT071	L-Isoleucine (N)	2/20/2014 PV4_ML1_set3	119	3056310	582	2007177	2006629	177	621	666.875706214689	0.157575689843302	1.95879732043102	2.53080673067425	1.30718150951818	0.15545459410322	-0.0214348277618087	-0.0373296258470854	7.85293321963707	FALSE
set3IT072	L-Leucine (N)	2/20/2014 PV4_ML1_set3	120	3061354	1489	1952089	1950860	210	621	648.341641741442	0.133685654019885	1.81213746222517	2.32192809488736	1.30718150951818	0.103789957225149	0.0589786282372446	-0.0475000479970949	6.61303282228015	FALSE
set3IT073	Gly-Glu (N)	2/20/2014 PV4_ML1_set3	121	3341168	2	2511566	2505838	1	621	832.780990362247	0.144587136947402	1.90717088668212	1.58496250072116	1.30718150951818	0.0896202136063412	0.0197929680788558	-0.0651616807441444	14.361210384893	FALSE
set3IT074	casaminos (N)	2/20/2014 PV4_ML1_set3	122	3234755	1700	2119053	2116780	245	621	703.482884679295	0.130472933951055	0.745236973582203	1.50250034052918	1.30718150951818	0.172882927447048	0.023494530723766	-0.0129578003949104	5.48640954476608	FALSE
set3IT075	NAG (N)	2/20/2014 PV4_ML1_set3	123	3550171	1301	2229761	2226359	74	621	739.899966766368	0.155917871166327	2.09521588289993	2.8073549220576	1.30718150951818	0.143017187523961	0.071446069006123	-0.0672259289853854	11.5517717312697	FALSE
set3IT076	D-Glucosamine Hydrochloride (N)	2/20/2014 PV4_ML1_set3	124	4205082	268	2597006	2595226	1	621	862.487869724161	0.0691964282137861	1.94067311615442	1.32192809488736	1.30718150951818	0.131706610304265	0.00641294322209866	-0.0428685058037686	13.3270377725674	FALSE
set3IT077	Cytidine (N)	2/20/2014 PV4_ML1_set3	125	4038571	1829	2689676	2687840	202	621	893.266866068461	0.153304688419315	1.92967929899543	2.37060194162305	1.30718150951818	0.121388395422786	0.00217440707648351	-0.0537674427302115	6.59648715233515	FALSE
set3IT078	Glucuronamide (N)	2/20/2014 PV4_ML1_set3	126	4105341	1901	2681619	2676287	61	621	889.427384513127	0.107548628370374	2.38703355526718	2.73696559416621	1.30718150951818	0.0911345254313344	0.0378688717094769	-0.0396315511616053	13.9897993968616	FALSE
set3IT079	Ammonium chloride (N)	2/20/2014 PV4_ML1_set3	127	4234074	1601	2706416	2704498	268	621	898.802924559654	0.190249459278671	1.37848505581493	2.07194984187901	1.30718150951818	0.20526685993649	-0.0351919723828528	-0.0761304329378427	7.67496000188003	FALSE
set3IT080	D-Cycloserine 10 mg/ml	2/20/2014 PV4_ML1_set3	128	3766629	996	2560975	2559799	211	621	850.71419076105	0.215152657287028	0.581301843671964	1.53051471669878	1.30718150951818	0.21591115001366	0.0390396145613993	0.00256593246917104	7.38081068129144	FALSE
set3IT081	Doxycycline hyclate 10 mg/ml	2/20/2014 PV4_ML1_set3	129	3697272	1205	2407295	2406356	322	621	799.71950814224	0.283270254666752	0.220734649924332	1.33703498727757	1.30718150951818	0.255488635414822	0.0349987815935239	-0.0183840214176993	4.49577730095381	TRUE
set3IT082	Ceftazidime 5 mg/ml	2/20/2014 PV4_ML1_set3	130	3988866	1419	2573488	2572428	348	621	854.911266201396	0.334173494678151	0.229581032685764	1.35230174393088	1.30718150951818	0.276967727191444	0.030118006513798	0.0112434624865921	3.94447426640281	TRUE
set3IT083	LB	2/20/2014 PV4_ML1_set3	131	3741487	1507	2405486	2404515	339	621	799.107676969093	0.239518200524381	0.206401680616066	1.35167543828141	1.30718150951818	0.169820084729237	-0.0202261299190938	0.0118751865882874	3.095418116934	TRUE
set3IT084	D-Cycloserine 10 mg/ml	2/20/2014 PV4_ML1_set3	132	3672747	888	2491075	2489729	215	621	827.427384513127	0.240271860420299	0.546225486624415	1.47162102764521	1.30718150951818	0.199510229542141	-0.0681483102208382	-0.00492164026269441	7.16264939488572	FALSE
set3IT085	Doxycycline hyclate 10 mg/ml	2/20/2014 PV4_ML1_set3	133	2332339	892	1518945	1518333	204	621	504.597208374875	0.283109073374689	0.234753328267938	1.34513548604869	1.30718150951818	0.232499550162362	0.0482852806855996	-0.0139710815131952	5.02982372965714	TRUE
set3IT086	Ceftazidime 5 mg/ml	2/20/2014 PV4_ML1_set3	134	2715383	1133	1757230	1756416	227	621	583.720837487537	0.313963604175507	0.259521921396044	1.34792330342031	1.30718150951818	0.290752946987805	0.0453473683199339	-0.00113329570833876	5.6500063122796	TRUE
set3IT087	LB	2/20/2014 PV4_ML1_set3	135	3622807	1544	2330033	2329133	325	621	774.055500166168	0.2546857440621	0.212651506850108	1.32707139816332	1.30718150951818	0.21747396037611	-0.0258902362043882	0.00234655207613629	3.07433043528495	TRUE
set3IT088	Chloramphenicol 5 mg/ml	2/20/2014 PV4_ML1_set3	136	3382838	1143	2184259	2183494	302	621	725.654370222665	0.251623194639116	0.197673053477853	1.33804776025064	1.30718150951818	0.202737194686701	0.0459586677743621	-0.00158628310151139	3.69713672422471	TRUE
set3IT089	Spectinomycin 10 mg/ml	2/20/2014 PV4_ML1_set3	137	3417255	1428	2193439	2192404	310	621	728.615486872715	0.276014783474386	0.226907849238813	1.34792330342031	1.30718150951818	0.256753350103774	0.0269457611546123	0.019347605249969	3.00882104273487	TRUE
set3IT090	LB	2/20/2014 PV4_ML1_set3	138	3692386	1317	2374144	2373241	331	621	788.71419076105	0.255804222944803	0.193935863012233	1.34395440121736	1.30718150951818	0.264308350521598	0.0228079608262418	0.0145170943552232	2.51684042093487	TRUE
set3IT091	Chloramphenicol 5 mg/ml	2/20/2014 PV4_ML1_set3	139	3912916	1289	2523810	2522975	350	621	838.476237952808	0.253381793954209	0.200427205041716	1.36923380966572	1.30718150951818	0.203485027829537	0.00923788868508992	-0.00527754982017554	3.18170058755461	TRUE
set3IT092	Spectinomycin 10 mg/ml	2/20/2014 PV4_ML1_set3	140	3793040	1404	2440805	2439704	350	621	810.802259887006	0.297002786943067	0.22284687927703	1.3393101731156	1.30718150951818	0.228377263556374	0.029277896870213	0.0158024328994194	3.20936650818676	TRUE
set3IT093	LB	2/20/2014 PV4_ML1_set3	141	3797304	1391	2436337	2435493	337	621	809.402791625125	0.265337727467106	0.193389958513918	1.31748218985617	1.30718150951818	0.193290885127638	0.0611354764774836	0.019215789168129	2.96909780117847	TRUE
set3IT094	Carbenicillin 50 mg/ml	2/20/2014 PV4_ML1_set3	142	3877329	1537	2483252	2482095	341	621	824.890329012961	0.267150426116741	0.258543255812838	1.35837863238974	1.30718150951818	0.224671317982884	-0.0357546706649692	0.00231284373850197	5.79179410269515	TRUE
set3IT095	Gentamicin 50 mg/ml	2/20/2014 PV4_ML1_set3	143	3654681	19	2416743	2412950	4	621	801.910933865071	0.119480862350695	0.858489088940763	1.16992500144231	1.30718150951818	0.125253143691424	0.051416801371719	-0.0652369660221083	18.5630554050176	FALSE
set3IT096	LB	2/20/2014 PV4_ML1_set3	144	3452127	1292	2218021	2217135	310	621	736.834496510469	0.228452915371694	0.206538644115277	1.33479024582441	1.30718150951818	0.120132065254701	0.0218074945970523	0.012698883604823	2.63889247380989	TRUE
set4IT001	Time0	2/20/2014 PV4_ML1_set4	145	9533175	3530	6097121	6095512	755	872	2025.76005317381	0.0301973120577834	0.126568165371425	1.34210597682499	1.32795242345805	0.0344762335085679	-0.0509810257951118	0.0475805519535662	1.18788734987509	FALSE
set4IT002	Time0	2/20/2014 PV4_ML1_set4	146	11094741	4097	7093784	7091846	872	755	2356.87803256896	0.0301973120577834	0.126568165371425	1.32795242345805	1.34210597682499	0.0344762335085679	-0.0509810257951118	-0.0475805519535662	1.56642273998398	FALSE
set4IT003	Carbenicillin 0.002 mg/ml	2/20/2014 PV4_ML1_set4	147	11433410	3629	7338063	7335100	1013	1624	2437.72017281489	0.288326009938888	0.256292834633528	1.31664595774833	1.32851408419351	0.231808777466072	0.00558986943828606	0.0088726676767854	5.31978961660331	TRUE
set4IT004	Gentamicin 0.016 mg/ml	2/20/2014 PV4_ML1_set4	148	10824261	70	7055096	7046215	14	1624	2341.71319375208	0.182718513700798	0.626958916144649	1.47804729680464	1.32851408419351	0.200982866234366	0.154500365600512	-0.0733881668778317	18.382400338461	FALSE
set4IT005	LB	2/20/2014 PV4_ML1_set4	149	11721317	3778	7543982	7541204	1051	1624	2506.21601861083	0.293068713088192	0.17340141500435	1.34926680347787	1.32851408419351	0.254068740162086	0.00161101874980208	0.0156828127072211	2.6043948749293	TRUE
set4IT006	Time0	4/30/2014 PV4_ML1_set4	150	12320536	4388	7827698	7825591	1004	926	2600.72814888667	-0.0205659602970779	0.142755673585309	1.30964976510893	1.33979954577031	-0.0309074839819766	-0.0307275078332412	-0.00792828528225023	1.19201177028126	FALSE
set4IT007	Time0	4/30/2014 PV4_ML1_set4	151	11221687	3973	7128640	7126716	926	1004	2368.4666001994	-0.0205659602970779	0.142755673585309	1.33979954577031	1.30964976510893	-0.0309074839819766	-0.0307275078332412	0.00792828528225023	1.22705654872094	FALSE
set4IT008	Choline chloride 200 mM	4/30/2014 PV4_ML1_set4	152	12016333	3582	7664907	7661213	1023	1931	2546.09936856098	0.391449446360624	0.204659103468484	1.33162149109121	1.3147051459918	0.337375114769082	0.0314274356794468	-0.0230490397645535	7.54513598646856	TRUE
set4IT009	Cholin acetate 20 mM	4/30/2014 PV4_ML1_set4	153	12327953	3947	7829120	7826304	1136	1931	2600.96510468594	0.272540367520846	0.155817801829864	1.32894852256513	1.3147051459918	0.26350569154204	0.0312056787724801	-0.0384620256987158	1.8108062016849	TRUE
set4IT010	acetate 25 mM	4/30/2014 PV4_ML1_set4	154	11974064	3789	7605623	7602864	1098	1931	2526.70787637089	0.271539568673945	0.149937953147362	1.33380219517566	1.3147051459918	0.202395080787124	0.0253878546567879	-0.0287783585179175	2.27690837174569	TRUE
set4IT011	1-ethyl-3-methylimidazolium lysine 10 mM	4/30/2014 PV4_ML1_set4	155	11239933	3279	7190048	7185683	917	1931	2388.06347623795	0.354146945297661	0.332952546359206	1.36037453027601	1.3147051459918	0.298868939147311	0.0643589383958146	-0.0458340373116668	7.47453399504897	TRUE
set4IT012	LB	4/30/2014 PV4_ML1_set4	156	13077745	4081	8308880	8305529	1212	1931	2760.22897972748	0.286803277585344	0.160221220449465	1.34564416386117	1.3147051459918	0.207011543604295	0.0647719596668285	-0.0514657836950006	2.76631779633683	TRUE
set4IT013	Choline chloride 200 mM	4/30/2014 PV4_ML1_set4	157	12660667	4008	8163651	8159676	1025	1931	2711.75672981057	0.344135965983762	0.25310206442835	1.360402242702	1.3147051459918	0.32346649661966	0.0237200377074402	-0.0108454524765667	9.19355830801529	TRUE
set4IT014	Cholin acetate 20 mM	4/30/2014 PV4_ML1_set4	158	12434375	3892	7898972	7896029	1145	1931	2624.13725490196	0.259401620886445	0.163524976739826	1.34727094300183	1.3147051459918	0.197087153537893	0.0566351109779915	-0.0264428807797144	1.96272427608557	TRUE
set4IT015	acetate 25 mM	4/30/2014 PV4_ML1_set4	159	12400586	4002	7878847	7876011	1133	1931	2617.48454636092	0.277502315137285	0.16678769953379	1.35791028684629	1.3147051459918	0.173332504847232	0.0335112211997476	-0.0252781485963076	2.28034430681181	TRUE
set4IT016	1-ethyl-3-methylimidazolium lysine 10 mM	4/30/2014 PV4_ML1_set4	160	12682804	3063	8108883	8104062	1023	1931	2693.2741774676	0.372781151897496	0.314165954406358	1.38103161523225	1.3147051459918	0.244359001159817	0.0235131112852208	-0.0329400691253064	7.22617652960436	TRUE
set4IT017	LB	4/30/2014 PV4_ML1_set4	161	12523839	3806	7945663	7943071	1078	1931	2639.77102027252	0.284482910205495	0.162048949811792	1.34017380381537	1.3147051459918	0.211597406204458	0.079574994277014	-0.0548375322013993	2.62736457799245	TRUE
set4IT018	1-ethyl-3-methylimidazolium acetate 10 mM	4/30/2014 PV4_ML1_set4	162	9703775	3504	6163157	6160762	858	1931	2047.44499833832	0.208798098490736	0.288061972797113	1.39960745870924	1.3147051459918	0.162610049035076	0.0371169244988024	-0.0456677318635502	2.65322216191745	TRUE
set4IT019	1-ethyl-3-methylimidazolium chloride 50 mM	4/30/2014 PV4_ML1_set4	163	12530960	3884	7928737	7925549	1109	1931	2633.94782319708	0.327614224201928	0.182754617202924	1.36647954562599	1.3147051459918	0.249121833645679	0.0235738829021904	-0.0572215943071576	3.64011263633996	TRUE
set4IT020	Choline Lysine 10 mM	4/30/2014 PV4_ML1_set4	164	12387865	3605	7873020	7869160	1073	1931	2615.20771020273	0.368066345174146	0.217464602100601	1.34025991765962	1.3147051459918	0.27965866377472	0.0414706670973302	-0.061475886150815	5.19485657925673	TRUE
set4IT021	L-Lysine 200 mM	4/30/2014 PV4_ML1_set4	165	13133826	3542	8394065	8390293	1136	1931	2788.39913592556	0.328615091022577	0.203590275762114	1.3742114858201	1.3147051459918	0.2229016124621	0.00661224664777782	-0.0480450763321409	5.40305834419796	TRUE
set4IT022	LB	4/30/2014 PV4_ML1_set4	166	12939012	3919	8227891	8224559	1168	1931	2733.31970754403	0.321691988149962	0.166808634885603	1.33936674099369	1.3147051459918	0.295330544338291	0.0533799220913722	-0.0537145765751946	2.99007529300726	TRUE
set4IT023	1-ethyl-3-methylimidazolium acetate 10 mM	4/30/2014 PV4_ML1_set4	167	11052402	3485	7011517	7008701	1005	1931	2329.24592888003	0.332797436076857	0.176949133286692	1.3280541976842	1.3147051459918	0.205152022517948	0.0460660494206542	-0.0424473131732027	2.62456289942962	TRUE
set4IT024	1-ethyl-3-methylimidazolium chloride 50 mM	4/30/2014 PV4_ML1_set4	168	12042307	3820	7623344	7620482	1057	1931	2532.56297773347	0.320823260352251	0.192060596621977	1.32978243027317	1.3147051459918	0.238651903420885	-0.00527065065648808	-0.0482030500788593	3.85508793169698	TRUE
set4IT025	Choline Lysine 10 mM	4/30/2014 PV4_ML1_set4	169	11782596	3558	7490472	7487102	1022	1931	2488.2359587903	0.349087284448207	0.210273147402192	1.3540182165199	1.3147051459918	0.265183730103768	0.0175414096637743	-0.0535232530962188	5.22453340493174	TRUE
set4IT026	L-Lysine 200 mM	4/30/2014 PV4_ML1_set4	170	12309975	3536	7855931	7852208	1090	1931	2609.57394483217	0.327416579849625	0.192190806580263	1.35387911912066	1.3147051459918	0.181184090649323	0.0409540732491256	-0.0456732751809197	4.91528927751394	TRUE
set4IT027	LB	4/30/2014 PV4_ML1_set4	171	12359505	3663	7854131	7850652	1124	1931	2609.05682951147	0.310302930443416	0.173974555361446	1.3355568943329	1.3147051459918	0.258697896270238	0.0662185707004628	-0.0699090175499687	3.22619385970351	TRUE
set4IT028	methylglyoxal 0.001 vol%	4/30/2014 PV4_ML1_set4	172	12100023	3905	7688600	7685483	940	1931	2554.16517115321	0.276515647061426	0.28249265247912	1.35765960820127	1.3147051459918	0.165236951525791	0.0448286914137768	-0.0468089898610161	5.48361223342833	TRUE
set4IT029	2-Furfuraldehyde 0.0625 vol%	4/30/2014 PV4_ML1_set4	173	12423830	3619	7906811	7903118	1073	1931	2626.49318710535	0.348222417559351	0.235865311460891	1.34875679760311	1.3147051459918	0.203490508530838	0.0562036218180459	-0.0517485116003005	5.1820862554358	TRUE
set4IT030	5-Hydroxymethylfurfural 10 mM	4/30/2014 PV4_ML1_set4	174	11495273	3262	7337872	7334057	947	1931	2437.37354602858	0.291437380049398	0.287161400117064	1.39052979704176	1.3147051459918	0.185956007631008	0.00496990506611769	-0.0383041750854042	5.85416770688369	TRUE
set4IT031	5-Hydroxymethylfurfural 5 mM	4/30/2014 PV4_ML1_set4	175	11468734	3576	7302175	7298844	995	1931	2425.67098703888	0.32034925610599	0.254524115874404	1.36224088485028	1.3147051459918	0.222544912847118	0.123603235404096	-0.0500687137833027	4.63612457824937	TRUE
set4IT032	LB	4/30/2014 PV4_ML1_set4	176	11792404	3616	7497375	7494243	1056	1931	2490.60917248255	0.277521204070649	0.173809904451637	1.33721282333831	1.3147051459918	0.201025947598087	0.0669422800510477	-0.0582986651797657	3.31954873507277	TRUE
set4IT033	methylglyoxal 0.001 vol%	4/30/2014 PV4_ML1_set4	177	10904541	3694	6923954	6921358	875	1931	2300.21867730143	0.282869897062693	0.265437538088002	1.34846047996927	1.3147051459918	0.219563404439615	-0.000433519574321165	-0.0441687432292595	4.94662541251472	TRUE
set4IT034	2-Furfuraldehyde 0.0625 vol%	4/30/2014 PV4_ML1_set4	178	11746204	3586	7472592	7469459	956	1931	2482.37254901961	0.352099096323986	0.234896308705702	1.37109853645603	1.3147051459918	0.193125116695612	0.050039240544538	-0.054379933355903	5.42468272226439	TRUE
set4IT035	5-Hydroxymethylfurfural 10 mM	4/30/2014 PV4_ML1_set4	179	12049621	3389	7710327	7706727	988	1931	2561.22532402792	0.288850250668731	0.256809620637202	1.41319615245468	1.3147051459918	0.198647660116138	0.0317261054397453	-0.0378054066770098	5.78812668361586	TRUE
set4IT036	5-Hydroxymethylfurfural 5 mM	4/30/2014 PV4_ML1_set4	180	11926025	3369	7598787	7595148	1043	1931	2524.14356929212	0.331287416756193	0.203166055979009	1.34379541779763	1.3147051459918	0.225590111520751	0.053339171998417	-0.0494167468542233	4.62746098957231	TRUE
set4IT037	LB	4/30/2014 PV4_ML1_set4	181	11846572	3803	7540851	7537689	1069	1931	2505.04785643071	0.33465201432335	0.167652818191373	1.32036758089975	1.3147051459918	0.231453091696737	0.0877734567186619	-0.0620839440075913	2.99798577883977	TRUE
set4IT038	Vanillin 2 mM	4/30/2014 PV4_ML1_set4	182	12629265	3889	8032849	8029809	1133	1931	2668.59720837488	0.280405633143704	0.177036054209701	1.32008124798584	1.3147051459918	0.262607969659586	0.081795556348732	-0.0467522232608763	3.0131832414597	TRUE
set4IT039	syringaldehyde 1 mM	4/30/2014 PV4_ML1_set4	183	12008885	3610	7634619	7631718	1081	1931	2536.29710867398	0.293720542484107	0.173595740920457	1.29795839072934	1.3147051459918	0.20787564049019	0.0506958770357466	-0.0406846984092537	2.81957108838546	TRUE
set4IT040	LB	4/30/2014 PV4_ML1_set4	184	12709615	3917	8077670	8074443	1145	1931	2683.43070787637	0.296039709641787	0.162996325222031	1.3536369546147	1.3147051459918	0.183720063678822	0.0662686741644711	-0.0616267006937292	3.01723194946225	TRUE
set4IT041	Vanillin 2 mM	4/30/2014 PV4_ML1_set4	185	12029982	3763	7642136	7639361	1095	1931	2538.83715520106	0.31689801337401	0.170112437690795	1.33249922549689	1.3147051459918	0.181651869987851	0.0612948636787658	-0.0260673820247992	3.14157015089409	TRUE
set4IT042	syringaldehyde 1 mM	4/30/2014 PV4_ML1_set4	186	12587401	4105	8005268	8002067	1135	1931	2659.37753406447	0.296010391593457	0.175584990172909	1.32836665532599	1.3147051459918	0.172274538941248	0.0976889224880599	-0.0430324359844359	2.90339639837229	TRUE
set4IT043	LB	4/30/2014 PV4_ML1_set4	187	12537308	4293	7968160	7964557	1124	1931	2646.91159853772	0.288544401821021	0.174833190901139	1.31642565737329	1.3147051459918	0.202354554658	0.0523221138683579	-0.0493912091530093	3.73302888054185	TRUE
set4IT044	Benzethonium chloride 0.00625 mM	4/30/2014 PV4_ML1_set4	188	12975881	3334	8305757	8300928	980	1931	2758.6999002991	0.274281983109611	0.567959164862137	1.45705027827673	1.3147051459918	0.260677455825999	0.00658268540621261	-0.0348246111704558	6.77390684910999	FALSE
set4IT045	Benzalkonium Chloride 0.002 mg/ml	4/30/2014 PV4_ML1_set4	189	12637743	2778	8367517	8364603	463	1931	2779.86141575274	0.129222426745518	2.25329368609177	2.95528835119361	1.3147051459918	0.121042636313144	-0.0372787831855722	0.00811325115515972	10.806345635899	FALSE
set4IT046	Aluminum chloride 1 mM	4/30/2014 PV4_ML1_set4	190	12250622	3891	7787711	7784772	1105	1931	2587.16251246261	0.337669491325453	0.158328256884968	1.34688551770893	1.3147051459918	0.262909782574568	0.0295163064267245	-0.0295891111136355	2.78392339820842	TRUE
set4IT047	LB	4/30/2014 PV4_ML1_set4	191	11268882	3363	7167249	7164350	1024	1931	2380.97374543038	0.287939229605356	0.170902639119512	1.31568072027102	1.3147051459918	0.271613552470716	0.035762796815904	-0.0662197058752921	2.91578786289273	TRUE
set4IT048	Benzethonium chloride 0.00625 mM	4/30/2014 PV4_ML1_set4	192	12265456	2591	7929122	7923737	896	1931	2633.34562977733	0.232348150969382	0.665387567342017	1.49623358212682	1.3147051459918	0.192968301657535	-0.0229714305788078	-0.0205649887604309	6.97865715545288	FALSE
set5IT049	Time0	4/30/2014 PV4_ML1_set5	193	12664405	4727	8049258	8047039	1044	1024	2674.3233632436	-0.014690332872685	0.142455112263815	1.33148240160061	1.31843987570263	0.0314309549019338	-0.0452335539686981	-0.00297652119060707	0.88891926573577	FALSE
set5IT050	Time0	4/30/2014 PV4_ML1_set5	194	12546107	4742	7972263	7970110	1024	1044	2648.75706214689	-0.014690332872685	0.142455112263815	1.31843987570263	1.33148240160061	0.0314309549019338	-0.0452335539686981	0.00297652119060707	1.95820056336778	FALSE
set5IT051	Benzalkonium Chloride 0.002 mg/ml	4/30/2014 PV4_ML1_set5	195	12707268	1329	8419491	8417730	511	2056	2797.51744765703	0.110711747865872	2.22826406840336	2.87769590307006	1.33286895769802	0.107794536536785	-0.0203467328522799	-0.00226226810442536	10.7278628384937	FALSE
set5IT052	Aluminum chloride 1 mM	4/30/2014 PV4_ML1_set5	196	11840118	3664	7516896	7513852	1069	2056	2497.12595546693	0.365421533271392	0.141448550941418	1.35229122095275	1.33286895769802	0.289806899482463	0.0255890262656687	-0.0353979172442273	2.52094935919966	TRUE
set5IT053	LB	4/30/2014 PV4_ML1_set5	197	12732616	3899	8093953	8090581	1154	2056	2688.7939514789	0.329963600835083	0.142092328762247	1.33832253313803	1.33286895769802	0.299189075079209	0.0903369610672665	-0.0524749155093997	2.90340451121024	TRUE
set5IT054	Bacitracin 0.25 mg/ml	4/30/2014 PV4_ML1_set5	198	12826316	3441	8340909	8336751	1019	2056	2770.60518444666	0.379521168452405	0.240300413213441	1.373335643267	1.33286895769802	0.316423708976764	0.000514761069389151	-0.032729990255239	5.84314469436079	TRUE
set5IT055	Bacitracin 0.125 mg/ml	4/30/2014 PV4_ML1_set5	199	12373301	3754	7893964	7890667	1072	2056	2622.35526753074	0.392448701232405	0.180992366614643	1.37907771901963	1.33286895769802	0.298516694031789	0.0103062964302132	-0.038643161249273	3.70660219613301	TRUE
set5IT056	Fusidic 0.0625 mg/ml	4/30/2014 PV4_ML1_set5	200	13513066	2214	10518088	10511411	641	2056	3493.32369557993	0.402097564972561	0.228582029475876	1.34276159830453	1.33286895769802	0.314170245346831	0.0692868621863142	-0.0369712373023688	11.4442847441638	TRUE
set5IT057	Fusidic 0.03125 mg/ml	4/30/2014 PV4_ML1_set5	201	12428414	3804	7878333	7874668	1084	2056	2617.0382186773	0.394739247558194	0.182459762389814	1.35682043543498	1.33286895769802	0.278016610763732	0.0489263197292325	-0.0714519034597468	4.26018188286031	TRUE
set5IT058	Dimethyl Sulfoxide 5 vol%	4/30/2014 PV4_ML1_set5	202	12356207	4019	7852318	7849025	1133	2056	2608.51611831173	0.320930437473018	0.136835161973741	1.33184356375244	1.33286895769802	0.232787234858216	0.0744340549660402	-0.0242258552286455	2.38066472359606	TRUE
set5IT059	LB	4/30/2014 PV4_ML1_set5	203	13039099	4033	8284121	8280600	1172	2056	2751.94416749751	0.331457690993558	0.146827220100439	1.30716671681826	1.33286895769802	0.297843090957164	0.0305221243116188	-0.0658428595463019	3.0477397663588	TRUE
set5IT060	Bacitracin 0.25 mg/ml	4/30/2014 PV4_ML1_set5	204	12959272	3541	8382981	8378649	1078	2056	2784.52941176471	0.415808736013212	0.226922662984819	1.39411472591502	1.33286895769802	0.302919444806677	0.0379803877059816	-0.03193164218412	5.33702568340861	TRUE
set5IT061	Bacitracin 0.125 mg/ml	4/30/2014 PV4_ML1_set5	205	12477015	3619	7950581	7947173	1091	2056	2641.13426387504	0.371388123164624	0.175554326589715	1.35614381022527	1.33286895769802	0.280163644865695	0.0735225551101565	-0.0393798956762121	3.92113086110135	TRUE
set5IT062	Fusidic 0.0625 mg/ml	4/30/2014 PV4_ML1_set5	206	14009148	2512	10285500	10277469	794	2056	3415.57627118644	0.442079837807647	0.23354069815151	1.36437788101232	1.33286895769802	0.331544988990445	-0.012520935176659	-0.0351974265075382	9.86994705337802	TRUE
set5IT063	Fusidic 0.03125 mg/ml	4/30/2014 PV4_ML1_set5	207	12778101	3538	8107026	8103123	1095	2056	2692.96211365902	0.383561283295411	0.194366042477517	1.36887850981393	1.33286895769802	0.270553461015741	0.0645335551272716	-0.0566956581039292	4.46568324552857	TRUE
set5IT064	Dimethyl Sulfoxide 5 vol%	4/30/2014 PV4_ML1_set5	208	10969243	3493	6971859	6968944	1009	2056	2316.03323363244	0.367089383749423	0.136191868663994	1.33560303178444	1.33286895769802	0.200215566744762	0.0416034355774422	-0.0264371445263376	2.49557487261804	TRUE
set5IT065	LB	4/30/2014 PV4_ML1_set5	209	11965265	3635	7611405	7608374	1089	2056	2528.53904951811	0.336998481680114	0.154727181967923	1.35030989625719	1.33286895769802	0.29555571372798	0.0156358482552741	-0.0562665110914348	3.05678250041231	TRUE
set5IT066	Time0	8/28/2013 PV4_ML1_set5	210	12282402	4446	7815928	7813193	1053	1136	2596.60784313725	0.0115821458756628	0.120643947448965	1.31131442086251	1.30746313921211	-0.0163611410095588	0.0117493948599764	0.0261613899132805	0.801961253667556	FALSE
set5IT067	Time0	8/28/2013 PV4_ML1_set5	211	13252506	4713	8432287	8429278	1136	1053	2801.35526753074	0.0115821458756628	0.120643947448965	1.30746313921211	1.31131442086251	-0.0163611410095588	0.0117493948599764	-0.0261613899132805	1.02627242095018	FALSE
set5IT068	LB 10C	8/28/2013 PV4_ML1_set5	212	8213051	2689	5235368	5233514	725	2192	1739.28680624792	0.354001605772968	0.174716733383925	1.34173539864126	1.30142387511946	0.22977652319005	0.0288074938681231	-0.0106025699979447	3.02696219018646	TRUE
set5IT069	LB 20C	8/28/2013 PV4_ML1_set5	213	11968984	4036	7612287	7609190	1081	2192	2528.81023595879	0.222373054025709	0.142411654204913	1.33069401692594	1.30142387511946	0.219628818279217	0.106044911875443	0.00999186411580167	1.52857307265338	TRUE
set5IT070	LB 25C	8/28/2013 PV4_ML1_set5	214	13273769	5601	8437343	8434192	1203	2192	2802.98836822865	0.35919842987635	0.132138342710226	1.32827892703975	1.30142387511946	0.210260975963546	0.0571768939964258	-0.0043881249525298	1.46196755515697	TRUE
set5IT071	LB 30C	8/28/2013 PV4_ML1_set5	215	11577600	4086	7359716	7357154	1057	2192	2445.04951811233	0.298120075314135	0.128525228957176	1.3421607478066	1.30142387511946	0.248556966410198	0.0448446985765381	-0.0146072724531541	1.46696456333142	TRUE
set5IT072	MinMedia 20C	8/28/2013 PV4_ML1_set5	216	12393061	5289	7855675	7852670	1047	2192	2609.72748421402	0.481333018401251	0.148589359331088	1.31415074429564	1.30142387511946	0.417701362164982	0.0283102709801204	-0.0655410745890577	2.63555863521161	TRUE
set5IT073	MinMedia 25C	8/28/2013 PV4_ML1_set5	217	11941099	4032	7894643	7888552	769	2192	2621.65237620472	0.266044450519355	0.85551575953445	1.67996894028524	1.30142387511946	0.25080170190712	0.0111325981342709	-0.043131457209003	7.27851074560135	FALSE
set5IT074	MinMedia 30C	8/28/2013 PV4_ML1_set5	218	10576076	3667	6734372	6731758	878	2192	2237.20771020273	0.518511414938225	0.163249894010322	1.32616508777383	1.30142387511946	0.42779752275278	0.0501102488598955	-0.0760880773227933	3.71974962589233	TRUE
set5IT075	Anaero. fumarate as E acceptor	8/28/2013 PV4_ML1_set5	219	11520067	4429	7318035	7313921	967	2192	2430.68162180126	0.37813009736346	0.342718032909487	1.3392892555488	1.30142387511946	0.310002032598546	0.0106463397636818	-0.0567932163050861	6.12234340954673	TRUE
set5IT076	Anaero. iron citrate as E acceptor	8/28/2013 PV4_ML1_set5	220	11870640	1046	7740676	7739926	240	2192	2572.25855766035	0.418495703292029	0.264585668056613	1.41503749927884	1.30142387511946	0.462279086024838	0.370755611841198	-0.0982048103116789	4.61174535234879	FALSE
set5IT077	MinMedia pH6	8/28/2013 PV4_ML1_set5	221	12148490	11	7154503	7145736	2	2192	2374.78763708873	0.119383915336884	1.37853328305795	1.58496250072116	1.30142387511946	0.0771755892964654	0.0653088572818109	-0.0428015901980244	16.6014947499531	FALSE
set5IT078	MinMedia pH7	8/28/2013 PV4_ML1_set5	222	12807055	4392	8134304	8130131	1069	2192	2701.93785310734	0.256462789510144	0.743149831021783	1.52167625598718	1.30142387511946	0.247904189832769	-0.0171288596989357	-0.038594304843532	4.85451289017553	FALSE
set5IT079	MinMedia pH6	8/28/2013 PV4_ML1_set5	223	15102321	38	9107554	9071723	4	2192	3014.86307743436	0.112930605193385	1.61842591933449	2	1.30142387511946	0.124354277321123	0.00495345717809331	-0.0565868619892228	17.1191380992241	FALSE
set5IT080	MinMedia pH7	8/28/2013 PV4_ML1_set5	224	13031771	5240	8299527	8294910	1099	2192	2756.6999002991	0.313682398724409	0.638456079205596	1.47583641367346	1.30142387511946	0.26245393323442	0.00322609064295962	-0.051009716079791	5.6552626246944	FALSE
set5IT081	Motility M1	8/28/2013 PV4_ML1_set5	225	10627365	5371	6837043	6834559	826	2192	2271.37221668328	0.198782603777899	0.636780757996484	1.47893306508474	1.30142387511946	0.286270615360909	-0.00719980277810192	0.0819848932865953	7.79914792314323	FALSE
set5IT082	Motility M2	8/28/2013 PV4_ML1_set5	226	12271487	5476	7829773	7827730	918	2192	2601.43901628448	0.243357586949056	0.565611955748665	1.46068016483456	1.30142387511946	0.258609271549739	0.0355831990596811	0.052533385301511	7.94507907495284	FALSE
set5IT083	Motility M3	8/28/2013 PV4_ML1_set5	227	14218391	2104	9495305	9494391	440	2192	3155.33100697906	0.343203094273742	0.380554377132106	1.34792330342031	1.30142387511946	0.331663592368983	0.0422485313663331	0.0825047416961564	12.284845071851	TRUE
set5IT084	Motility M4	8/28/2013 PV4_ML1_set5	228	13184772	1857	8831430	8830207	447	2192	2934.59853772017	0.314656843178369	0.397123101511736	1.39651741130805	1.30142387511946	0.315041768789083	0.000931908736306394	0.0964527565087189	12.3158906150141	TRUE
set5IT085	Motility M5	8/28/2013 PV4_ML1_set5	229	15173054	303	9499002	9498849	56	2192	3156.81256231306	0.334877100648553	0.519445127846643	1.45212681801406	1.30142387511946	0.308097862056702	0.094260734386865	0.0530237989711721	16.1937609330096	FALSE
set5IT086	Motility M6	8/28/2013 PV4_ML1_set5	230	15264547	4529	9532633	9532527	46	2192	3168.00498504487	0.31907628955816	0.565315808363268	1.41503749927884	1.30142387511946	0.361521896448835	0.00839279536095893	0.0468371789871903	16.0797324698515	FALSE
set5IT087	Motility M1	8/28/2013 PV4_ML1_set5	231	13182330	6692	8486301	8483344	1020	2192	2819.3233632436	0.203763650075265	0.643282462442706	1.52837897235479	1.30142387511946	0.316601303564603	0.00977181919717731	0.0774008215219153	7.83935298774334	FALSE
set5IT088	Motility M2	8/28/2013 PV4_ML1_set5	232	10757322	4855	6864238	6862454	804	2192	2280.64273845131	0.237439487585149	0.557543275274542	1.46734714361712	1.30142387511946	0.255276958337881	0.03816645018066	0.0515979532877646	8.07207702769116	FALSE
set5IT089	Motility M3	8/28/2013 PV4_ML1_set5	233	10765554	1752	7152668	7151921	360	2192	2376.8431372549	0.330155517913636	0.405427593523213	1.34060046493781	1.30142387511946	0.346069900351528	0.0447151065466953	0.0814924222872678	12.1224403366043	TRUE
set5IT090	Motility M4	8/28/2013 PV4_ML1_set5	234	12308926	1862	8220378	8219298	418	2192	2731.57128614158	0.32058596982622	0.38608721372991	1.38208707747756	1.30142387511946	0.363121990909024	0.0126503911802456	0.1011910507508	12.3249526198067	TRUE
set5IT091	Motility M5	8/28/2013 PV4_ML1_set5	235	15017264	337	9552232	9552059	60	2192	3174.49617813227	0.356412685089844	0.548454624830435	1.42884329880387	1.30142387511946	0.309286802297519	0.0521917582862178	0.0709246875470907	16.0297356740056	FALSE
set5IT092	Motility M6	8/28/2013 PV4_ML1_set5	236	15850331	5712	9710250	9710138	44	2192	3227.03157195081	0.286893538953531	0.567585235046664	1.44579975304953	1.30142387511946	0.308920930422831	0.0459996699596254	0.0417276144212554	16.2321338381876	FALSE
set5IT093	Time0	12/11/2013 PV4_ML1_set5	237	12175485	4889	7783831	7781585	989	985	2586.10335659688	-0.0173300739338798	0.141588388973399	1.32192809488736	1.32645301770043	-0.00283082061082261	0.00478784073985946	0.00970118648601439	1.05538668902928	FALSE
set5IT094	Time0	12/11/2013 PV4_ML1_set5	238	12182613	5008	7791666	7789478	985	989	2588.72648720505	-0.0173300739338798	0.141588388973399	1.32645301770043	1.32192809488736	-0.00283082061082261	0.00478784073985946	-0.00970118648601438	1.41838770084599	FALSE
set5IT095	Nickel (II) chloride 0.5 mM	12/11/2013 PV4_ML1_set5	239	12316165	4608	7870072	7867355	1136	1976	2614.60784313725	0.266671028639146	0.149879627125533	1.31934790378413	1.31968265468172	0.172239800815857	0.036614657920921	0.0583710175594916	3.52431755442325	TRUE
set5IT096	Nickel (II) chloride 0.5 mM	12/11/2013 PV4_ML1_set5	240	12334069	4450	7889719	7887142	1123	1976	2621.18378198737	0.283833560880308	0.154166645587779	1.3245252063734	1.31968265468172	0.291537937822061	0.0363565630273674	0.0499275838349242	4.12357196990998	TRUE
set6IT054	Zinc 0.8 mM	1/14/2015 PV4_ML1_set6	241	4844562	2791	3121399	3120397	433	720	1037.02126952476	0.256026800067671	0.284006128088972	1.32192809488736	1.31520223169905	0.236947438673783	0.0158106609610585	0.0076939064249406	4.93343831219136	TRUE
set6IT055	LB	1/14/2015 PV4_ML1_set6	242	4327195	1763	2798215	2797382	394	720	929.671651711532	0.258067972077239	0.256929593522137	1.36196580920168	1.31520223169905	0.204742376626531	0.032812887630066	0.0325553355580615	4.49254223795805	TRUE
set6IT056	Rifampicin 0.0001 mg/ml	1/14/2015 PV4_ML1_set6	243	5728396	2616	3959016	3956481	328	720	1314.88235294118	0.247054976215306	0.50057686647526	1.47675328376526	1.31520223169905	0.3027934423293	0.0205884698072358	-0.0104349938744952	9.46061962760303	FALSE
set6IT057	Furfuryl Alcohol 0.075 vol%	1/14/2015 PV4_ML1_set6	244	5369653	2913	3502640	3501346	470	720	1163.62445995347	0.258793587947066	0.298432430343907	1.36419382186437	1.31520223169905	0.16473973994664	0.0534816823777398	0.0204284045705251	5.0712089284533	TRUE
set6IT058	Sisomicin 0.004 mg/ml	1/14/2015 PV4_ML1_set6	245	4462480	2291	2934235	2929697	240	720	973.644732469259	0.136216891437505	1.39984705851931	2	1.31520223169905	0.0957954889732478	0.0238674103498507	0.0158350461583806	10.2617212008962	FALSE
set6IT059	Phosphomycin 0.12 mg/ml	1/14/2015 PV4_ML1_set6	246	4920478	2411	3193444	3192581	436	720	1061.01063476238	0.32322443492307	0.255278531056054	1.37899828038126	1.31520223169905	0.215618675596474	-0.0453210113618042	0.0179318588984074	5.0840416503951	TRUE
set6IT060	Phosphomycin 0.24 mg/ml	1/14/2015 PV4_ML1_set6	247	5207528	2215	3429668	3426557	407	720	1138.76935859089	0.324399967085169	0.343393228831716	1.37290165491114	1.31520223169905	0.239647186426287	-0.00339902590372689	0.0221670929422014	8.71829137475141	TRUE
set6IT061	Tetracycline 0.0002 mg/ml	1/14/2015 PV4_ML1_set6	248	4186996	2486	2716611	2715794	375	720	902.556995679628	0.262785540476842	0.236146602920915	1.35441959248072	1.31520223169905	0.214322055294114	0.0201142698683822	0.0183029786619677	4.07937597131101	TRUE
set6IT062	Tetracycline 0.0004 mg/ml	1/14/2015 PV4_ML1_set6	249	5567224	3009	3675706	3674721	448	720	1221.24327018943	0.319899504892818	0.24860735137385	1.34709867062227	1.31520223169905	0.263341022612544	0.00521887854172432	-0.00941947017573818	4.87799746081159	TRUE
set6IT063	LB	1/14/2015 PV4_ML1_set6	250	4990563	2857	3226774	3225657	449	720	1072.00299102692	0.271750093080337	0.243395205086753	1.34864017053612	1.31520223169905	0.283291205933353	-0.0296250813946904	0.0155889555581053	4.30198116037893	TRUE
set6IT064	Time0	1/14/2015 PV4_ML1_set6	251	4428553	1990	2848568	2847807	348	368	946.429710867398	0.0319240103221437	0.158119646894355	1.32412230830027	1.32192809488736	-0.0313758888026457	-0.0324121221136785	-0.0310364585048018	1.42587188980317	FALSE
set6IT065	Time0	1/14/2015 PV4_ML1_set6	252	4580286	2916	2944088	2943305	368	348	978.167165171153	0.0319240103221437	0.158119646894355	1.32192809488736	1.32412230830027	-0.0313758888026457	-0.0324121221136785	0.0310364585048018	1.71754178406545	FALSE
