name	short	t0set	num	nMapped	nPastEnd	nGenic	nUsed	gMed	gMedt0	gMean	cor12	mad12	mad12c	mad12c_t0	opcor	adjcor	gccor	maxFit	u
set1H3	m.b.  Nickel (II) chloride 1 mM	8/22/2013 Dino_ML3_set1	3	2294268	1976	1423388	1421259	100	167	445.955130216505	0.339508014544832	0.342119841220692	0.852615855934428	0.826567001681368	0.243543382168035	0.116403228231516	-0.20100493907757	3.87709510215763	FALSE
set1H4	m.b.  Cobalt chloride 0.1 mM	8/22/2013 Dino_ML3_set1	4	2185186	1825	1365924	1363797	90	167	427.925007844368	0.400036534228099	0.336786792628699	0.874469117916141	0.826567001681368	0.341858849387986	0.237831161677303	-0.240109231709598	4.02779571445571	FALSE
set1H5	m.b.  Cobalt chloride 0.5 mM	8/22/2013 Dino_ML3_set1	5	2049428	1898	1273365	1271389	85	167	398.929714465014	0.281133501555176	0.34339436922911	0.871485259477319	0.826567001681368	0.227424469909153	0.220480155603368	-0.192266618882437	3.60987226953953	TRUE
set1H6	m.b.  copper (II) chloride 0.32 mM	8/22/2013 Dino_ML3_set1	6	1993180	1630	1238188	1236239	89	167	387.900533417007	0.342585177282298	0.35142435193683	0.899734832855367	0.826567001681368	0.306711953054783	0.226137745509911	-0.218103238325617	4.07709946759269	FALSE
set1H7	m.b.  copper (II) chloride 0.64 mM	8/22/2013 Dino_ML3_set1	7	2373713	2016	1471187	1469044	108	167	460.948854722309	0.246204805974834	0.348218703119253	0.866733469136536	0.826567001681368	0.192660003228931	0.159482902364563	-0.172047092245623	3.10401285528786	TRUE
set1H8	m.b.  sodium fluoride 12.5 mM	8/22/2013 Dino_ML3_set1	8	2009536	2116	1252936	1251199	65	167	392.594603074992	0.450856127188118	0.346153670434519	0.864360660380342	0.826567001681368	0.392638530993033	0.269483411339385	-0.228525179894993	4.10947433376955	FALSE
set1H10	m.b.  Paraquat dichloride 0.015 mg/ml	8/22/2013 Dino_ML3_set1	10	2019029	1610	1258802	1256899	80	167	394.383118920615	0.472250388206839	0.341242340149789	0.840028556899779	0.826567001681368	0.456084387912487	0.329505640626168	-0.263966249730029	4.84268208671512	FALSE
set1H11	m.b.  Cisplatin 0.025 mg/ml	8/22/2013 Dino_ML3_set1	11	1547101	1312	963859	962572	53	167	302.030749921556	0.410212822669017	0.344503192446182	0.879705766282289	0.826567001681368	0.386174869013244	0.256693641028378	-0.196978443815197	2.93973431597375	FALSE
set1H12	m.b.  Cisplatin 0.05 mg/ml	8/22/2013 Dino_ML3_set1	12	1387198	1574	853485	852014	61	167	267.340445560088	0.0790312341885439	0.505906458106575	0.941007963484745	0.826567001681368	0.0894674560536723	-0.00162438987646272	-0.00697782011078011	3.5372535975188	FALSE
set1H13	m.b.  Zinc 0.3 mM	8/22/2013 Dino_ML3_set1	13	2256944	1912	1404090	1401958	92	167	439.898964543458	0.405735580922121	0.335303787415107	0.840163678661051	0.826567001681368	0.259916678587723	0.179467236303218	-0.223861210856208	4.60274499293606	FALSE
set1H14	marine broth	8/22/2013 Dino_ML3_set1	14	864573	816	541681	541043	27	167	169.76561029181	0.231516429160271	0.787308316882217	1.25128109686626	0.826567001681368	0.201887349830506	0.199267377657838	-0.116016135156222	4.521198454449	FALSE
set1H15	m.b.  nitrate 200 mM	8/22/2013 Dino_ML3_set1	15	1765894	1485	1101846	1100265	63	167	345.235331032319	0.463611986269281	0.351019265318329	0.865901944525214	0.826567001681368	0.403945262957711	0.2831291986147	-0.250238893099513	3.17960505898174	FALSE
set1H16	m.b.  nitrate 300 mM	8/22/2013 Dino_ML3_set1	16	1957539	1657	1214200	1212234	91	167	380.368371509256	0.232784145033137	0.353226454582903	0.837823628344903	0.826567001681368	0.226673717824219	0.145987051864982	-0.170402542781139	4.57842584273862	TRUE
set1H17	m.b.  Sisomicin 0.004 mg/ml	8/22/2013 Dino_ML3_set1	17	1985166	1680	1239334	1237738	73	167	388.370881706934	0.452194141519808	0.330999333976944	0.833429072331696	0.826567001681368	0.419999119724794	0.264273565308951	-0.241419138888084	3.22996995849358	FALSE
set1H19	m.b.  Chlorate 40 mM	8/22/2013 Dino_ML3_set1	19	1638462	1289	1023620	1022259	57	167	320.759021022906	0.355820307924185	0.460251223469596	0.975403048311546	0.826567001681368	0.302849083287465	0.243096592326397	-0.198636059240791	3.68317058163049	TRUE
set1H20	m.b.  Chlorite 0.5 mM	8/22/2013 Dino_ML3_set1	20	2087347	1705	1292478	1290323	115	167	404.87072481958	0.153219670161305	0.333371520635983	0.838431443215665	0.826567001681368	0.104276060940237	0.0404557867683974	-0.0467929198334045	2.92210122006304	TRUE
set1H21	m.b.  perchlorate 50 mM	8/22/2013 Dino_ML3_set1	21	1921893	1523	1198829	1196847	96	167	375.540320050204	0.325322002979772	0.356805313539173	0.865901944525214	0.826567001681368	0.292471243249557	0.118482913411303	-0.139355824316974	3.65690364874199	TRUE
set1H22	m.b.  Chloride 600 mM	8/22/2013 Dino_ML3_set1	22	1902351	1652	1185393	1183833	82	167	371.456855977408	0.396003571717601	0.337185028530291	0.839190267996087	0.826567001681368	0.332066356566321	0.317090749254242	-0.171417727507847	5.1942877751372	FALSE
set1H23	marine broth	8/22/2013 Dino_ML3_set1	23	1601435	1354	1002517	1001203	52	167	314.152180734233	0.440129496655015	0.404447229891199	0.92114457928876	0.826567001681368	0.417113271504897	0.348196791648933	-0.192138629719932	3.99919631156662	FALSE
set1H24	m.b.  Benzethonium chloride 0.008 mM	8/22/2013 Dino_ML3_set1	24	1287825	1149	798706	797523	59	167	250.242547850643	0.494211516162721	0.40520722484358	0.874469117916141	0.826567001681368	0.527587231144248	0.34410799607815	-0.0182299955896889	2.88957765865982	FALSE
set1H25	m.b.  Benzalkonium Chloride 0.0001 mg/ml	8/22/2013 Dino_ML3_set1	25	1333405	1024	826176	824604	85	167	258.73988076561	0.272951920053243	0.423809762248859	0.855329600145826	0.826567001681368	0.227209199586302	0.0755576925619964	0.0759587354762413	3.03148813393789	TRUE
set1H26	m.b.  Aluminum chloride 1 mM	8/22/2013 Dino_ML3_set1	26	809138	831	500032	499233	35	167	156.646689676812	0.316289905016287	0.494766596354297	0.940052619407253	0.826567001681368	0.376551682850167	0.193642048430809	0.0106044357368625	2.84021915352564	FALSE
set1H27	m.b.  benzoic 0.16 mg/ml	8/22/2013 Dino_ML3_set1	27	1278288	1176	792928	791596	66	167	248.382805145905	0.477450058319627	0.346194251901031	0.807354922057604	0.826567001681368	0.449627533845589	0.382977295091149	0.0920569675153635	3.42949740849356	FALSE
set1H28	m.b.  benzoic 0.32 mg/ml	8/22/2013 Dino_ML3_set1	28	1859748	1630	1157391	1155382	91	167	362.529651710072	0.221319226267856	0.316839565009236	0.843962189469465	0.826567001681368	0.202779900211607	0.0580287145886655	-0.125053384233752	4.60758434893441	TRUE
set1H29	m.b.  Bacitracin 0.16 mg/ml	8/22/2013 Dino_ML3_set1	29	1755638	1576	1075230	1072857	104	167	336.635393787261	0.270497778839176	0.311307590731875	0.834352717005334	0.826567001681368	0.225524099048046	0.166601885641958	0.204012319653292	4.80342115087724	FALSE
set1H30	m.b.  Fusidic 0.0002 mg/ml	8/22/2013 Dino_ML3_set1	30	1740798	1585	1082806	1081253	67	167	339.269846250392	0.339344606616614	0.363022901047482	0.877630121712003	0.826567001681368	0.303618337301621	0.199232212499453	-0.164698048291264	3.12415555505588	TRUE
set1H31	m.b.  Dimethyl Sulfoxide 5 vol%	8/22/2013 Dino_ML3_set1	31	2178537	1657	1354890	1352845	97	167	424.488547223094	0.390501894185572	0.318037934655904	0.860462118065026	0.826567001681368	0.330010309860191	0.269281750946058	-0.196580585377008	4.47105650123637	FALSE
set1H32	marine broth	8/22/2013 Dino_ML3_set1	32	1762546	1496	1088446	1085423	124	167	340.578286790085	0.335104447206627	0.376371597449304	0.839264988125935	0.826567001681368	0.362618451109808	0.324643183237328	0.309989728373512	4.67484895927265	FALSE
set1H33	m.b.  A22 0.01 mg/ml	8/22/2013 Dino_ML3_set1	33	2127129	1761	1323138	1320993	99	167	414.494195167869	0.393452338633669	0.333367793870302	0.834303224045199	0.826567001681368	0.428795484167836	0.239274524060928	-0.146983538336045	4.32673410112441	TRUE
set1H34	m.b.  A22 0.02 mg/ml	8/22/2013 Dino_ML3_set1	34	1914631	1553	1192841	1190899	93	167	373.673988076561	0.317620846166405	0.336677801464819	0.842450348319187	0.826567001681368	0.338877863371456	0.168804504235601	-0.124268489194489	3.73498240252515	TRUE
set1H35	m.b.  D-Cycloserine 0.016 mg/ml	8/22/2013 Dino_ML3_set1	35	1566539	1239	979372	977978	57	167	306.864763100094	0.363851469752089	0.497075493115482	1	0.826567001681368	0.383239928138712	0.297518013289137	-0.205204418819342	3.02672078271181	FALSE
set1H36	m.b.  Doxycycline hyclate 0.002 mg/ml	8/22/2013 Dino_ML3_set1	36	2068269	1610	1293126	1291259	75	167	405.164417947913	0.516255976906919	0.363165289125681	0.906890595608519	0.826567001681368	0.492734298675309	0.37704136177742	-0.275086522397168	3.30362914011442	FALSE
set1H37	marine broth	8/22/2013 Dino_ML3_set1	37	725455	595	456234	455644	26	167	142.969563853153	0.379349819252566	0.487181719311831	0.88416488253777	0.826567001681368	0.42563963212654	0.333197874717278	-0.133930122483621	3.52048416329615	FALSE
set1H38	Time0	8/22/2013 Dino_ML3_set1	38	809683	1480	498512	497654	54	113	156.151239410104	0.105415634768758	0.438145335873186	0.837988750552256	0.865076735264814	0.0344705526413414	0.0164135536435723	0.115247661641924	4.99668599005046	FALSE
set1H39	Time0	8/22/2013 Dino_ML3_set1	39	1905573	3301	1175786	1174419	113	54	368.502980859743	0.105415634768758	0.438145335873186	0.865076735264814	0.837988750552256	0.0344705526413414	0.0164135536435723	-0.115247661641924	4.73666816792113	FALSE
set1H40	m.b.  Thallium(I) acetate 0.001 mg/ml	8/22/2013 Dino_ML3_set1	40	1761318	1489	1110254	1108036	79	167	347.673674301851	0.289049562296332	0.448750803882082	0.874469117916141	0.826567001681368	0.203840272391694	0.162692376646229	-0.133075794127077	6.61134655144007	TRUE
set1H41	m.b.  Chloramphenicol 0.0002 mg/ml	8/22/2013 Dino_ML3_set1	41	1282706	1105	798172	796916	57	167	250.05208660182	0.279593727209692	0.430381468508592	0.885433000392249	0.826567001681368	0.275579128387527	0.203239820777901	-0.0428430189526231	2.99455533765345	TRUE
set1H42	m.b.  Tetracycline 0.006 mg/ml	8/22/2013 Dino_ML3_set1	42	1858390	1708	1154380	1152547	84	167	361.640100407907	0.339364277034944	0.353230685725647	0.858219731879868	0.826567001681368	0.282710083297417	0.237846746050582	-0.154819333673977	2.98816517744136	TRUE
set1H43	m.b.  Nalidixic 0.032 mg/ml	8/22/2013 Dino_ML3_set1	43	1139080	1259	695989	694826	24	167	218.018826482585	0.0996131676998103	0.552858351680343	1	0.826567001681368	0.129724387314657	-0.0432659409361857	0.147950542601617	3.59585677132282	FALSE
set1H44	m.b.  nitrite 0.6 mM	8/22/2013 Dino_ML3_set1	44	1289317	1102	796187	793993	91	167	249.134923125196	0.459326929590208	0.378309912968753	0.814781721626312	0.826567001681368	0.457471482196857	0.294803933114135	0.312453260998619	3.36013682626973	FALSE
set1H45	m.b.  nitrite 1 mM	8/22/2013 Dino_ML3_set1	45	2306496	1811	1448594	1446662	80	167	453.925949168497	0.577183934595027	0.35936137975935	0.884522782580064	0.826567001681368	0.522115529789059	0.31016031814038	-0.191090116750812	4.20921394362461	FALSE
set1H46	marine broth	8/22/2013 Dino_ML3_set1	46	1610106	1487	995278	992651	112	167	311.468779416379	0.381762277261216	0.385192840934252	0.806543050817772	0.826567001681368	0.362753062893745	0.312815486400395	0.330112026995	4.23120353171322	FALSE
set1H47	m.b.  2-Furfuraldehyde 0.016 vol%	8/22/2013 Dino_ML3_set1	47	1159468	930	723192	722243	44	167	226.621587700031	0.177217177054083	0.724574050775359	1.15589135557895	0.826567001681368	0.155446146949678	0.130418769511717	-0.099863372876027	3.81715843360977	FALSE
set1H48	m.b.  2-Furfuraldehyde 0.032 vol%	8/22/2013 Dino_ML3_set1	48	2118415	1645	1321615	1319895	71	167	414.149670536555	0.476862816136535	0.371061291421505	0.907733783922462	0.826567001681368	0.392386401237993	0.334182682715706	-0.239387329139005	3.95725273312507	FALSE
setAH14	Time0	6/6/2013 Marino_Dino_extra_set	97	1089685	1623	670910	669880	54	94	210.191402572953	0.0805022168621232	0.331424613798738	0.836501267717121	0.830074998557688	-0.0279066891416321	0.00459255033313347	-0.0824732453269321	2.41787513306966	FALSE
setAH15	Time0	6/6/2013 Marino_Dino_extra_set	98	1756303	2930	1083956	1082278	94	54	339.591465327895	0.0805022168621232	0.331424613798738	0.830074998557688	0.836501267717121	-0.0279066891416321	0.00459255033313347	0.0824732453269322	3.17738194735118	FALSE
setAH16	L-Lactate (C)	6/6/2013 Marino_Dino_extra_set	99	1799064	1829	1113038	1111260	73	147	348.685283966112	0.678530683060681	0.277711662363289	0.804327194458448	0.814712056502839	0.580863209409647	0.53411032979824	0.0758884614351622	2.72358639045581	FALSE
setAH17	D,L-Lactate (C)	6/6/2013 Marino_Dino_extra_set	100	1719473	1410	1053514	1050980	163	147	329.770944461876	0.783372940576563	0.277975143314348	0.783007442106185	0.814712056502839	0.755900785549446	0.642664148506146	0.414953072595224	5.08875339065134	FALSE
setAH18	pyruvate (C)	6/6/2013 Marino_Dino_extra_set	101	1854687	1888	1151132	1149429	71	147	360.66175086288	0.510184261958806	0.271250011467845	0.807354922057605	0.814712056502839	0.454056916353538	0.33262972525539	0.0171867190769565	2.38018249354018	FALSE
setAH19	succinate (C)	6/6/2013 Marino_Dino_extra_set	102	1506347	1386	923984	922310	89	147	289.397552557264	0.755092094243689	0.267836645189313	0.788495894806288	0.814712056502839	0.69786334327415	0.614780774559846	0.162357135652837	2.93701875620033	FALSE
setAH20	propionate (C)	6/6/2013 Marino_Dino_extra_set	103	887608	994	546418	545315	53	147	171.106055851898	0.0590980807853272	0.869605624289521	1.1926450779424	0.814712056502839	0.0347583155982218	0.0177952497836029	-0.00157089365291602	4.09467765195476	FALSE
setAH21	Xylitol (C)	6/6/2013 Marino_Dino_extra_set	104	1310191	1188	801185	799641	87	147	250.907122685912	0.116403305550789	0.627875401353127	1	0.814712056502839	0.110593321177801	0.117089280059196	0.0865884273570241	3.18878265666131	FALSE
setAH22	Glycerol (C)	6/6/2013 Marino_Dino_extra_set	105	1403141	1421	864614	863052	87	147	270.803890806401	0.112550777660699	0.670896992030962	1.03394733192334	0.814712056502839	0.00353233682481529	0.0424896815249509	0.0210687070494738	2.70492840758005	FALSE
setAH23	L-Malic (C)	6/6/2013 Marino_Dino_extra_set	106	2201955	2085	1357201	1355059	96	147	425.183244430499	0.255085200382213	0.323885077796519	0.857980995127572	0.814712056502839	0.196930268725053	0.163066168774873	-0.158900321488718	2.17791006950847	TRUE
setAH24	L-Glutamic (C)	6/6/2013 Marino_Dino_extra_set	107	2007555	1694	1227351	1224529	139	147	384.226231565736	0.499117971767376	0.309158122616109	0.851843316565888	0.814712056502839	0.513178954073641	0.367431325780394	0.275692369921122	4.00546975483536	FALSE
setAH25	casaminos (C)	6/6/2013 Marino_Dino_extra_set	108	2044722	1689	1248272	1244773	169	147	390.578286790085	0.727597143137978	0.259991157323678	0.790195894070103	0.814712056502839	0.721563613598737	0.602856581800025	0.365585965194435	3.63628555553733	FALSE
setAH28	m.b. 10C	8/22/2013	111	1731496	1287	1065191	1062089	141	167	333.256667712582	0.209556468030293	0.559118009693077	0.948952455974166	0.826567001681368	0.276848150906905	0.243892042567174	0.223946235851785	4.08225071808543	FALSE
setAH29	m.b. 10C	8/22/2013	112	1779931	1337	1098472	1096076	133	167	343.920928773141	0.143835769829367	0.503008224933307	0.906015704633538	0.826567001681368	0.138693069744797	0.0935630962277308	0.10576887832869	4.864713374786	FALSE
setAH30	m.b. 25C	8/22/2013	113	2040576	1943	1269807	1267673	116	167	397.763727643552	0.0597118523804292	0.471335669240149	0.946617827972567	0.826567001681368	0.032213522207019	0.076564783896294	-0.0503561342936728	3.69192996366262	FALSE
setAH32	m.b. 30C	8/22/2013	115	2403235	2096	1491467	1489081	117	167	467.235958581738	0.198968002386033	0.331365119479743	0.815575428862573	0.826567001681368	0.173718971781219	0.172470483325519	-0.0872695598373171	4.56762519281058	TRUE
setAH33	m.b. 30C	8/22/2013	116	2505366	2040	1548603	1546056	133	167	485.113272670223	0.0922221026533531	0.406036362442016	0.920180374252713	0.826567001681368	0.056328176312296	0.120886389330006	-0.070849159637049	3.06973825277739	FALSE
setAH34	m.b. 37C	8/22/2013	117	2194734	2124	1357913	1356051	82	167	425.494508942579	0.409047011667208	0.311271071550799	0.808750729321698	0.826567001681368	0.394485616311035	0.289343274270091	-0.143723099386161	3.70120763696016	FALSE
setAH35	m.b. 37C	8/22/2013	118	2220090	1919	1380658	1378881	83	167	432.657985566363	0.430821138649437	0.308954266692675	0.818084975533274	0.826567001681368	0.413436669398681	0.341714827120539	-0.240327492018039	2.53585157398316	FALSE
setAH36	Anaero. nitrate (e.a.), lactate (C)	8/22/2013	119	1230254	1397	753112	751111	79	167	235.679636021337	0.0189638697551717	0.753049128897953	1.09427515153267	0.826567001681368	-0.0175792943262916	-0.00804890821929236	0.0199235573684945	4.55711494210138	FALSE
setAH37	Anaero. nitrate (e.a.), marine broth	8/22/2013	120	1283279	1107	787428	785715	87	167	246.537496077816	0.250724783187434	0.438806441292543	0.893084796083488	0.826567001681368	0.236739162101334	0.185016788604179	0.136892495234494	3.89513258969568	TRUE
setAH38	Anaero. nitrate (e.a.), alphaketoglutaric (C)	8/22/2013	121	686472	867	417823	416895	50	167	130.811107624725	0.0685663225811227	0.722187164914146	1.04810765762965	0.826567001681368	0.0985462442480232	0.0565444971244316	0.079658728498474	4.75394448335498	FALSE
setBH25	Time0	10/23/2013 Phaeo_Dino_combined_set	122	1777337	8145	1091804	1089856	103	398	341.969250078444	0.0932907545402616	0.320874815202137	0.836501267717121	0.814125931274438	0.119993143958745	0.136155761066275	0.000728197539249327	2.18187720736454	FALSE
setBH26	Time0	10/23/2013 Phaeo_Dino_combined_set	123	1969700	5178	1219796	1217836	107	397	382.126137433323	-0.0217607888047954	0.317937344720908	0.788495894806288	0.827695281368077	0.0491083972267475	0.0792793637273227	-0.0543687898354813	2.33926524500146	FALSE
setBH27	m.b.  Cholin acetate 40 mM	10/23/2013 Phaeo_Dino_combined_set	124	1903746	2151	1176266	1173757	105	501	368.295262001883	0.272334641754038	0.331932192573222	0.844722087150966	0.8090119248934	0.154530532260054	0.145975164196466	-0.0294434032658245	4.08874717773313	TRUE
setBH28	m.b.  acetate 200 mM	10/23/2013 Phaeo_Dino_combined_set	125	1841631	1630	1141436	1139694	78	501	357.607154063382	0.315110945119368	0.262008434775952	0.830660270411657	0.8090119248934	0.242519251342861	0.188118010567357	-0.179828382380146	1.55042817545339	TRUE
setBH29	marine broth	10/23/2013 Phaeo_Dino_combined_set	126	2024457	1799	1262336	1260588	72	501	395.540633824914	0.508372391782352	0.261774357183105	0.851215569061929	0.8090119248934	0.510452335603208	0.396248695015697	-0.334524882354787	1.982266144567	FALSE
setBH30	m.b.  Cholin acetate 40 mM	10/23/2013 Phaeo_Dino_combined_set	127	1683475	1884	1042383	1040298	87	501	326.419203012237	0.282726159140419	0.357001651095916	0.857308409978197	0.8090119248934	0.224674376583207	-0.00845652227716293	-0.0413193012415041	4.13251086136488	TRUE
setBH32	marine broth	10/23/2013 Phaeo_Dino_combined_set	129	214870	235	130926	130609	14	501	40.981801066834	0.0534295147718242	1.54483591373656	1.58496250072116	0.8090119248934	-0.0194164340772719	0.0624794303794839	0.0788556205018571	5.82786600746261	FALSE
setBH33	m.b.  1-ethyl-3-methylimidazolium chloride 1 mM	10/23/2013 Phaeo_Dino_combined_set	130	2128535	1862	1333220	1331187	75	501	417.692814559147	0.570438522762442	0.260668803965395	0.830074998557688	0.8090119248934	0.538126754732937	0.462759978249647	-0.307921967110442	3.05172205219487	FALSE
setBH35	m.b.  L-Lysine 100 mM	10/23/2013 Phaeo_Dino_combined_set	132	1853435	1380	1148094	1145524	180	501	359.436460621274	0.806273530252269	0.268693823679155	0.805362288723768	0.8090119248934	0.80361055283028	0.760576746175754	0.473896144172197	3.15051632771047	FALSE
setBH37	m.b.  1-ethyl-3-methylimidazolium chloride 1 mM	10/23/2013 Phaeo_Dino_combined_set	134	1443255	1304	900647	899406	48	501	282.210856604958	0.482039863275799	0.299071589422366	0.845938852318834	0.8090119248934	0.474288442402626	0.317286074447211	-0.348229102966801	2.86841092368228	FALSE
setBH38	m.b.  L-Lysine 200 mM	10/23/2013 Phaeo_Dino_combined_set	135	1139394	1003	706175	705127	51	501	221.251019767807	0.166280451858549	0.323283990231091	0.869939459435627	0.8090119248934	0.161677408764143	0.138815426270453	-0.188925247800598	2.24305606286169	TRUE
setBH39	m.b.  L-Lysine 100 mM	10/23/2013 Phaeo_Dino_combined_set	136	2056571	1868	1278265	1276508	81	501	400.535927204267	0.419906383901522	0.249580031826901	0.859992314741811	0.8090119248934	0.467262380105215	0.292202561054992	-0.346497712748321	2.14029622600295	FALSE
setBH40	m.b. 	10/23/2013 Phaeo_Dino_combined_set	137	1639155	1454	1026892	1025527	48	501	321.784436774396	0.565401154770612	0.287750134725519	0.906890595608519	0.8090119248934	0.568783862350958	0.439531654482454	-0.329230063852852	2.21679923711583	FALSE
setBH41	Time0	10/23/2013 Phaeo_Dino_combined_set	138	1797525	4787	1112322	1110289	103	400	348.380608722937	0.0147259580727798	0.293893684557775	0.850262150720102	0.810809149485982	0.0318944448962796	0.0251624433327129	-0.0252999649315208	3.2039361489729	FALSE
setBH42	Time0	10/23/2013 Phaeo_Dino_combined_set	139	1657614	4779	1028136	1026444	91	411	322.072168183244	-0.0294620962968542	0.31032419574985	0.855144014302885	0.784524191513479	-0.00875982764915175	0.0421722088840774	-0.0640727731022163	2.93393272593879	FALSE
setBH43	Time0	10/23/2013 Phaeo_Dino_combined_set	140	1882208	4076	1165073	1163164	99	402	364.971446501412	0.0185206913449208	0.297975202392339	0.855716165887315	0.802820793894289	0.0406340644979271	0.0827032697428529	-0.113483266748097	1.95924668896754	FALSE
set3H1	Time0	2/27/2014 Dino_ML3_set3	141	2132470	1708	1308162	1304598	226	621	409.349858801381	0.0541704678998772	0.171537635240019	0.764860904632103	0.766434133646653	0.0567154277081105	0.0478646258425345	-0.0042659249458877	1.27877675205159	FALSE
set3H2	Time0	2/27/2014 Dino_ML3_set3	142	2190718	1594	1347030	1343381	232	617	421.51898336994	0.00498323947362518	0.174621244622045	0.789256799590304	0.75385668937365	-0.000614287284178461	-0.0285254384045869	-0.0283240023027411	1.27292108431359	FALSE
set3H3	Time0	2/27/2014 Dino_ML3_set3	143	1845883	1393	1132740	1129935	196	655	354.54502667085	0.0416196439148201	0.199530999145772	0.758991900496206	0.763654933381739	0.0232988991081271	0.0110211597926177	-0.0307150125455647	1.20556735106672	FALSE
set3H4	Time0	2/27/2014 Dino_ML3_set3	144	1858863	1478	1141008	1137938	196	653	357.056165673047	0.0185885739635599	0.187918949120983	0.785723847123338	0.75925003165675	0.00174326668757347	0.0350657637890816	0.0130837312114864	1.05582000981358	FALSE
set3H5	D-Glucose (C)	2/27/2014 Dino_ML3_set3	145	1944319	1484	1191666	1188597	204	850	372.951678694697	0.263007273327705	0.208373980726245	0.788186946757826	0.762128383114913	0.237244717304595	-0.0306836347076199	0.00326882737252618	2.04666465323138	TRUE
set3H6	Sucrose (C)	2/27/2014 Dino_ML3_set3	146	1787467	1417	1093842	1090950	179	850	342.312519610919	0.156033283413773	0.224134701735158	0.799701349514169	0.762128383114913	0.122588230431122	-0.00712300960592833	-0.0117368976566753	1.2821857340278	TRUE
set3H7	D-Maltose (C)	2/27/2014 Dino_ML3_set3	147	1704027	1212	1044980	1042187	176	850	327.011923438971	0.225092701391648	0.1951874294834	0.777050768508198	0.762128383114913	0.159965995666793	0.0678512605063452	0.0333132318041615	1.70950529713116	TRUE
set3H8	L-Rhamnose (C)	2/27/2014 Dino_ML3_set3	148	1745964	1453	1073351	1070502	166	850	335.89645434578	0.196884084944468	0.217019134956183	0.823122237915921	0.762128383114913	0.221339098494352	0.0607834918031406	0.0274552752684334	3.29521183421663	TRUE
set3H9	a-Ketoglutaric (C)	2/27/2014 Dino_ML3_set3	149	1471811	1018	902108	899675	158	850	282.295262001883	0.197592937284744	0.219948749540803	0.812278757972853	0.762128383114913	0.142405576510346	0.040872012241463	-0.0205941124636137	1.37955864730342	TRUE
set3H10	Fumarate (C)	2/27/2014 Dino_ML3_set3	150	1504654	1241	923298	920828	156	850	288.932538437402	0.248867556234147	0.200206368549813	0.795301118097073	0.762128383114913	0.198796032902217	0.0773298701105009	-0.0147387903806488	2.1658270923093	TRUE
set3H11	Trisodium citrate (C)	2/27/2014 Dino_ML3_set3	151	1294363	945	793397	791418	135	850	248.326953247568	0.158450931742986	0.194188854225599	0.804428083990286	0.762128383114913	0.0993324079208504	0.0199744299178748	-0.0163644666490805	1.21828327246056	TRUE
set3H12	D-Lactate (C)	2/27/2014 Dino_ML3_set3	152	1421792	1161	870215	867787	141	850	272.289614057107	0.167285909600167	0.217527454458269	0.816089832152344	0.762128383114913	0.0743691202328675	0.0171023194811329	-0.0107517469017669	2.13725391686106	TRUE
set3H13	L-Lactate (C)	2/27/2014 Dino_ML3_set3	153	1860263	1468	1154847	1151792	181	850	361.40320050204	0.219264647586474	0.207323029448989	0.797604921444787	0.762128383114913	0.240409227948067	0.0397284655617857	0.00232680485743818	3.1091553151329	TRUE
set3H14	D,L-Lactate (C)	2/27/2014 Dino_ML3_set3	154	1197156	917	734442	732485	118	850	229.835268277377	0.134547028695146	0.273714134327987	0.825859836689924	0.762128383114913	0.0525474398425103	0.0296892639088034	-0.00596360625798007	1.77362839429725	TRUE
set3H15	pyruvate (C)	2/27/2014 Dino_ML3_set3	155	1755667	1260	1069877	1066878	181	850	334.759334797615	0.141701957816312	0.204707140955936	0.790240891876717	0.762128383114913	0.131655565756423	0.0641721402169227	-0.00751974186724976	4.30475895472818	TRUE
set3H16	succinate (C)	2/27/2014 Dino_ML3_set3	156	1620954	1117	1049068	1046447	135	850	328.348603702542	0.219050617844154	0.245029069613058	0.834156009109472	0.762128383114913	0.181413368451561	0.0577740543633948	0.0106766594160137	6.42931460005945	TRUE
set3H17	propionate (C)	2/27/2014 Dino_ML3_set3	157	1581147	1377	969925	967363	150	850	303.534044556009	0.143598714888583	0.277467449729853	0.813466117834553	0.762128383114913	0.155754499164101	0.0535225325984122	0.00939933302067534	2.96040276845187	TRUE
set3H18	Xylitol (C)	2/27/2014 Dino_ML3_set3	158	1777125	1308	1086026	1083078	180	850	339.842485095701	0.135837129693354	0.242763496223003	0.807354922057604	0.762128383114913	0.121958213720598	0.0575876190436619	0.0264057892982188	1.50765761174673	TRUE
set3H19	oxalate (C)	2/27/2014 Dino_ML3_set3	159	1217512	1240	742000	740024	118	850	232.200815814245	0.0367313930357644	0.5431561067451	0.933895387959789	0.762128383114913	0.0388665255710072	0.0204865309013843	-0.0143880854729114	3.06698139577869	FALSE
set3H20	Glycerol (C)	2/27/2014 Dino_ML3_set3	160	1629439	1266	1000836	998172	165	850	313.201129588955	0.290283681802008	0.202481003171124	0.788495894806288	0.762128383114913	0.321880993884425	0.0598327515771095	0.0102858179470344	2.0994757417182	TRUE
set3H21	L-Malic (C)	2/27/2014 Dino_ML3_set3	161	1322353	913	811234	809100	144	850	253.875117665516	0.207365964715992	0.202736002172385	0.793549122532573	0.762128383114913	0.197709946149511	0.11656049680486	-0.00011900510809255	1.40174205922079	TRUE
set3H22	D-Trehalose (C)	2/27/2014 Dino_ML3_set3	162	1543428	1158	947803	945338	160	850	296.62315657358	0.16414210827723	0.270338476898311	0.813292165733452	0.762128383114913	0.195532237658524	0.0387845713241436	0.0255612948624455	1.63175703565355	TRUE
set3H23	L-Glutamic (C)	2/27/2014 Dino_ML3_set3	163	1208363	761	743024	741201	134	850	232.570128647631	0.180025846551121	0.199067675199562	0.81143481673062	0.762128383114913	0.162038772748723	0.111912299907913	-0.0069520340654936	1.06914302795764	TRUE
set3H24	L-Glutamine (C)	2/27/2014 Dino_ML3_set3	164	1518116	1218	936554	933927	144	850	293.042673360527	0.258649806197565	0.220974139849128	0.807743683867308	0.762128383114913	0.186313573752871	0.0676210077024149	0.0257732191270842	5.07909968562164	TRUE
set3H25	casaminos (C)	2/27/2014 Dino_ML3_set3	165	1867383	1550	1147892	1144564	183	850	359.135236899906	0.252270792642096	0.207711074903899	0.79624772909627	0.762128383114913	0.193089450595709	0.0690690651413547	0.0132651980990669	1.74756440283879	TRUE
set3H26	D-Glucose (C)	2/27/2014 Dino_ML3_set3	166	2140391	1665	1314999	1311759	215	850	411.59679949796	0.268623948588371	0.181627522781721	0.777607578663552	0.762128383114913	0.237071029578363	0.0403232162529111	0.0207771548284345	2.03269486082172	TRUE
set3H27	Sucrose (C)	2/27/2014 Dino_ML3_set3	167	1667160	1258	1020174	1017636	160	850	319.308440539693	0.150202492486575	0.211728546005524	0.782408564927374	0.762128383114913	0.145259865389217	0.0810288264208231	-0.00934613708546396	1.05081593592476	TRUE
set3H28	D-Maltose (C)	2/27/2014 Dino_ML3_set3	168	1569729	1198	963075	960676	154	850	301.435833071854	0.171526092670444	0.183228587904263	0.780120097287022	0.762128383114913	0.169832147451735	0.0886732365265465	0.0193199044602685	1.26848691061707	TRUE
set3H29	L-Rhamnose (C)	2/27/2014 Dino_ML3_set3	169	1708508	1397	1045852	1043033	170	850	327.277376843426	0.199381381283075	0.196895447868523	0.793337304143019	0.762128383114913	0.176899307030394	0.0517405827259636	-0.00821668527221861	1.95592593068656	TRUE
set3H30	a-Ketoglutaric (C)	2/27/2014 Dino_ML3_set3	170	1881369	1290	1156902	1153952	206	850	362.080953875118	0.20296734611433	0.174269973480926	0.796015233392352	0.762128383114913	0.170777818262611	0.108814208091028	-0.00357287935805052	1.22912678050138	TRUE
set3H31	Fumarate (C)	2/27/2014 Dino_ML3_set3	171	1765704	1407	1085024	1082049	182	850	339.51961091936	0.269909379792407	0.185924681968079	0.794622808154555	0.762128383114913	0.180239555542901	0.0397550730230494	-0.00367347734887974	2.00740749969414	TRUE
set3H32	Trisodium citrate (C)	2/27/2014 Dino_ML3_set3	172	1760884	1238	1081395	1078680	192	850	338.462503922184	0.191644748977344	0.176522719482569	0.785205139441579	0.762128383114913	0.166009765605018	0.0449332020394155	0.00905289594713944	1.18800506591583	TRUE
set3H33	D-Lactate (C)	2/27/2014 Dino_ML3_set3	173	1171200	1015	720586	718601	111	850	225.478820207091	0.176900698254025	0.23494268899753	0.793035162565945	0.762128383114913	0.162170633940294	0.0737523321329461	0.0198009470067154	2.32031967334029	TRUE
set3H34	L-Lactate (C)	2/27/2014 Dino_ML3_set3	174	1544591	1261	959088	956449	149	850	300.109507373706	0.23239673890864	0.184397306018791	0.80059854085964	0.762128383114913	0.203574640774599	0.0375081666075522	-0.00317488876084426	3.67186012543385	TRUE
set3H35	D,L-Lactate (C)	2/27/2014 Dino_ML3_set3	175	1523075	1190	937325	934679	150	850	293.278631942265	0.14643608680852	0.230328842707887	0.830074998557688	0.762128383114913	0.11359560355399	-0.0135762005504429	-0.00897547495520686	2.48937388199703	TRUE
set3H36	pyruvate (C)	2/27/2014 Dino_ML3_set3	176	1497217	1092	913872	911241	148	850	285.924380294948	0.155856668062358	0.215912910029777	0.793604025359016	0.762128383114913	0.139097771028058	0.00329658883005982	-0.0358063087076356	4.40046044444373	TRUE
set3H37	succinate (C)	2/27/2014 Dino_ML3_set3	177	1388751	1187	851987	849690	127	850	266.611233134609	0.195340716725389	0.269196467915024	0.815135890670287	0.762128383114913	0.209640299370901	0.0417925931091273	-0.0381367457625395	2.4007157840419	TRUE
set3H38	propionate (C)	2/27/2014 Dino_ML3_set3	178	1111933	969	681696	679864	106	850	213.32412927518	0.178004058541775	0.25147090014528	0.807354922057604	0.762128383114913	0.145600816645431	0.0395545063539704	-0.0165442008852269	2.57445137227602	TRUE
set3H39	Xylitol (C)	2/27/2014 Dino_ML3_set3	179	2297573	1901	1407145	1403502	230	850	440.383432695325	0.162643665968642	0.233488239742073	0.793608125993369	0.762128383114913	0.133842464916386	0.0629875715900475	0.0163277817057696	1.76292789611727	TRUE
set3H40	oxalate (C)	2/27/2014 Dino_ML3_set3	180	818744	801	499394	497847	78	850	156.211797929087	0.0109221753621729	0.716900505159469	1.03224134346234	0.762128383114913	0.0307447005944652	0.0417977088611477	-0.0406944266329592	2.72595139242929	FALSE
set3H41	Glycerol (C)	2/27/2014 Dino_ML3_set3	181	1623952	1196	998573	996069	164	850	312.541261374333	0.258937636121698	0.192791923606346	0.796466605914868	0.762128383114913	0.26511592418735	0.179956028435276	-0.013345749705393	2.21143287711771	TRUE
set3H42	L-Malic (C)	2/27/2014 Dino_ML3_set3	182	1108135	778	681200	679511	118	850	213.213366802636	0.187112365055588	0.212012316086353	0.807354922057604	0.762128383114913	0.188313237374343	0.0278732967404184	-0.0316988800174465	1.12106302374803	TRUE
set3H43	D-Trehalose (C)	2/27/2014 Dino_ML3_set3	183	1435829	1169	881683	879445	147	850	275.94759962347	0.135383122341738	0.230205533481454	0.793486893239814	0.762128383114913	0.172075536572878	0.0168020302004537	-0.0036869961891095	1.24898083248759	TRUE
set3H44	L-Glutamic (C)	2/27/2014 Dino_ML3_set3	184	1665638	1163	1023426	1020760	180	850	320.288672732978	0.222610655978166	0.181270258019228	0.800923288969817	0.762128383114913	0.247438788327785	0.0881262123362902	-0.0270920809321266	1.16484184337279	TRUE
set3H45	L-Glutamine (C)	2/27/2014 Dino_ML3_set3	185	1803124	1399	1111037	1107829	175	850	347.608722936931	0.270096241294875	0.204929876796341	0.790847393443623	0.762128383114913	0.18922714472245	0.100821850488437	0.0320190586350444	4.79934954306668	TRUE
set3H46	casaminos (C)	2/27/2014 Dino_ML3_set3	186	1284993	1026	787792	785640	129	850	246.513962974584	0.183918280634287	0.215704256355325	0.77553927794102	0.762128383114913	0.219004751769275	0.0470046114251426	-0.00956837340628775	1.78177341254045	TRUE
set3H47	m.b.  Nickel (II) chloride 1 mM	2/27/2014 Dino_ML3_set3	187	1901502	1532	1165995	1162628	191	850	364.803263256981	0.240274183565191	0.189905025452707	0.812501430461253	0.762128383114913	0.143551618550899	-0.0367342034447496	0.00816434773773121	2.73578874808083	TRUE
set3H48	m.b.  Nickel (II) chloride 1 mM	2/27/2014 Dino_ML3_set3	188	1489591	1166	912739	909923	151	850	285.510825227487	0.185411781678002	0.238052695359861	0.784501661020748	0.762128383114913	0.150163125362945	0.0909740078289396	0.0358411106159822	2.68528433936161	TRUE
set4IT001	Time0	2/27/2014 Dino_ML3_set4	189	825901	791	509490	508314	84	100	159.496077816128	0.0268355201311141	0.224521517017922	0.754123767290172	0.798231546513429	-0.0581413930846073	0.0174941343905041	0.00207290406563368	1.7038357885482	FALSE
set4IT002	Time0	2/27/2014 Dino_ML3_set4	190	983739	856	606873	605406	100	84	189.96109193599	0.0268355201311141	0.224521517017922	0.798231546513429	0.754123767290172	-0.0581413930846073	0.0174941343905041	-0.00207290406563363	2.23536496459162	FALSE
set4IT003	m.b.  Cobalt chloride 0.1 mM	2/27/2014 Dino_ML3_set4	191	1002335	771	616994	615239	97	186	193.046438657044	0.108079930418622	0.224723461490414	0.778290349675667	0.772812176385328	0.089308342918526	0.0349483952673322	-0.0271488428704172	2.27039964296661	TRUE
set4IT004	m.b.  Cobalt chloride 0.5 mM	2/27/2014 Dino_ML3_set4	192	879709	744	541017	539634	80	186	169.323501725761	0.0911278777282812	0.244746596532417	0.765761620879847	0.772812176385328	0.0933198645951024	-0.0683245605226854	-0.0122405939373233	1.25393597419774	FALSE
set4IT005	m.b.  copper (II) chloride 0.32 mM	2/27/2014 Dino_ML3_set4	193	1010646	803	622889	621387	103	186	194.975525572639	0.14278203637824	0.211548344322044	0.785875194647152	0.772812176385328	0.141430856798208	-0.0282284745241452	0.00307810504449974	1.55820677508758	TRUE
set4IT006	m.b.  copper (II) chloride 0.64 mM	2/27/2014 Dino_ML3_set4	194	1125605	840	692133	690535	114	186	216.672419203012	0.110569573275902	0.225504889250409	0.786722328932099	0.772812176385328	0.179628960263907	0.0735719005407457	0.0190972944271362	1.52577313434451	TRUE
set4IT007	m.b.  Paraquat dichloride 0.015 mg/ml	2/27/2014 Dino_ML3_set4	195	969205	796	599657	598073	96	186	187.660181989332	0.243410015106074	0.236871056211125	0.788495894806288	0.772812176385328	0.189647472434605	0.0195473224860118	-0.0361135759897799	4.80824262639206	TRUE
set4IT008	m.b.  Cisplatin 0.025 mg/ml	2/27/2014 Dino_ML3_set4	196	930909	772	572121	570673	85	186	179.062754941952	0.124655557849801	0.234534390161701	0.790980006279816	0.772812176385328	0.092754032025039	0.0225413086933986	-0.0384087674031703	1.65586883908373	TRUE
set4IT009	m.b.  Cisplatin 0.05 mg/ml	2/27/2014 Dino_ML3_set4	197	1892033	1564	1171148	1168342	154	186	366.596171948541	0.197702595259405	0.248395655155196	0.822107289403362	0.772812176385328	0.173977209930353	0.0152691957989468	-0.0202662138920802	2.81631758738777	TRUE
set4IT010	m.b.  Zinc 0.3 mM	2/27/2014 Dino_ML3_set4	198	1986630	1591	1224362	1221552	181	186	383.292124254785	0.101263988505422	0.208418820165111	0.777206718680775	0.772812176385328	0.127535439202995	0.104271388611563	0.0158716437733712	1.38590365109794	TRUE
set4IT011	marine broth	2/27/2014 Dino_ML3_set4	199	1880050	1469	1153000	1149727	184	186	360.755255726388	0.101968558333124	0.21503619098111	0.761760791346776	0.772812176385328	0.102816948694513	0.00302646094239723	-0.0199911529622569	2.19352200394524	TRUE
set4IT012	m.b.  nitrate 200 mM	2/27/2014 Dino_ML3_set4	200	2260617	1718	1393583	1390212	226	186	436.213366802636	0.169495425825779	0.195881308800966	0.768709378366207	0.772812176385328	0.150982221505095	0.0195949137550243	-0.0177331111661925	1.52736890511235	TRUE
set4IT013	m.b.  nitrate 300 mM	2/27/2014 Dino_ML3_set4	201	1934819	1348	1196336	1193487	191	186	374.486037025416	0.168961597371064	0.214076974924427	0.797207635361873	0.772812176385328	0.178232952507209	0.0343127851727629	0.0141113232371453	2.77783624663566	TRUE
set4IT014	m.b.  Chlorate 40 mM	2/27/2014 Dino_ML3_set4	202	1947522	1388	1198500	1195321	199	186	375.061499843113	0.184125841155081	0.197731504120498	0.783586593638814	0.772812176385328	0.166222161110252	0.019631579404516	0.00922175490622053	1.72213649254742	TRUE
set4IT015	m.b.  Chlorite 0.5 mM	2/27/2014 Dino_ML3_set4	203	2194897	1593	1347549	1344145	229	186	421.758707248196	0.152427694239491	0.193391855817771	0.786520267463915	0.772812176385328	0.176918182903842	-0.00173002168091221	0.0243751216164361	1.97695728947579	TRUE
set4IT016	m.b.  perchlorate 50 mM	2/27/2014 Dino_ML3_set4	204	2291921	1729	1421097	1417341	240	186	444.725760903671	0.252516631777036	0.204379724515599	0.761526701609059	0.772812176385328	0.252406912218612	-0.00110772184898716	0.0233085148804956	3.85621698264083	TRUE
set4IT017	m.b.  Chloride 600 mM	2/27/2014 Dino_ML3_set4	205	2127153	1616	1306690	1303507	216	186	409.007530593034	0.134390590590388	0.194332601106832	0.785638792805182	0.772812176385328	0.125092464453189	-0.00206191741251253	0.00149335586070106	1.46954370541512	TRUE
set4IT018	marine broth	2/27/2014 Dino_ML3_set4	206	1933424	1540	1187359	1184232	193	186	371.582052086602	0.146131226456361	0.204211815136659	0.779060444251257	0.772812176385328	0.157350578274251	0.102920577015734	-0.0263367091210214	1.96334047433303	TRUE
set4IT019	m.b.  Benzethonium chloride 0.008 mM	2/27/2014 Dino_ML3_set4	207	2152444	1542	1331647	1328324	220	186	416.794477565108	0.224034872219712	0.338227707332432	0.864907740103318	0.772812176385328	0.24371155324422	0.0341169902378414	-0.0291459353603668	3.86628317516149	TRUE
set4IT020	m.b.  benzoic 0.16 mg/ml	2/27/2014 Dino_ML3_set4	208	2096742	1583	1290357	1287202	219	186	403.891433950424	0.192285696283969	0.20334827367609	0.768429389335235	0.772812176385328	0.184196391602047	0.0251962453336386	-0.00834537973260404	2.05732099594087	TRUE
set4IT021	m.b.  Cobalt chloride 0.1 mM	2/27/2014 Dino_ML3_set4	209	2087269	1542	1286236	1282849	211	186	402.525572638845	0.171598506857347	0.193663661168087	0.783620235179419	0.772812176385328	0.198921169023863	0.115408586395637	-0.00503094317245022	1.80585840990567	TRUE
set4IT022	m.b.  Cobalt chloride 0.5 mM	2/27/2014 Dino_ML3_set4	210	2022283	1599	1244235	1241095	193	186	389.424223407593	0.107986493440996	0.210035548739014	0.789656910409507	0.772812176385328	0.0988052790058341	0.0500452951715778	0.00965592587739419	1.58635077505591	TRUE
set4IT023	m.b.  copper (II) chloride 0.32 mM	2/27/2014 Dino_ML3_set4	211	1845342	1361	1136214	1133537	191	186	355.6752431754	0.124518038015193	0.1999725403406	0.761004312971449	0.772812176385328	0.125733037029277	0.0407121838921983	0.0130846076999941	1.60406075496924	TRUE
set4IT024	m.b.  copper (II) chloride 0.64 mM	2/27/2014 Dino_ML3_set4	212	1867269	1387	1148797	1146130	190	186	359.626608095387	0.117681832931123	0.210031886091609	0.799591722079303	0.772812176385328	0.167155072518172	0.0190431131102303	0.00157895700027853	1.58213068343888	TRUE
set4IT025	m.b.  Paraquat dichloride 0.015 mg/ml	2/27/2014 Dino_ML3_set4	213	2135260	1546	1313729	1310325	218	186	411.146846564167	0.211764050338478	0.201417941842796	0.77602393912421	0.772812176385328	0.236683165417107	0.06837053340999	-0.0148713105670495	1.97587025531989	TRUE
set4IT026	m.b.  Cisplatin 0.025 mg/ml	2/27/2014 Dino_ML3_set4	214	1890048	1552	1161934	1159100	176	186	363.696266080954	0.143416703745663	0.209913426313262	0.783339936935968	0.772812176385328	0.116087267565202	0.0180833958435422	-0.0294357993293278	1.31485638149998	TRUE
set4IT027	m.b.  Cisplatin 0.05 mg/ml	2/27/2014 Dino_ML3_set4	215	1965121	1526	1215132	1212312	169	186	380.392845936618	0.199084692448078	0.238031557827714	0.783100007607149	0.772812176385328	0.172120276661505	0.0420213993207398	-0.0213317904237019	2.00669116439714	TRUE
set4IT028	m.b.  Zinc 0.3 mM	2/27/2014 Dino_ML3_set4	216	2154579	1649	1327443	1324314	210	186	415.536240978977	0.10728533318568	0.203886656554962	0.793802355227183	0.772812176385328	0.13646730076069	0.0396493386121249	0.00303065705417015	1.55928377057395	TRUE
set4IT029	marine broth	2/27/2014 Dino_ML3_set4	217	2192829	1677	1345684	1342111	222	186	421.120489488547	0.141963884703494	0.190861113924948	0.780734399027109	0.772812176385328	0.139971224145421	0.060942173587629	-0.0115442348382872	1.68381504906007	TRUE
set4IT030	m.b.  nitrate 200 mM	2/27/2014 Dino_ML3_set4	218	2113926	1505	1303144	1299867	217	186	407.865390649514	0.151810073488713	0.197112713597789	0.767069016434148	0.772812176385328	0.20307841594706	0.0843179406314315	0.00469785339916812	1.47191823240911	TRUE
set4IT031	m.b.  nitrate 300 mM	2/27/2014 Dino_ML3_set4	219	2257732	1658	1393603	1390135	229	186	436.189206149984	0.187887948131941	0.188160966396028	0.766187418973724	0.772812176385328	0.188321479600263	0.00275790902084063	0.005009729303122	1.81579358006914	TRUE
set4IT032	m.b.  Chlorate 40 mM	2/27/2014 Dino_ML3_set4	220	2225165	1555	1369965	1366462	230	186	428.761217445874	0.166950400454899	0.195923408187036	0.788908447016815	0.772812176385328	0.163237170175099	0.1404130609402	0.00817225073718886	1.3424572479899	TRUE
set4IT033	m.b.  Chlorite 0.5 mM	2/27/2014 Dino_ML3_set4	221	2061475	1439	1269327	1266287	214	186	397.328835895827	0.165648257614119	0.197655462867413	0.792491827381238	0.772812176385328	0.166168872656986	0.0728631588552792	0.00431665770132392	2.28312366412866	TRUE
set4IT034	m.b.  perchlorate 50 mM	2/27/2014 Dino_ML3_set4	222	2310384	1657	1429895	1426154	247	186	447.491057420772	0.23357899879344	0.213678953269897	0.771854130787458	0.772812176385328	0.201500720271931	0.0255224489748728	-0.00372927626618435	3.70921026002468	TRUE
set4IT035	m.b.  Chloride 600 mM	2/27/2014 Dino_ML3_set4	223	2252846	1620	1384159	1380894	229	186	433.289614057107	0.147436082758874	0.190774244306031	0.77788842255281	0.772812176385328	0.125185492389579	0.00492956256980755	0.00652934515426812	1.23462701911698	TRUE
set4IT036	marine broth	2/27/2014 Dino_ML3_set4	224	2102522	1634	1290202	1286711	211	186	403.737370567932	0.135640050681239	0.209706843126122	0.78268966417901	0.772812176385328	0.171813339877756	0.108015505477817	-0.0321160621863222	1.64594465904377	TRUE
set4IT037	m.b.  Benzethonium chloride 0.008 mM	2/27/2014 Dino_ML3_set4	225	1983589	1338	1226963	1223926	197	186	384.037025415751	0.250799569629777	0.289164655879493	0.820661918359891	0.772812176385328	0.211240115908995	0.0881839673633426	-0.00585490981821865	3.14062158799452	TRUE
set4IT038	m.b.  benzoic 0.16 mg/ml	2/27/2014 Dino_ML3_set4	226	2285569	1622	1407934	1404557	236	186	440.71446501412	0.214841747300397	0.188837770514076	0.776450645744429	0.772812176385328	0.156964087769897	0.0288768015862793	0.000689857916046074	1.41331089270102	TRUE
set4IT039	Time0	5/14/2014 Dino_ML3_set4	227	2187465	1724	1349530	1346222	227	241	422.410417320364	-0.00382493874612306	0.181409510077059	0.768291629020506	0.787045218418966	0.0105485928976927	-0.0776247171693933	-0.0105944501253825	1.59921570398613	FALSE
set4IT040	Time0	5/14/2014 Dino_ML3_set4	228	2304206	1957	1423670	1420066	241	227	445.580796987763	-0.00382493874612306	0.181409510077059	0.787045218418966	0.768291629020506	0.0105485928976927	-0.0776247171693933	0.0105944501253825	1.29179169598298	FALSE
set4IT041	L-Glutamic (N)	5/14/2014 Dino_ML3_set4	229	2060153	1655	1269711	1266345	205	466	397.347034828993	0.16562716010669	0.195190364526867	0.785001093220192	0.780103776422031	0.132609908244576	0.0138923456876196	0.0129245922195998	2.44486567165136	TRUE
set4IT042	L-Glutamine (N)	5/14/2014 Dino_ML3_set4	230	2006972	1516	1230340	1227231	201	466	385.074050831503	0.215302672173779	0.163880031149025	0.783124729872982	0.780103776422031	0.157316763158995	-0.00845597095270203	-0.0243218537059172	1.0266324165198	TRUE
set4IT043	L-Alanine (N)	5/14/2014 Dino_ML3_set4	231	1964995	1574	1206295	1202915	192	466	377.444304989018	0.204543918437888	0.204114651804875	0.780686971595524	0.780103776422031	0.117449368620207	-0.101719076727055	-0.0113615103183208	1.46183598713064	TRUE
set4IT044	L-Leucine (N)	5/14/2014 Dino_ML3_set4	232	1979891	1644	1209779	1206240	186	466	378.487605898965	0.22919887133142	0.183570139432578	0.778131928123613	0.780103776422031	0.160145197015427	-0.0881537005218261	0.00418345262376952	1.45253058983357	TRUE
set4IT045	L-Methionine (N)	5/14/2014 Dino_ML3_set4	233	1958052	1659	1192094	1188343	184	466	372.871979918419	0.231070953211287	0.180762512288169	0.784271308944563	0.780103776422031	0.176706551392853	0.0431913443363991	0.000560789267143514	1.15107938328719	TRUE
set4IT046	L-Citrulline (N)	5/14/2014 Dino_ML3_set4	234	1938130	1645	1187529	1184107	185	466	371.542830247882	0.201228481632041	0.180554641317154	0.793549122532573	0.780103776422031	0.20373362322929	-0.0511346290375476	0.00323732912701833	1.62886341355724	TRUE
set4IT047	Parabanic Acid (N)	5/14/2014 Dino_ML3_set4	235	1867120	1540	1143633	1140758	174	466	357.941010354565	0.243797946738076	0.184756469557851	0.780565757753657	0.780103776422031	0.194269006440932	0.00332712563262665	-0.0250635987995275	1.29899664254158	TRUE
set4IT048	Adenosine (N)	5/14/2014 Dino_ML3_set4	236	2039292	1609	1258073	1254752	201	466	393.709444618764	0.194009992253721	0.170713160653236	0.790619113398535	0.780103776422031	0.21432265847309	-0.00217375036127074	0.00214273026809329	2.76778337409209	TRUE
set5IT049	Time0	5/14/2014 Dino_ML3_set5	237	1861258	1632	1148788	1145845	197	222	359.537182303106	-0.00794266985098645	0.199880245184305	0.759334979640755	0.77312655331536	-0.00857132823993138	-0.0106334647455371	0.0128980431951497	1.94656019440309	FALSE
set5IT050	Time0	5/14/2014 Dino_ML3_set5	238	2117478	1735	1307185	1303842	222	197	409.112645120803	-0.00794266985098645	0.199880245184305	0.77312655331536	0.759334979640755	-0.00857132823993138	-0.0106334647455371	-0.0128980431951497	1.06446950508598	FALSE
set5IT051	Adenine (N)	5/14/2014 Dino_ML3_set5	239	2058063	1547	1263563	1260452	204	420	395.497960464387	0.192174375862583	0.174041222059234	0.792155057325377	0.763468341418833	0.190660021507865	0.00513594045567765	0.00558153116828355	0.987019917678548	TRUE
set5IT052	Uridine (N)	5/14/2014 Dino_ML3_set5	240	1755171	1479	1072876	1069695	164	420	335.643238155005	0.215373071500158	0.184972076506618	0.788775000060474	0.763468341418833	0.1482591654195	-0.0266388984932139	0.00919402823940266	2.04170946648867	TRUE
set5IT053	Inosine (N)	5/14/2014 Dino_ML3_set5	241	1955470	1491	1204564	1201447	196	420	376.983683715093	0.17170692951579	0.205722310329148	0.794364665322038	0.763468341418833	0.169648444104344	0.0458407983436215	0.0100856033927046	1.42085275082315	TRUE
set5IT054	Cytidine (N)	5/14/2014 Dino_ML3_set5	242	2061252	1632	1268343	1264923	196	420	396.900847191716	0.159978844811273	0.20863418855693	0.811541825036274	0.763468341418833	0.163469807244989	0.0119304243807546	0.018776484607889	2.44509709546535	TRUE
set5IT055	Thymine (N)	5/14/2014 Dino_ML3_set5	243	1847284	1639	1127649	1124506	165	420	352.841543771572	0.197386569740701	0.194719957376761	0.77954566901011	0.763468341418833	0.212505222120174	0.0853641392159793	0.0261850602995209	1.78997110988957	TRUE
set5IT056	Cytosine (N)	5/14/2014 Dino_ML3_set5	244	1901771	1496	1179386	1176486	173	420	369.151553184813	0.186576539174246	0.23857129606488	0.792616473441009	0.763468341418833	0.209840055299112	-0.017654684852573	0.0304825010752408	4.19599804264273	TRUE
set5IT057	Glucuronamide (N)	5/14/2014 Dino_ML3_set5	245	1798737	1375	1112371	1109598	169	420	348.163790398494	0.188918986383393	0.212768889142463	0.7966261157557	0.763468341418833	0.111939940684082	-0.0402952280626896	0.017561139392155	3.27526323543833	TRUE
set5IT058	Ammonium chloride (N)	5/14/2014 Dino_ML3_set5	246	1877135	1529	1163773	1160660	179	420	364.185754628177	0.167407684134106	0.204966013742273	0.78933442732785	0.763468341418833	0.152846119033444	0.012365390993275	0.0210302133050937	3.73432190392357	TRUE
set5IT059	nitrate (N)	5/14/2014 Dino_ML3_set5	247	1787520	1659	1103519	1100597	159	420	345.339504235959	0.208278451214122	0.22007331921235	0.805932846988407	0.763468341418833	0.205929839621924	0.0606519675379805	0.0196863282397346	3.71226566018519	TRUE
set5IT060	Urea (N)	5/14/2014 Dino_ML3_set5	248	1716244	1467	1057331	1054696	153	420	330.936931283339	0.224319749588651	0.209212615773183	0.781884139226017	0.763468341418833	0.165337701782689	0.0266524841887833	-0.00953392919737573	2.22543703140127	TRUE
set5IT061	L-Aspartic Acid (N)	5/14/2014 Dino_ML3_set5	249	1595029	1246	980208	977752	152	420	306.793850015689	0.222570025033036	0.215806356316769	0.816295512030737	0.763468341418833	0.216047738403268	0.0691709993799695	0.00182802335616097	1.78348760113045	TRUE
set5IT062	L-Glutamic (N)	5/14/2014 Dino_ML3_set5	250	2138406	1653	1316029	1312579	211	420	411.854094759962	0.150949147744632	0.201165083006002	0.810809762439853	0.763468341418833	0.130041697537566	0.0283232796717327	0.00307538579795951	1.87354930117385	TRUE
set5IT063	L-Glutamine (N)	5/14/2014 Dino_ML3_set5	251	2045807	1530	1254187	1250966	206	420	392.521493567618	0.177828532809	0.183718280681569	0.781909588865588	0.763468341418833	0.167551054915928	0.0673371380094442	-0.0045225955009453	0.891968004019843	TRUE
set5IT064	L-Alanine (N)	5/14/2014 Dino_ML3_set5	252	1743270	1394	1070915	1068078	168	420	335.135864449325	0.180102609250358	0.205410576415403	0.80799469817089	0.763468341418833	0.143651403225537	-0.0253795723432411	0.0108287091346666	1.35271968803769	TRUE
set5IT065	L-Leucine (N)	5/14/2014 Dino_ML3_set5	253	1685844	1378	1029533	1026545	158	420	322.10385942893	0.191877649669232	0.194332779372123	0.791652591429191	0.763468341418833	0.121616325830144	0.0206680806992145	0.00331213450029659	1.33322104613001	TRUE
set5IT066	L-Methionine (N)	5/14/2014 Dino_ML3_set5	254	1805461	1575	1100504	1097152	172	420	344.258550360841	0.192068098818902	0.18472726532858	0.786207813518166	0.763468341418833	0.122717095889123	-5.43115678183728e-05	0.0231981170391828	1.3150708844746	TRUE
set5IT067	L-Citrulline (N)	5/14/2014 Dino_ML3_set5	255	1769831	1499	1081445	1078360	167	420	338.362096015061	0.18579173605628	0.192040690090493	0.792872118709586	0.763468341418833	0.18843950398361	0.0465338020343933	-0.00145629598214299	1.79090961470055	TRUE
set5IT068	Parabanic Acid (N)	5/14/2014 Dino_ML3_set5	256	1594298	1321	975318	972842	148	420	305.253216190775	0.203134748895803	0.195015087641109	0.788495894806288	0.763468341418833	0.196235298181824	-0.0247582478867139	-0.00749151882681854	1.35094451587371	TRUE
set5IT069	Adenosine (N)	5/14/2014 Dino_ML3_set5	257	1749468	1415	1080715	1077920	172	420	338.224035142767	0.155504299092212	0.190010563124486	0.769544726218394	0.763468341418833	0.135867441985869	0.0104053047112808	0.0078175289339494	2.72180310751143	TRUE
set5IT070	Adenine (N)	5/14/2014 Dino_ML3_set5	258	1804997	1437	1107484	1104598	174	420	346.594916849702	0.193405113192	0.185815134960143	0.773131993513353	0.763468341418833	0.191965707792007	0.0278050823014334	-0.00469434312001154	1.71057328410902	TRUE
set5IT071	Uridine (N)	5/14/2014 Dino_ML3_set5	259	1681985	1425	1031097	1028146	156	420	322.606212739253	0.22086960976804	0.186751742780211	0.778740882149525	0.763468341418833	0.156848269305024	-0.00269541759498311	0.029163682949811	3.00179382408985	TRUE
set5IT072	Inosine (N)	5/14/2014 Dino_ML3_set5	260	1753891	1347	1080533	1077715	176	420	338.159711327267	0.134938271522535	0.206018810389915	0.781009248251037	0.763468341418833	0.182478500903613	0.0415931254672821	0.00367891503794336	1.2048936590302	TRUE
set5IT073	Cytidine (N)	5/14/2014 Dino_ML3_set5	261	1370622	1124	842475	840148	135	420	263.617194854095	0.156856862011986	0.224365800534386	0.789554887237859	0.763468341418833	0.0830033995967384	0.00180914764831292	-0.00405706782588623	1.85188794617114	TRUE
set5IT074	Thymine (N)	5/14/2014 Dino_ML3_set5	262	1256037	1230	770348	768316	109	420	241.07812990273	0.204122894776467	0.221288424918723	0.812372996824228	0.763468341418833	0.186577964945294	-0.0129863495909058	0.0179645568300674	2.72266021267707	TRUE
set5IT075	Cytosine (N)	5/14/2014 Dino_ML3_set5	263	1458061	1325	893362	890941	127	420	279.554753686853	0.179562363875811	0.221072949901901	0.807354922057604	0.763468341418833	0.184933200060905	-0.00701554270435529	0.0149704455127956	1.75398835392779	TRUE
set5IT076	Glucuronamide (N)	5/14/2014 Dino_ML3_set5	264	1852871	1649	1141085	1138128	173	420	357.115782867901	0.229128584080102	0.192814190259183	0.801166231319902	0.763468341418833	0.198700360368802	-6.7347500761706e-05	-0.00518785331335793	2.39744103573284	TRUE
set5IT077	Ammonium chloride (N)	5/14/2014 Dino_ML3_set5	265	1674942	1424	1028244	1025458	161	420	321.762786319423	0.227568879053093	0.207013711872823	0.796773173470926	0.763468341418833	0.169777406474459	0.0351392415871386	-0.0111798039512982	2.45397619118715	TRUE
set5IT078	nitrate (N)	5/14/2014 Dino_ML3_set5	266	1703275	1495	1041704	1039015	151	420	326.016630059617	0.211956229179909	0.203049706701976	0.798943681096371	0.763468341418833	0.194840636433752	0.0156299382671288	0.00838627806867727	2.0149662626921	TRUE
set5IT079	m.b.  sodium fluoride 12.5 mM	5/14/2014 Dino_ML3_set5	267	2112171	1677	1293731	1290307	215	420	404.865704424223	0.145312493236581	0.163272526588239	0.786374667630746	0.763468341418833	0.10891245620675	0.0856178323803348	0.00489896722071814	1.00838122890642	TRUE
set5IT080	m.b.  Thallium(I) acetate 0.004 mg/ml	5/14/2014 Dino_ML3_set5	268	2040215	1489	1268225	1264153	214	420	396.659240665202	0.329729108154042	0.234343065102053	0.819427754358179	0.763468341418833	0.253767580400122	0.00503608987705815	0.0106279607168947	4.39390376821295	TRUE
set5IT081	m.b.  nitrite 0.6 mM	5/14/2014 Dino_ML3_set5	269	1970078	1272	1225064	1221523	208	420	383.283024788202	0.387324193892783	0.175244085279857	0.780604505089147	0.763468341418833	0.31781126615097	0.0503171814325602	-0.00463852715658009	3.97636054417348	TRUE
set5IT082	m.b.  Sisomicin 0.002 mg/ml	5/14/2014 Dino_ML3_set5	270	2083145	1440	1283380	1280181	226	420	401.68842171321	0.180395090289487	0.174179375721086	0.783729959935707	0.763468341418833	0.132722665910331	0.0277528636994727	0.0168127693679206	1.12695086839099	TRUE
set5IT083	m.b.  Sisomicin 0.004 mg/ml	5/14/2014 Dino_ML3_set5	271	2068563	1490	1274068	1270961	221	420	398.795418889238	0.192699559594327	0.170719834716086	0.780895997247651	0.763468341418833	0.195582480315055	0.0880244006652114	0.0114490988475469	1.00880340134137	TRUE
set5IT084	m.b.  Benzalkonium Chloride 0.0005 mg/ml	5/14/2014 Dino_ML3_set5	272	2027775	1399	1248279	1245233	211	420	390.722623156574	0.279738870638946	0.173014061632436	0.796162944567322	0.763468341418833	0.20439293337983	0.0688261516752809	0.00261599157603807	2.44287185607307	TRUE
set5IT085	m.b.  Aluminum chloride 0.5 mM	5/14/2014 Dino_ML3_set5	273	1432516	1179	880938	878683	141	420	275.708503294634	0.156407692567132	0.193972876281476	0.773156824036626	0.763468341418833	0.10630350314711	0.0201891600243289	-0.00356851282878114	1.27908925842938	TRUE
set5IT086	marine broth	5/14/2014 Dino_ML3_set5	274	1687789	1208	1040534	1037631	178	420	325.582365861312	0.143751290139602	0.175721610882162	0.777607578663552	0.763468341418833	0.0782531569081765	0.0260338689988556	0.00819027571038445	1.15847199637516	TRUE
set5IT087	m.b.  sodium fluoride 12.5 mM	5/14/2014 Dino_ML3_set5	275	2101851	1541	1293261	1289854	222	420	404.723564480703	0.14231852132569	0.177097784082616	0.774686871975048	0.763468341418833	0.0714815022056204	0.0217973098717357	0.0107477234172966	1.63364932475315	TRUE
set5IT088	m.b.  Thallium(I) acetate 0.004 mg/ml	5/14/2014 Dino_ML3_set5	276	1663098	1337	1032382	1028741	167	420	322.792908691559	0.236192006405234	0.276897599803317	0.81642095286584	0.763468341418833	0.189449995212615	0.00884261097639363	-0.00903693490364312	5.11593978985382	TRUE
set5IT089	m.b.  nitrite 0.6 mM	5/14/2014 Dino_ML3_set5	277	1866949	1182	1167971	1162981	186	420	364.914025729526	0.42254203192074	0.203921934993924	0.776322044890108	0.763468341418833	0.256982991400522	0.0822043287431749	-0.00796770004661399	7.0257232700134	TRUE
set5IT090	m.b.  Sisomicin 0.002 mg/ml	5/14/2014 Dino_ML3_set5	278	1953190	1365	1202748	1199839	206	420	376.479133981801	0.133972772275687	0.173827216582438	0.791413378188583	0.763468341418833	0.120700804342612	0.00744769467213671	0.000975852682549872	1.09663330229598	TRUE
set5IT091	m.b.  Sisomicin 0.004 mg/ml	5/14/2014 Dino_ML3_set5	279	2189760	1570	1350110	1346729	234	420	422.569501098212	0.213926179983391	0.167517202118023	0.807354922057605	0.763468341418833	0.22078439094113	0.0709197094309647	0.00338081876253075	1.01492454326281	TRUE
set5IT092	m.b.  Benzalkonium Chloride 0.0005 mg/ml	5/14/2014 Dino_ML3_set5	280	2034007	1426	1253320	1250195	213	420	392.279573266395	0.259103635474363	0.183269588830224	0.786353219489132	0.763468341418833	0.223790225530996	0.11382806800788	-0.00965873228674216	2.99364878189272	TRUE
set5IT093	m.b.  Aluminum chloride 0.5 mM	5/14/2014 Dino_ML3_set5	281	1808823	1370	1112573	1109780	181	420	348.22089739567	0.194854008361786	0.189090934540167	0.792884611404932	0.763468341418833	0.0907127061600005	0.0258110606697743	0.00945791145261598	1.3750062720231	TRUE
set5IT094	marine broth	5/14/2014 Dino_ML3_set5	282	2067280	1450	1272055	1268586	219	420	398.050203953561	0.156319676286581	0.164629500811244	0.772898818563196	0.763468341418833	0.0555251544618567	-0.0187112315587618	-0.0165287040637518	1.55124541515778	TRUE
set5IT095	m.b.  Phosphomycin 0.005 mg/ml	5/14/2014 Dino_ML3_set5	283	1854596	1444	1132857	1129730	178	420	354.48070285535	0.203573243813819	0.182537975862835	0.788294891248602	0.763468341418833	0.127602176884437	0.0470923042982517	-0.0133781160542682	4.31927641506672	TRUE
set5IT096	m.b.  Bacitracin 0.1 mg/ml	5/14/2014 Dino_ML3_set5	284	1803203	1526	1105378	1102031	159	420	345.789457169752	0.277080157572354	0.200139361424206	0.796501246946423	0.763468341418833	0.224861893855925	0.022192390200227	0.0130781897722776	4.36864362135044	TRUE
set6IT001	m.b.  Fusidic 0.0006 mg/ml	5/14/2014 Dino_ML3_set6	285	1062966	799	654871	653314	110	337	204.993410731095	0.125738494325762	0.206123524050988	0.775105205583531	0.770645778253989	0.106962658655579	0.120015455817634	-0.0278608463175597	1.47330603905077	TRUE
set6IT002	m.b.  Dimethyl Sulfoxide 5 vol%	5/14/2014 Dino_ML3_set6	286	1217296	891	750010	748128	125	337	234.743646062127	0.127440187246443	0.199222505337785	0.782550716375354	0.770645778253989	0.0475150034623072	0.0493570301140868	-0.00968107561600713	1.04926196982691	TRUE
set6IT003	m.b.  Dimethyl Sulfoxide 7.5 vol%	5/14/2014 Dino_ML3_set6	287	1310416	949	807772	805650	136	337	252.79259491685	0.172981793286936	0.189688917985316	0.769817135823573	0.770645778253989	0.0726557608641408	-0.0133358603580479	0.00693053854270285	1.3200156330915	TRUE
set6IT004	m.b.  Vancomycin 0.064 mg/ml	5/14/2014 Dino_ML3_set6	288	1245812	1046	765101	763138	120	337	239.453404455601	0.12785611024735	0.198118177159731	0.783188610926852	0.770645778253989	0.0664593166012843	0.062314978194188	-0.0413162190448476	1.64018562954697	TRUE
set6IT005	m.b.  Cephalothin 0.0001 mg/ml	5/14/2014 Dino_ML3_set6	289	1324784	1065	814253	812185	131	337	254.843112645121	0.231518111531451	0.191578484112442	0.777607578663552	0.770645778253989	0.139990859773448	0.0569135960890814	-0.0289653175218706	1.49525350123381	TRUE
set6IT006	m.b.  A22 0.02 mg/ml	5/14/2014 Dino_ML3_set6	290	1498861	1145	923316	920921	148	337	288.96171948541	0.109815777591237	0.187740831860217	0.780512267058148	0.770645778253989	0.0930231715017859	0.0198697562699306	0.00537786759097131	1.28521287771233	TRUE
set6IT007	marine broth	5/14/2014 Dino_ML3_set6	291	1289800	939	793879	791750	130	337	248.431126451208	0.0547170193644733	0.192214194877259	0.783188610926852	0.770645778253989	0.0920169762657152	-0.0369092330877279	-0.000179151099116421	1.14324361703667	FALSE
set6IT008	m.b.  Phosphomycin 0.005 mg/ml	5/14/2014 Dino_ML3_set6	292	1289459	1132	784595	782352	120	337	245.482271728899	0.157451387828707	0.198255413638791	0.785600369417083	0.770645778253989	0.188109061081695	0.00799527555840345	-0.0202776922078175	4.51552227806911	TRUE
set6IT009	m.b.  Bacitracin 0.1 mg/ml	5/14/2014 Dino_ML3_set6	293	1445555	1201	882659	879984	128	337	276.11672419203	0.230758299906615	0.206624112382423	0.788495894806288	0.770645778253989	0.240109735112912	0.0359864286115594	-0.0261840381427153	4.34997445374294	TRUE
set6IT010	m.b.  Fusidic 0.0006 mg/ml	5/14/2014 Dino_ML3_set6	294	1452533	1055	893884	891625	148	337	279.769375588328	0.149267160110077	0.183319612874667	0.781382836539723	0.770645778253989	0.11578195635239	0.0513469470858506	-0.00756099771444808	1.2395756144136	TRUE
set6IT011	m.b.  Dimethyl Sulfoxide 5 vol%	5/14/2014 Dino_ML3_set6	295	1429170	1120	879837	877713	142	337	275.404141826169	0.118127579105529	0.183006140194396	0.799780867512424	0.770645778253989	0.112710944401327	0.0682141291499302	-0.0133894769390827	1.48955813236428	TRUE
set6IT012	m.b.  Dimethyl Sulfoxide 7.5 vol%	5/14/2014 Dino_ML3_set6	296	1771163	1343	1093609	1090922	181	337	342.303733919046	0.191542561428079	0.18633418163705	0.775984508396742	0.770645778253989	0.158120072053965	0.123983664183372	-0.00738146405568162	1.3397033875386	TRUE
set6IT013	m.b.  2-Furfuraldehyde 0.032 vol%	1/15/2015 Dino_ML3_set6	297	1642195	1279	1011530	1009026	158	466	316.606840288673	0.0869125504157828	0.174591623710039	0.771529584247077	0.771727536131057	0.0646990365688222	0.0688767510033929	-0.0143566335987231	1.34451344593871	FALSE
set6IT014	m.b.  5-Hydroxymethylfurfural 5 mM	1/15/2015 Dino_ML3_set6	298	1275811	982	785475	783508	125	466	245.844995293379	0.0670836977993534	0.190151585704599	0.780896668133488	0.771727536131057	0.0635781344358487	0.0257716332450609	-0.0105593842809647	1.1104677771808	FALSE
set6IT015	m.b.  Vanillin 1.25 mM	1/15/2015 Dino_ML3_set6	299	1477849	1132	909447	907158	143	466	284.643238155005	0.0843632661926184	0.182961784709404	0.775810869631143	0.771727536131057	0.077147265994553	-0.0578471840205997	-0.00373433168405034	1.0214646259213	FALSE
set6IT016	m.b.  syringaldehyde 0.625 mM	1/15/2015 Dino_ML3_set6	300	1715983	1360	1058017	1055411	165	466	331.161280200816	0.118869788719534	0.161231378628157	0.791665707571113	0.771727536131057	0.0495427783585184	0.0388630918175136	0.00425330522351469	1.17894963710654	TRUE
set6IT017	m.b.  1-ethyl-3-methylimidazolium lysine 0.75 mM	1/15/2015 Dino_ML3_set6	301	1670041	1260	1030246	1027683	166	466	322.460935048635	0.184725918423114	0.17883243644471	0.782710763306508	0.771727536131057	0.150633223432799	0.050729394829384	-0.00211100887738708	1.43358201591257	TRUE
set6IT018	m.b.  1-ethyl-3-methylimidazolium acetate 1.5 mM	1/15/2015 Dino_ML3_set6	302	1540002	1173	947676	945327	151	466	296.619705051773	0.169194336176754	0.177813749672288	0.809775907548122	0.771727536131057	0.133293517380799	0.0092656145710052	0.0369947818520996	0.813936551785254	TRUE
set6IT019	m.b.  1-ethyl-3-methylimidazolium acetate 2 mM	1/15/2015 Dino_ML3_set6	303	1575389	1249	971386	968961	154	466	304.035456542203	0.195826156150256	0.194524491533445	0.790076930625768	0.771727536131057	0.238183382182725	0.0698440821579364	-0.0150913169573465	1.32429810190907	TRUE
set6IT020	m.b.  1-ethyl-3-methylimidazolium chloride 2 mM	1/15/2015 Dino_ML3_set6	304	1603723	1233	989153	986680	160	466	309.595230624412	0.154886276116496	0.171692813521566	0.774173932200527	0.771727536131057	0.173281873145244	0.0145679446180943	0.030349131024361	1.26736065676065	TRUE
set6IT021	marine broth	1/15/2015 Dino_ML3_set6	305	1680627	1297	1035637	1033113	163	466	324.164731722623	0.102516313981977	0.173015190233239	0.770044206737683	0.771727536131057	0.0433174666922185	-0.0111375429994307	0.00132392733721763	0.971275562858336	TRUE
set6IT022	Time0	1/15/2015 Dino_ML3_set6	306	1710185	1371	1054895	1052275	174	295	330.177282711014	0.0325433709437477	0.16094345416053	0.801279821262668	0.770191084779819	0.049593612927813	0.00885944996374138	-0.00548617559234613	1.24559301985649	FALSE
set6IT023	Time0	1/15/2015 Dino_ML3_set6	307	1450148	1168	894050	891761	146	320	279.812048948855	0.0307051332414813	0.179384660976004	0.767582900540346	0.789498219974683	0.0322770206120102	0.0393148973072042	-0.0130465114161156	1.09886022348614	FALSE
set6IT024	Time0	1/15/2015 Dino_ML3_set6	308	1472687	1225	909151	906946	148	318	284.576717916536	-0.0170261629464878	0.181091689652211	0.771522816202574	0.768853387254953	-0.00888261426397074	-0.00579448814598384	0.0101151869467778	1.36901220357717	FALSE
set6IT025	m.b.  Vancomycin 0.064 mg/ml	5/14/2014 Dino_ML3_set6	309	1621574	1363	995329	992768	155	337	311.505491057421	0.121915965193431	0.182289459807719	0.779483646094106	0.770645778253989	0.0958873570104983	0.0112896810637749	-0.0178892897967747	1.51183925849469	TRUE
set6IT026	m.b.  Cephalothin 0.0001 mg/ml	5/14/2014 Dino_ML3_set6	310	1561466	1354	959495	957016	155	337	300.287417634139	0.200443207798822	0.188965941480876	0.78021879212009	0.770645778253989	0.17169133503429	0.0533150716583922	-0.0201090115168871	1.50309032577999	TRUE
set6IT027	m.b.  A22 0.02 mg/ml	5/14/2014 Dino_ML3_set6	311	1846878	1418	1136266	1133401	183	337	355.632569814873	0.118290791525031	0.169932619086993	0.777224596164274	0.770645778253989	0.0968395357478814	0.059727447273701	-0.0021597342458641	1.85390598829299	TRUE
set6IT028	marine broth	5/14/2014 Dino_ML3_set6	312	1649839	1226	1014766	1011896	165	337	317.507373705679	0.0687770286752709	0.176017085808477	0.779874185635497	0.770645778253989	0.0651845614916747	0.0446244093580997	-0.00247797537466765	1.04480369907677	FALSE
set6IT029	m.b.  Doxycycline hyclate 0.002 mg/ml	5/14/2014 Dino_ML3_set6	313	1643745	1271	1012435	1009769	166	337	316.839974898023	0.0187585171130622	0.181945313456958	0.76586878087714	0.770645778253989	0.0462402271693561	0.015892956773089	-0.00806825021056958	1.09156277496955	FALSE
set6IT030	m.b.  Doxycycline hyclate 0.004 mg/ml	5/14/2014 Dino_ML3_set6	314	1411918	1110	869263	866922	139	337	272.018198933166	0.109806751813062	0.182360435454414	0.782916735093119	0.770645778253989	0.100859040067948	0.0249551819380022	-0.00441003741863381	1.53976350634768	TRUE
set6IT031	m.b.  Spectinomycin 0.0015 mg/ml	5/14/2014 Dino_ML3_set6	315	1491759	1243	914128	911696	145	337	286.067147787888	0.0869329929067495	0.174174756376036	0.795106991270798	0.770645778253989	0.0690632701222455	-0.0229628809062834	0.0227382646229369	1.18619487740744	FALSE
set6IT032	m.b.  Nalidixic 0.048 mg/ml	5/14/2014 Dino_ML3_set6	316	1197973	1084	737981	736047	79	337	230.952933793536	0.0910732187214584	0.219352035108547	0.781721352473121	0.770645778253989	0.0737558052228655	-0.0132260416015038	0.00252741925758212	2.76321761558418	FALSE
set6IT033	marine broth	5/14/2014 Dino_ML3_set6	317	1420188	1040	875473	873319	145	337	274.02541575149	0.0465320781012939	0.18061434146303	0.770849731690676	0.770645778253989	0.0322739033292369	0.0489355820059771	-0.00853494269127164	1.12658487052347	FALSE
set6IT034	m.b.  Doxycycline hyclate 0.002 mg/ml	5/14/2014 Dino_ML3_set6	318	1468422	1147	904347	902029	150	337	283.033887668654	0.03765769714353	0.184491304552379	0.780936766708104	0.770645778253989	0.0941085794994466	0.0459980953376093	-0.0115178137766366	1.17574543998881	FALSE
set6IT035	m.b.  Doxycycline hyclate 0.004 mg/ml	5/14/2014 Dino_ML3_set6	319	1548146	1182	952711	950223	153	337	298.15594603075	0.122359113717	0.187356550161762	0.781589771737563	0.770645778253989	0.071672759330665	-0.0237023166513817	-0.0108959861968003	1.27919154010271	TRUE
set6IT036	m.b.  Spectinomycin 0.0015 mg/ml	5/14/2014 Dino_ML3_set6	320	1375868	1138	842690	840513	130	337	263.731722623157	0.114320812707766	0.18486128690083	0.788236175280883	0.770645778253989	0.104802606048815	0.0795724150595195	-0.0204371066824056	1.39543061944579	TRUE
set6IT037	m.b.  Nalidixic 0.048 mg/ml	5/14/2014 Dino_ML3_set6	321	1267753	1236	778246	776158	77	337	243.538751176655	0.117948463234994	0.229819945048236	0.794975269381766	0.770645778253989	0.129555443193661	-0.0622671226815678	-0.0431226848622713	3.26641112550331	TRUE
set6IT038	marine broth	5/14/2014 Dino_ML3_set6	322	2200353	1744	1352590	1348976	221	337	423.274552871039	0.0433723347236934	0.178060413683246	0.775308073052143	0.770645778253989	0.044356531083827	0.0030340192519472	0.00812672603719363	1.37612721074446	FALSE
set6IT039	Time0	5/14/2014 Dino_ML3_set6	323	1605431	1239	991701	989190	161	176	310.382805145905	0.0306623653985377	0.173776297089926	0.783880068670085	0.767740484796064	-0.0103110687237006	0.0155902664944825	0.00368579606431773	1.13304604172348	FALSE
set6IT040	Time0	5/14/2014 Dino_ML3_set6	324	1742580	1322	1074912	1072088	176	161	336.394101035457	0.0306623653985377	0.173776297089926	0.767740484796064	0.783880068670085	-0.0103110687237006	0.0155902664944825	-0.00368579606431772	1.45371957783727	FALSE
set6IT041	m.b.  Polymyxin B sulfate 0.0004 mg/ml	1/15/2015 Dino_ML3_set6	325	1476979	1151	911045	908781	145	466	285.152494508943	0.133745307224214	0.181026507525676	0.788700532402114	0.771727536131057	0.120450621214997	-0.01054225441966	-0.00267790212769715	1.04474804562614	TRUE
set6IT042	m.b.  Lomefloxacin 0.001 mM	1/15/2015 Dino_ML3_set6	326	1368434	1094	843779	841780	120	466	264.12927518042	0.100005213731797	0.19565707060074	0.787751085736045	0.771727536131057	0.101323870750394	0.0226735474614812	0.000140754735741561	1.2578696494941	TRUE
set6IT043	m.b.  Lomefloxacin 0.0025 mM	1/15/2015 Dino_ML3_set6	327	1027160	900	633057	631457	61	466	198.135236899906	0.0483362400041686	0.339964888496756	0.886343218204433	0.771727536131057	0.0658904191622085	0.00347383081344414	-0.00490488612044717	2.00970938016631	FALSE
set6IT044	m.b.  D-Cycloserine 0.048 mg/ml	1/15/2015 Dino_ML3_set6	328	1562290	1240	963632	961284	151	466	301.626608095387	0.128236024776717	0.195501072983005	0.814037385972954	0.771727536131057	0.135650662169051	0.00799783880864046	0.0203493086949172	0.959447551158496	TRUE
set6IT045	m.b.  Neomycin 0.16 mg/ml	1/15/2015 Dino_ML3_set6	329	1443546	1304	891027	888897	122	466	278.913398180107	0.609319292546556	0.236935012441445	0.80320570680758	0.771727536131057	0.606030238862102	0.292307314881539	-0.0967478436314429	1.88630748280125	FALSE
set6IT046	m.b.  Tetracycline 0.004 mg/ml	1/15/2015 Dino_ML3_set6	330	1618170	1258	997219	994717	164	466	312.11703796674	0.0583624848451481	0.16892219496811	0.782835581056199	0.771727536131057	0.0874605034725907	0.0233597977447679	0.0098070267384386	0.890013345873469	FALSE
set6IT047	marine broth	1/15/2015 Dino_ML3_set6	331	1335939	1005	822919	820904	130	466	257.578914339504	0.0812781012958602	0.183695404876641	0.793740932018633	0.771727536131057	0.0595558096862852	0.140945778418919	-0.0194574688207013	0.814338441674018	FALSE
set6IT048	m.b.  Nalidixic 0.048 mg/ml	1/15/2015 Dino_ML3_set6	332	1174210	1172	723008	721165	70	466	226.283338562912	0.0858424041947394	0.301148638389726	0.857308409978197	0.771727536131057	0.0706892464910022	0.0323919378419544	-0.00182219145542705	2.71630744472269	FALSE
set7IT082	marine broth 20C	1/26/2015 Dino_ML3_set7	333	1441222	960	886544	884397	154	368	277.501411986194	0.106895570994363	0.182303365459132	0.790311782498409	0.774843512986813	0.128204192916569	0.0517756876222986	0.0291000662100162	1.39886605380838	TRUE
set7IT083	marine broth 20C	1/26/2015 Dino_ML3_set7	334	1150534	842	708103	706454	121	368	221.667398807656	0.07225603903137	0.206345693842848	0.792043459778199	0.774843512986813	0.0733730664494079	-0.00728672572676957	0.0363654057399008	1.11471688578718	FALSE
set7IT084	marine broth 25C	1/26/2015 Dino_ML3_set7	335	1559880	1041	960249	957966	160	368	300.585503608409	0.245715199848287	0.177483851659109	0.787546128348547	0.774843512986813	0.256723287447571	0.259968858719104	-0.0950494189140007	1.44958663837397	FALSE
set7IT085	marine broth 25C	1/26/2015 Dino_ML3_set7	336	3474525	2494	2142619	2137707	351	368	670.758393473486	0.177025659455507	0.155805180933925	0.787886885955087	0.774843512986813	0.125190272181534	0.0636502824046206	-0.0349251469551566	0.869533539729857	TRUE
set7IT086	marine broth 30C	1/26/2015 Dino_ML3_set7	337	3528369	2573	2174156	2169046	366	368	680.591779102604	0.11114499278543	0.162041287206756	0.770143412235287	0.774843512986813	0.0581657275368569	0.0254167578061856	0.0173744415603839	1.04914655588783	TRUE
set7IT087	marine broth 30C	1/26/2015 Dino_ML3_set7	338	3757001	2841	2314677	2309217	390	368	724.573893944148	0.141214681605738	0.152649480575156	0.779839513855582	0.774843512986813	0.0642601217482902	0.0212001254918029	-0.0262126044616522	1.00853223601191	TRUE
set7IT088	marine broth 37C	1/26/2015 Dino_ML3_set7	339	2287425	1719	1404931	1401510	231	368	439.758393473486	0.093704578001709	0.17315531477232	0.791100647698405	0.774843512986813	0.103263744533772	-0.00682983219147157	0.0181970085895201	0.874019514374447	FALSE
set7IT089	marine broth 37C	1/26/2015 Dino_ML3_set7	340	1202632	984	739515	737815	123	368	231.507687480389	0.138521651155736	0.18795445673903	0.794364665322038	0.774843512986813	0.119927975376081	-0.0711163155280971	0.00257795133444994	0.916481316601737	TRUE
set7IT090	outer cut, marine broth soft agar motility assay	1/26/2015 Dino_ML3_set7	341	1202390	364	721441	718706	60	368	225.511766551616	0.0484258502411305	0.897768460267189	1.58496250072116	0.774843512986813	0.0162579040408821	0.0418961676018407	0.00181077112608313	5.07902389859256	FALSE
set7IT091	outer cut, marine broth soft agar motility assay	1/26/2015 Dino_ML3_set7	342	1478781	1210	894262	892526	107	368	280.05208660182	0.061672147294842	0.818963409510169	1.44565028671245	0.774843512986813	0.0412182894219654	-0.068339548765951	0.0208855680424459	4.8522697617162	FALSE
set7IT092	outer cut, marine broth soft agar motility assay	1/26/2015 Dino_ML3_set7	343	1227207	1177	756049	754526	81	368	236.751176655162	0.0549250941852654	0.949035559206261	1.58496250072116	0.774843512986813	0.0458269096590732	0.0446437175680604	0.00299760596918344	4.19212532369547	FALSE
set7IT093	outer cut, marine broth soft agar motility assay	1/26/2015 Dino_ML3_set7	344	1143665	1382	697488	696244	68	368	218.463759021023	0.0584875456689059	0.891050963452423	1.47689036388552	0.774843512986813	0.0664096412153662	0.0228585072324169	-0.0138240155653054	4.78870072560348	FALSE
set7IT094	Time0	1/26/2015 Dino_ML3_set7	345	1345970	1155	829070	826994	139	231	259.489802321933	0.0263229523153046	0.200523746060114	0.782479140270043	0.779103791532205	0.011771233761151	0.0413149524117746	0.0455262143244867	2.02412326622572	FALSE
set7IT095	Time0	1/26/2015 Dino_ML3_set7	346	1022570	948	629120	627614	103	266	196.929400690304	-0.0368191851661953	0.209009649133857	0.795193086338089	0.776648813073661	0.0837261010911754	0.0214638949565674	0.0428234804984751	1.10704455947566	FALSE
set7IT096	Time0	1/26/2015 Dino_ML3_set7	347	1311254	1120	808868	806932	129	241	253.19485409476	0.0460738965763276	0.191567505291906	0.789555013526964	0.769702380578206	0.000919873857979739	0.0349085362053333	-0.104086428708523	1.25529931073047	FALSE
