# TN-vs-SV correctness check
points:      70
max_abs_diff over ALL points: 3.42e-17
points with |tn-sv| < 1e-10: 70 / 70

# Theoretical bound check: contraction_width <= min(d*ell_min, n)
points satisfying width <= min(d*ell_min, n): 60 / 70

# Width-vs-depth (grouped by grid; width is our TN analog of treewidth)
    grid    n   d  width bound=min(d*l,n)      flops       2**n  ratio 2^n/flops
1x8        8   2   4.00                2   8.76e+02        256            0.292
1x8        8   3   4.00                3   1.07e+03        256            0.240
1x8        8   4   4.00                4   1.07e+03        256            0.240
1x8        8   5   4.00                5   1.50e+03        256            0.171
1x8        8   6   5.00                6   2.63e+03        256            0.097

1x10      10   2   4.00                2   1.12e+03       1024            0.918
1x10      10   3   4.00                3   1.37e+03       1024            0.746
1x10      10   4   4.00                4   1.37e+03       1024            0.746
1x10      10   5   4.00                5   2.10e+03       1024            0.489
1x10      10   6   5.00                6   3.33e+03       1024            0.308

1x12      12   2   4.00                2   1.36e+03       4096            3.003
1x12      12   3   4.00                3   1.68e+03       4096            2.432
1x12      12   4   4.00                4   1.68e+03       4096            2.432
1x12      12   5   4.00                5   2.70e+03       4096            1.519
1x12      12   6   5.00                6   4.02e+03       4096            1.018

1x14      14   2   4.00                2   1.60e+03      16384           10.214
1x14      14   3   4.00                3   1.99e+03      16384            8.241
1x14      14   4   4.00                4   1.99e+03      16384            8.241
1x14      14   5   4.00                5   3.30e+03      16384            4.971
1x14      14   6   5.00                6   4.72e+03      16384            3.471

1x16      16   2   4.00                2   1.85e+03      65536           35.387
1x16      16   3   4.00                3   2.30e+03      65536           28.494
1x16      16   4   4.00                4   2.30e+03      65536           28.494
1x16      16   5   4.00                5   3.90e+03      65536           16.821
1x16      16   6   5.00                6   5.42e+03      65536           12.100

2x4        8   2   4.00                4   7.93e+02        256            0.323
2x4        8   3   4.00                6   1.48e+03        256            0.173
2x4        8   4   4.00                8   1.74e+03        256            0.147
2x4        8   5   4.00                8   2.66e+03        256            0.096
2x4        8   6   8.00                8   9.32e+03        256            0.027

2x5       10   2   4.00                4   9.69e+02       1024            1.057
2x5       10   3   4.00                6   1.98e+03       1024            0.518
2x5       10   4   4.00                8   2.30e+03       1024            0.446
2x5       10   5   4.00               10   3.27e+03       1024            0.313
2x5       10   6   6.00               10   7.34e+03       1024            0.140

2x6       12   2   4.00                4   1.26e+03       4096            3.259
2x6       12   3   4.00                6   2.54e+03       4096            1.615
2x6       12   4   4.00                8   2.92e+03       4096            1.403
2x6       12   5   4.00               10   4.41e+03       4096            0.929
2x6       12   6   8.00               12   2.96e+04       4096            0.139

2x7       14   2   4.00                4   1.46e+03      16384           11.184
2x7       14   3   4.00                6   3.00e+03      16384            5.461
2x7       14   4   4.00                8   3.45e+03      16384            4.752
2x7       14   5   4.00               10   4.98e+03      16384            3.287
2x7       14   6   7.00               12   1.40e+04      16384            1.172

2x8       16   2   4.00                4   1.75e+03      65536           37.385
2x8       16   3   4.00                6   3.59e+03      65536           18.245
2x8       16   4   4.00                8   4.10e+03      65536           15.969
2x8       16   5   4.00               10   6.12e+03      65536           10.708
2x8       16   6   8.00               12   2.71e+04      65536            2.418

3x3        9   2   4.00                6   7.58e+02        512            0.675
3x3        9   3   4.00                9   1.24e+03        512            0.414
3x3        9   4   5.00                9   2.07e+03        512            0.247
3x3        9   5   5.00                9   2.98e+03        512            0.172
3x3        9   6   6.00                9   4.94e+03        512            0.104

3x4       12   2   4.00                6   1.19e+03       4096            3.442
3x4       12   3   4.00                9   1.94e+03       4096            2.110
3x4       12   4   6.00               12   3.80e+03       4096            1.078
3x4       12   5   6.00               12   6.26e+03       4096            0.655
3x4       12   6   8.00               12   1.70e+04       4096            0.240

3x5       15   2   4.00                6   1.45e+03      32768           22.536
3x5       15   3   4.00                9   2.59e+03      32768           12.657
3x5       15   4   6.00               12   4.90e+03      32768            6.693
3x5       15   5   6.00               15   7.78e+03      32768            4.214
3x5       15   6   9.00               15   3.29e+04      32768            0.995

4x4       16   2   4.00                8   1.59e+03      65536           41.296
4x4       16   3   4.00               12   2.96e+03      65536           22.133
4x4       16   4   7.00               16   8.46e+03      65536            7.750
4x4       16   5   6.00               16   9.82e+03      65536            6.671
4x4       16   6   8.00               16   2.46e+04      65536            2.666

# Monotonicity in depth (width should be nondecreasing as d increases at fixed grid)
  MONO VIOLATION at grid=4x4: widths=[4.0, 4.0, 7.0, 6.0, 8.0]
monotonicity in depth: VIOLATED

# Ratio TN cost / statevector cost per grid (mean over depths)
    grid    n    mean(flops)        2^n    mean(flops)/2^n
1x8        8       1.43e+03        256             5.5781
1x10      10       1.86e+03       1024             1.8133
1x12      12       2.29e+03       4096             0.5592
1x14      14       2.72e+03      16384             0.1660
1x16      16       3.15e+03      65536             0.0481
2x4        8       3.20e+03        256            12.4945
2x5       10       3.17e+03       1024             3.0955
2x6       12       8.13e+03       4096             1.9860
2x7       14       5.37e+03      16384             0.3280
2x8       16       8.53e+03      65536             0.1302
3x3        9       2.40e+03        512             4.6793
3x4       12       6.05e+03       4096             1.4759
3x5       15       9.93e+03      32768             0.3030
4x4       16       9.48e+03      65536             0.1447
