Wrote resistance_contigs.fna
--- BLAST resistance contigs vs p18-43_01 ---
NZ_VWTQ01000022.1	CP023554.1	100.000	14979	1	14979	61316	76294	0.0	27662	14979
NZ_VWTQ01000022.1	CP023554.1	99.618	262	7338	7599	79938	80199	1.54e-135	479	14979
NZ_VWTQ01000022.1	CP023554.1	98.885	269	1138	1406	79939	80206	1.54e-135	479	14979
NZ_VWTQ01000022.1	CP023554.1	100.000	257	7343	7599	62457	62713	1.99e-134	475	14979
NZ_VWTQ01000022.1	CP023554.1	100.000	257	1142	1398	68658	68914	1.99e-134	475	14979
NZ_VWTQ01000022.1	CP023554.1	99.451	182	82	263	159994	159813	4.56e-91	331	14979
NZ_VWTQ01000022.1	CP023554.1	84.507	284	10196	10479	62713	62996	4.66e-76	281	14979
NZ_VWTQ01000022.1	CP023554.1	84.507	284	1398	1681	71511	71794	4.66e-76	281	14979
NZ_VWTQ01000022.1	CP023554.1	83.955	268	1	265	83409	83674	3.65e-67	252	14979
NZ_VWTQ01000022.1	CP023554.1	83.955	268	1	265	204811	204546	3.65e-67	252	14979
NZ_VWTQ01000026.1	CP023554.1	100.000	33	7987	8019	160022	160054	3.53e-10	62.1	8019
NZ_VWTQ01000026.1	CP023554.1	100.000	33	7987	8019	183172	183140	3.53e-10	62.1	8019
NZ_VWTQ01000026.1	CP023554.1	100.000	33	7987	8019	185391	185359	3.53e-10	62.1	8019
NZ_VWTQ01000026.1	CP023554.1	100.000	33	7987	8019	189737	189705	3.53e-10	62.1	8019
NZ_VWTQ01000026.1	CP023554.1	100.000	33	7987	8019	197485	197517	3.53e-10	62.1	8019
NZ_VWTQ01000027.1	CP023554.1	99.945	3662	3836	7497	88978	92639	0.0	6752	7497
NZ_VWTQ01000027.1	CP023554.1	93.878	49	3830	3878	92648	92601	1.53e-13	73.1	7497
NZ_VWTQ01000027.1	CP023554.1	100.000	36	7462	7497	89017	88982	7.10e-12	67.6	7497
NZ_VWTQ01000031.1	CP023554.1	99.882	5089	1	5089	190432	195520	0.0	9365	5089
NZ_VWTQ01000031.1	CP023554.1	95.977	174	2	174	45617	45444	1.58e-76	281	5089
NZ_VWTQ01000031.1	CP023554.1	95.906	171	2	171	43163	43333	7.34e-75	276	5089
NZ_VWTQ01000031.1	CP023554.1	94.286	175	1	174	154340	154166	4.42e-72	267	5089
NZ_VWTQ01000031.1	CP023554.1	93.605	172	1	171	206041	206212	9.57e-69	255	5089
NZ_VWTQ01000031.1	CP023554.1	100.000	123	4033	4155	193554	193432	2.09e-60	228	5089
NZ_VWTQ01000031.1	CP023554.1	100.000	123	3001	3123	194586	194464	2.09e-60	228	5089
NZ_VWTQ01000031.1	CP023554.1	88.953	172	1	171	158660	158831	2.10e-55	211	5089
NZ_VWTQ01000031.1	CP023554.1	88.000	175	1	174	164181	164007	9.77e-54	206	5089
NZ_VWTQ01000033.1	CP023554.1	100.000	89	1	89	76966	77054	1.49e-41	165	4575
NZ_VWTQ01000041.1	CP023554.1	99.875	799	1	799	76930	76132	0.0	1471	1801


=== Per-contig homology to p18-43_01 ===
Contig                             qlen   AlnBases    Cov%  MeanPID   MaxPID
NZ_VWTQ01000022.1                 14979      17310   115.6    98.97   100.00
NZ_VWTQ01000026.1                  8019        165     2.1   100.00   100.00
NZ_VWTQ01000027.1                  7497       3747    50.0    99.87   100.00
NZ_VWTQ01000031.1                  5089       6374   125.3    98.73   100.00
NZ_VWTQ01000033.1                  4575         89     1.9   100.00   100.00
NZ_VWTQ01000041.1                  1801        799    44.4    99.88    99.88
