name	short	t0set	num	nMapped	nPastEnd	nGenic	nUsed	gMed	gMedt0	gMean	cor12	mad12	mad12c	mad12c_t0	opcor	adjcor	gccor	maxFit	u
set1IT086	Time0	27-Mar-17 Dyella79_ML3_set1	1	2550071	12889	1644042	1624487	269	271	448.134344827586	0.0155216786562769	0.218809405740796	1.02046410255971	1.02571717010837	-0.0527191587089183	-0.00154550130855611	0.00337565460174876	2.48062347521884	FALSE
set1IT087	Time0	27-Mar-17 Dyella79_ML3_set1	2	2558086	12544	1648443	1628972	271	269	449.371586206897	0.0155216786562769	0.218809405740795	1.02571717010837	1.02046410255971	-0.0527191587089183	-0.00154550130855611	-0.00337565460174875	2.66637305822865	FALSE
set1IT088	D-Glucose (C)	27-Mar-17 Dyella79_ML3_set1	3	2511073	4923	1619324	1601709	265	540	441.85075862069	0.36175113359153	0.191392392018922	1.02297333640434	1.03094370720827	0.328154203651935	0.223340904593008	-0.0743871056604547	2.50294517138288	TRUE
set1IT089	D-Fructose (C)	27-Mar-17 Dyella79_ML3_set1	4	2270580	1534	1042525	1032186	162	540	284.740965517241	0.305869731668271	0.30081408331571	1.0703893278914	1.03094370720827	0.202023618527096	0.11764896475473	-0.060582382954836	6.14592428890169	TRUE
set1IT090	Sucrose (C)	27-Mar-17 Dyella79_ML3_set1	5	2578961	5031	1661937	1643781	270	540	453.456827586207	0.420966561929305	0.18867120590691	1.02834462569396	1.03094370720827	0.328758268139799	0.254034193884027	-0.0845433085389978	2.19342335699051	FALSE
set1IT091	D-Maltose (C)	27-Mar-17 Dyella79_ML3_set1	6	2643981	4692	1702081	1685218	285	540	464.887724137931	0.33749474499749	0.193685044816865	1.01435529297707	1.03094370720827	0.278726112885927	0.10629827858887	-0.0782359444057923	1.62618721365843	TRUE
set1IT093	a-Cyclodextrin (C)	27-Mar-17 Dyella79_ML3_set1	8	2566321	4455	1653150	1636994	277	540	451.584551724138	0.364914658564297	0.209686852960032	1.04654258593703	1.03094370720827	0.286467715395293	0.106797387535356	-0.0791411294380241	1.46473601219778	TRUE
set1IT094	D-Cellobiose (C)	27-Mar-17 Dyella79_ML3_set1	9	2508459	5087	1618913	1601412	268	540	441.768827586207	0.338781543430904	0.209041850577429	1.00620514952671	1.03094370720827	0.2722799805004	0.16503263334571	-0.0848958456773102	2.04596518663062	TRUE
set1IT095	pyruvate (C)	27-Mar-17 Dyella79_ML3_set1	10	2548198	3586	1642994	1626185	268	540	448.60275862069	0.407054612945561	0.201153552561067	1.03776538089255	1.03094370720827	0.276652239690918	0.166174932146974	-0.0604513520600462	3.41680981763158	TRUE
set1IT096	D-Mannitol (C)	27-Mar-17 Dyella79_ML3_set1	11	2221675	545	935237	932400	40	540	257.213793103448	0.132982728652757	0.464294368084112	1.09953567355091	1.03094370720827	0.086904500069592	0.03445486147172	-0.0255178173828088	13.1507695334888	FALSE
set2IT001	Time0	27-Mar-17 Dyella79_ML3_set2	12	2310670	8849	1489641	1471511	245	306	405.934068965517	0.0405736297008045	0.194362200356786	1.00971515483321	1.01971823461451	0.0262714658342735	0.0674662280864736	-0.0296316303042887	1.46130903074349	FALSE
set2IT002	Time0	27-Mar-17 Dyella79_ML3_set2	13	2925021	10517	1886428	1864260	306	245	514.278620689655	0.0405736297008045	0.194362200356786	1.01971823461451	1.00971515483321	0.0262714658342735	0.0674662280864736	0.0296316303042887	2.08967007881297	FALSE
set2IT003	L-Proline (C)	27-Mar-17 Dyella79_ML3_set2	14	2431507	2674	1569374	1553420	264	551	428.529655172414	0.305697180079966	0.179740560184712	1.02283997635811	1.03015061245073	0.261245473093944	0.087107748928646	-0.0482375086434246	1.76852729233503	TRUE
set2IT004	L-Alanine (C)	27-Mar-17 Dyella79_ML3_set2	15	2945920	520495	1560012	1544568	258	551	426.087724137931	0.427588068060278	0.18151642213728	1.03704698675532	1.03015061245073	0.27291725559574	0.0939848124523634	-0.0544477218227245	3.82392016670618	TRUE
set2IT005	NAG (C)	27-Mar-17 Dyella79_ML3_set2	16	2573952	4563	1660680	1642328	269	551	453.056	0.45211930124831	0.183401986716173	1.03622018791275	1.03015061245073	0.363001374076404	0.233503730746881	-0.107507462729558	1.28994049791705	TRUE
set2IT006	D-Glucose (C)	27-Mar-17 Dyella79_ML3_set2	17	2718964	5546	1751771	1734121	292	551	478.378206896552	0.345905292859696	0.174134006744471	1.04518877376626	1.03015061245073	0.239203333987514	0.110344594855635	-0.0594084995716414	2.72433521114765	TRUE
set2IT007	D-Fructose (C)	27-Mar-17 Dyella79_ML3_set2	18	2975701	2508	1547312	1531698	245	551	422.537379310345	0.403497779608358	0.196572286019945	1.03708931873522	1.03015061245073	0.335533806104657	0.138927955300499	-0.0634294453661102	5.96518307060717	TRUE
set2IT008	Sucrose (C)	27-Mar-17 Dyella79_ML3_set2	19	2469627	4620	1590906	1574598	261	551	434.371862068966	0.38581965458658	0.187100978074907	1.04350163863659	1.03015061245073	0.271397677070001	0.185812478547127	-0.0871381538198559	2.15897310251595	TRUE
set2IT009	D-Maltose (C)	27-Mar-17 Dyella79_ML3_set2	20	2260369	4110	1456466	1441645	243	551	397.695172413793	0.420672607433283	0.181949291918825	1.02767241848455	1.03015061245073	0.271487363569933	0.173171559785261	-0.0849857230157977	1.79076853986629	TRUE
set2IT010	D-Galactose (C)	27-Mar-17 Dyella79_ML3_set2	21	2795118	1951	1801880	1783972	291	551	492.130206896552	0.554683479416104	0.200027450151456	1.02974734339405	1.03015061245073	0.371662005312559	0.0806096497586748	-0.078242169660287	4.16976473201165	TRUE
set2IT011	a-Cyclodextrin (C)	27-Mar-17 Dyella79_ML3_set2	22	2667085	4361	1718294	1701217	284	551	469.30124137931	0.415227132843659	0.169035416641222	1.02182636245318	1.03015061245073	0.298168943360905	0.175964426448526	-0.0794403490076708	2.1599430018327	TRUE
set2IT012	D-Cellobiose (C)	27-Mar-17 Dyella79_ML3_set2	23	2481425	4932	1598977	1582376	266	551	436.517517241379	0.353601381849482	0.18267698855612	1.05444778402238	1.03015061245073	0.228934003201626	0.124430325530689	-0.0661642591705235	2.51671428990019	TRUE
set2IT013	pyruvate (C)	27-Mar-17 Dyella79_ML3_set2	24	2738021	3538	1765880	1747873	290	551	482.171862068966	0.371614514182877	0.180812051534695	1.03102689562062	1.03015061245073	0.212041699751707	0.135753489900167	-0.0578600936779401	3.61558831788724	TRUE
set2IT014	D-Mannitol (C)	27-Mar-17 Dyella79_ML3_set2	25	1964125	561	723156	720492	45	551	198.756413793103	0.232675725439975	0.345319591059635	1.03291462247274	1.03015061245073	0.173012936899197	0.0493122934544593	-0.0185061915483239	12.6436796626733	FALSE
set2IT015	L-Proline (C)	27-Mar-17 Dyella79_ML3_set2	26	2457213	2757	1579526	1563959	269	551	431.436965517241	0.324664422896427	0.18221684892815	1.02279186487324	1.03015061245073	0.279696889462041	0.145906184031211	-0.0359191573556579	1.6489501943126	TRUE
set2IT016	L-Alanine (C)	27-Mar-17 Dyella79_ML3_set2	27	2939270	544668	1541859	1526583	253	551	421.126344827586	0.454212906606726	0.18728748981586	1.03622018791275	1.03015061245073	0.247165151254522	0.124960241459035	-0.0514982174709024	3.81660942198534	TRUE
set2IT017	NAG (C)	27-Mar-17 Dyella79_ML3_set2	28	2638827	4584	1698266	1680604	280	551	463.614896551724	0.403155461617345	0.185348337284357	1.03747470541866	1.03015061245073	0.256088667013173	0.127915058558422	-0.0823928802525258	1.97309174804488	TRUE
set3IT029	Chloramphenicol 0.008 mg/ml	17-May-17 Dyella79_ML3_set3	29	2720961	8078	1751397	1733804	299	2573	478.29075862069	0.147179848573361	0.216080329625187	1.02553509210714	1.02240050088836	0.129018224563224	0.0795126917298745	-0.0144661198919743	1.51212140368059	TRUE
set3IT030	Chloramphenicol 0.012 mg/ml	17-May-17 Dyella79_ML3_set3	30	2749998	6720	1769589	1751813	300	2573	483.25875862069	0.238792307726295	0.19676809811796	1.05062607306997	1.02240050088836	0.11895172861691	0.132176430682523	-0.0255280895726541	1.82008704028319	TRUE
set3IT031	Tetracycline 0.012 mg/ml	17-May-17 Dyella79_ML3_set3	31	3389193	7688	2180135	2158036	371	2573	595.320275862069	0.322009562670711	0.140211803028309	1.04182017569463	1.02240050088836	0.200153514732318	0.0806793430799949	-0.0289538505817442	1.03916844104688	TRUE
set3IT032	Tetracycline 0.024 mg/ml	17-May-17 Dyella79_ML3_set3	32	2597050	8160	1664298	1645200	269	2573	453.848275862069	0.389751857422521	0.228008479533182	1.01102140609125	1.02240050088836	0.193868094307601	-0.00196707796414242	-0.0647846804261676	4.60446398486912	TRUE
set3IT033	Spectinomycin 0.04 mg/ml	17-May-17 Dyella79_ML3_set3	33	2963667	2522	2250225	2243874	105	2573	618.999724137931	0.314289474585644	0.231923279863795	1.02974734339405	1.02240050088836	0.255282785885684	0.0638072750824348	-0.0126912785139551	12.8986606284061	TRUE
set3IT034	Carbenicillin 0.02 mg/ml	17-May-17 Dyella79_ML3_set3	34	2584195	6805	1668531	1651201	283	2573	455.503724137931	0.232397973208085	0.158215015346353	1.04147663597616	1.02240050088836	0.139118025615665	0.101822089913391	0.00217406210252541	1.84236734118745	TRUE
set3IT035	Carbenicillin 0.04 mg/ml	17-May-17 Dyella79_ML3_set3	35	3017749	8424	1943983	1923419	330	2573	530.598344827586	0.214789635367173	0.150809760713372	1.04730571477836	1.02240050088836	0.123654814033101	0.0938328581489554	0.00644615811486858	1.28775764118239	TRUE
set3IT036	Nalidixic 0.01 mg/ml	17-May-17 Dyella79_ML3_set3	36	2709325	6990	1743865	1724206	290	2573	475.643034482759	0.386217213526913	0.155651974101315	1.02215641365217	1.02240050088836	0.244998197798696	0.0837157719957331	-0.0544216711577756	2.62394235150684	TRUE
set3IT037	Nalidixic 0.02 mg/ml	17-May-17 Dyella79_ML3_set3	37	3564552	9854	2295526	2269465	381	2573	626.059310344828	0.366962746913851	0.149982513877676	1.03102689562062	1.02240050088836	0.250629287578346	0.13450088234692	-0.0374893245363053	2.85871410708707	TRUE
set3IT038	Nalidixic 0.04 mg/ml	17-May-17 Dyella79_ML3_set3	38	3112652	9998	2001717	1973454	306	2573	544.401103448276	0.354531773173949	0.166645211120259	1.04120086036385	1.02240050088836	0.286465779781333	0.106932972722461	-0.0206110644566778	6.28254334375944	TRUE
set3IT039	Nalidixic 0.08 mg/ml	17-May-17 Dyella79_ML3_set3	39	2683242	12387	1633053	1609269	229	2573	443.936275862069	0.344128300329319	0.215327865385514	1.07696198181488	1.02240050088836	0.222114962614951	0.156367143383474	-0.0292122373432173	10.7764533841087	TRUE
set3IT040	LB	17-May-17 Dyella79_ML3_set3	40	2044872	5359	1318735	1305823	225	2573	360.227034482759	0.190863402271852	0.20057864691937	1.05444778402238	1.02240050088836	0.154159069052074	0.0830178202469821	-0.00191056997025534	2.13618760676375	TRUE
set3IT042	sodium fluoride 40 mM	17-May-17 Dyella79_ML3_set3	42	2431414	6380	1570526	1554660	272	2573	428.871724137931	0.166584316248779	0.185668671806343	1.04126801837173	1.02240050088836	0.147982116437358	0.106033826902846	0.00278450878500543	1.08866890567818	TRUE
set3IT043	sodium fluoride 60 mM	17-May-17 Dyella79_ML3_set3	43	2850018	7334	1837641	1819193	314	2573	501.846344827586	0.258375869284519	0.143026310631114	1.0280143761696	1.02240050088836	0.212960188015845	0.0451135351718753	-0.00651309608225052	1.46542059135852	TRUE
set3IT044	Paraquat dichloride 0.05 mg/ml	17-May-17 Dyella79_ML3_set3	44	2981029	7895	1921373	1902446	327	2573	524.812689655172	0.228029297902494	0.154545583074658	1.0191088229477	1.02240050088836	0.186604133995452	0.121133783741831	-0.0265218628082375	1.32196784985644	TRUE
set3IT045	Paraquat dichloride 0.1 mg/ml	17-May-17 Dyella79_ML3_set3	45	2810167	7262	1811119	1792726	305	2573	494.545103448276	0.261963746850195	0.155453951682235	1.04508788952854	1.02240050088836	0.198455868609108	0.111625788596635	-0.016932224009644	1.02034752951236	TRUE
set3IT046	Paraquat dichloride 0.2 mg/ml	17-May-17 Dyella79_ML3_set3	46	2834928	8663	1835646	1818330	304	2573	501.608275862069	0.304500146369859	0.168354096818079	1.01364906151185	1.02240050088836	0.160013202143869	0.196028345238814	-0.011027828719847	2.74081821085346	TRUE
set3IT047	Thallium(I) acetate 0.008 mg/ml	17-May-17 Dyella79_ML3_set3	47	2670628	8286	1721508	1703508	288	2573	469.93324137931	0.235704087413334	0.188247233503818	1.02817529605431	1.02240050088836	0.142860311247232	-0.00703524152040214	-0.0129108282132183	3.64126646001731	TRUE
set3IT048	Thallium(I) acetate 0.016 mg/ml	17-May-17 Dyella79_ML3_set3	48	2682283	7753	1665722	1648596	278	2573	454.785103448276	0.354433130975888	0.168285462008402	1.0163018123291	1.02240050088836	0.270050792596913	0.269100487355947	-0.0350445922165304	3.11123697889295	FALSE
set3IT049	Cisplatin 0.0032 mg/ml	17-May-17 Dyella79_ML3_set3	49	3429441	10190	2204643	2180243	366	2573	601.446344827586	0.279216396739225	0.164460327013814	1.01177716777635	1.02240050088836	0.219245910913115	0.0342869651234711	-0.0377123398241463	1.42247755945018	TRUE
set3IT050	Zinc 2.5 mM	17-May-17 Dyella79_ML3_set3	50	2720931	13344	1749811	1732282	294	2573	477.870896551724	0.220076136361979	0.219831043299328	1.04532399050949	1.02240050088836	0.0551371498490992	0.0906389820888027	-0.0414401339495387	1.2394350944302	TRUE
set3IT051	LB	17-May-17 Dyella79_ML3_set3	51	2980422	8101	1920765	1901822	326	2573	524.640551724138	0.19623787816638	0.156560833381919	1.06871275008401	1.02240050088836	0.169522568856944	0.137559052960862	-0.0231612331744609	0.917700107843743	TRUE
set3IT053	nitrite 6 mM	17-May-17 Dyella79_ML3_set3	53	3033720	8943	1953974	1933522	334	2573	533.385379310345	0.196466504140578	0.143494687832062	1.0331668639352	1.02240050088836	0.182024925875917	0.139193830145735	-0.00867463506379612	1.03556193028604	TRUE
set3IT054	nitrate 150 mM	17-May-17 Dyella79_ML3_set3	54	3447413	18186	2211910	2189497	376	2573	603.999172413793	0.303391228761757	0.148944690550572	1.03242147769238	1.02240050088836	0.272594801926347	0.190555315557873	-0.0232634593159404	0.933876565077937	TRUE
set3IT055	nitrate 200 mM	17-May-17 Dyella79_ML3_set3	55	3052256	7990	1961610	1940784	330	2573	535.388689655172	0.298653423210627	0.151114932405505	1.03922130979772	1.02240050088836	0.242298295650573	0.0625984741172771	-0.0359018112522918	1.04883816671391	TRUE
set3IT056	Sisomicin 0.016 mg/ml	17-May-17 Dyella79_ML3_set3	56	2984127	9499	1926028	1904742	311	2573	525.446068965517	0.423636109801476	0.186162176794789	1.06608919045777	1.02240050088836	0.24654916115749	-0.0245938066044374	-0.031879623761097	6.29005271630798	TRUE
set3IT057	Chlorite 0.32 mM	17-May-17 Dyella79_ML3_set3	57	2702635	6854	1749210	1731127	285	2573	477.552275862069	0.444867033154416	0.176331135657458	1.02769173386905	1.02240050088836	0.256621057386609	0.0446032460580121	-0.0560622008117597	5.59131477748278	TRUE
set3IT058	perchlorate 75 mM	17-May-17 Dyella79_ML3_set3	58	2605251	6541	1681401	1665100	281	2573	459.337931034483	0.309224173228243	0.16536626873862	1.01837852931485	1.02240050088836	0.219094896431482	0.123143911832381	-0.0406249536078251	1.25191084527024	TRUE
set3IT059	Chloride 250 mM	17-May-17 Dyella79_ML3_set3	59	2720519	7069	1748516	1729094	294	2573	476.991448275862	0.272050702080294	0.148071947366758	1.01559685505102	1.02240050088836	0.22942812373275	0.0523320069034646	-0.0324126519975079	0.97242532637706	TRUE
set3IT060	LB	17-May-17 Dyella79_ML3_set3	60	2115044	7166	1361586	1346713	229	2573	371.507034482759	0.109659055469263	0.307078891907129	1.08900500605874	1.02240050088836	0.122711117634109	0.129991086596909	-0.0450978370706378	1.60421890285943	TRUE
set3IT061	Benzethonium chloride 0.0125 mM	17-May-17 Dyella79_ML3_set3	61	1286643	3972	805622	800598	82	2573	220.854620689655	0.168696990519525	1.52677052255629	1.98019151891982	1.02240050088836	0.124105959095362	-0.0105276443260419	-0.0201705213154442	9.8190014041567	FALSE
set3IT062	Benzalkonium Chloride 0.008 mg/ml	17-May-17 Dyella79_ML3_set3	62	3184305	290	2864182	2862953	6	2573	789.780137931034	0.0550781973970444	0.587346818253822	1	1.02240050088836	0.0504681768722625	0.0879874691750577	0.00215897877091133	15.3833892875815	FALSE
set3IT063	Benzalkonium Chloride 0.016 mg/ml	17-May-17 Dyella79_ML3_set3	63	3325876	1312	3014926	3014368	6	2573	831.549793103448	0.0209584085900989	0.602001592865778	1	1.02240050088836	-0.0529551055833341	-0.00911343608690581	0.0136456642974061	15.1982872618857	FALSE
set3IT064	Fusidic 0.2 mg/ml	17-May-17 Dyella79_ML3_set3	64	2871077	11930	1843559	1824602	310	2573	503.338482758621	0.321733465792476	0.209104112168066	1.05859832718522	1.02240050088836	0.225652556919424	0.0973481271082734	-0.0433427898525317	2.86858293107999	TRUE
set3IT065	Fusidic 0.4 mg/ml	17-May-17 Dyella79_ML3_set3	65	3064931	11185	1638650	1625325	151	2573	448.365517241379	0.358638054812276	0.22122180011396	1.06608919045777	1.02240050088836	0.200649642446178	0.0519663704983923	-0.027245446327349	12.0178590368034	TRUE
set3IT066	Dimethyl Sulfoxide 7.5 vol%	17-May-17 Dyella79_ML3_set3	66	3154394	5989	2035224	2012119	337	2573	555.067310344828	0.190745870016787	0.150136801788135	1.03286463390563	1.02240050088836	0.141157149714414	0.0698793318711997	-0.00798981614359449	0.976813611755689	TRUE
set3IT067	LB	17-May-17 Dyella79_ML3_set3	67	3301121	10288	2124119	2101401	356	2573	579.696827586207	0.2029424617969	0.204583314823589	1.04182017569463	1.02240050088836	0.23118888678956	0.194532109186353	-0.0578715364082372	1.20526473973878	TRUE
set3IT068	A22 0.01 mg/ml	17-May-17 Dyella79_ML3_set3	68	2715161	7184	1747038	1728636	296	2573	476.865103448276	0.234278693184162	0.152610120110523	1.0280143761696	1.02240050088836	0.205997490164332	0.0537264408786864	-0.0232171137178394	0.916433896351048	TRUE
set3IT069	A22 0.02 mg/ml	17-May-17 Dyella79_ML3_set3	69	2868236	7455	1845096	1825059	310	2573	503.464551724138	0.28771036974122	0.155871608768166	1.0277449904829	1.02240050088836	0.208444752325138	0.124014981720204	-0.0311497670818422	1.03357960691494	TRUE
set3IT070	D-Cycloserine 0.032 mg/ml	17-May-17 Dyella79_ML3_set3	70	2831475	7140	1827168	1808814	313	2573	498.983172413793	0.263164497249344	0.150327797085497	1.03058831983342	1.02240050088836	0.181190077308519	0.136430207204019	-0.0175534778804672	1.45581356099107	TRUE
set3IT071	Ceftazidime 0.05 mg/ml	17-May-17 Dyella79_ML3_set3	71	3033321	7924	1956521	1936244	329	2573	534.136275862069	0.225046595761211	0.162732798308532	1.03242147769238	1.02240050088836	0.162905083642571	0.118698515359201	-0.0376392532780894	1.13673328346649	TRUE
set3IT072	Ceftazidime 0.1 mg/ml	17-May-17 Dyella79_ML3_set3	72	2858341	9538	1831856	1806192	301	2573	498.259862068966	0.283430584073928	0.15310985996651	1	1.02240050088836	0.271988477359841	0.176149009342991	-0.0886501398931436	1.56020942375795	TRUE
set3IT074	Time0	17-May-17 Dyella79_ML3_set3	74	3087951	11608	1991680	1967883	328	2253	542.864275862069	0.0573761508624439	0.147722416997333	1.00998408857262	1.02748073642211	0.0911093806095903	0.0380793528184351	0.00733838576512394	1.44816639089725	FALSE
set3IT075	Time0	17-May-17 Dyella79_ML3_set3	75	3064175	11304	1975698	1952220	325	2255	538.543448275862	0.0356126643635105	0.140877276571056	1.02202630633	1.02686660585268	0.0636998390170069	0.0972919023454472	-0.0164268816254002	0.970719095365218	FALSE
set3IT076	Time0	17-May-17 Dyella79_ML3_set3	76	2975463	13939	1918290	1896039	317	2255	523.04524137931	0.0373087439974055	0.15902995302672	1.02131050624541	1.02754245995693	0.0354309830431313	-0.00371878368901985	0.00132576000035981	1.12224117966725	FALSE
set3IT077	Time0	17-May-17 Dyella79_ML3_set3	77	3281527	12664	2115410	2091062	347	2223	576.844689655172	0.0311873087830459	0.144972746563233	1.01154162188269	1.02494152478236	0.0411043363579497	0.0286930660423002	0.0238758927082085	1.21872831159055	FALSE
set3IT078	Time0	17-May-17 Dyella79_ML3_set3	78	3006104	11645	1938489	1915603	322	2253	528.442206896552	0.0276426061980515	0.134784206791652	1.02717020116547	1.02434381897975	0.0187159133617901	0.00990704620353035	-0.018659257489643	1.16920558120796	FALSE
set3IT079	Time0	17-May-17 Dyella79_ML3_set3	79	2715779	13835	1749765	1729665	292	2279	477.148965517241	-0.0125746663187595	0.196880921691824	1.06094276422531	1.02078774207223	0.0344774274497742	0.0691904148699392	-0.00568321017416095	1.76850532957028	FALSE
set3IT080	Time0	17-May-17 Dyella79_ML3_set3	80	3081596	11662	1985896	1962855	328	2244	541.47724137931	-0.00378182293337698	0.153716914160877	1.04126801837173	1.02597360769087	-0.0316644640306154	0.045946561712081	0.0209000940806301	1.30373338547425	FALSE
set3IT081	Time0	17-May-17 Dyella79_ML3_set3	81	3002063	12414	1934156	1911858	318	2258	527.409103448276	0.0697568462566807	0.144899994542723	1.00887815134645	1.03271557514338	0.0270077414638105	0.0590742465595646	-0.0104910120725893	1.13940215551924	FALSE
set3IT082	L-Arginine (N)	17-May-17 Dyella79_ML3_set3	82	3106859	9899	1999034	1978097	335	2573	545.681931034483	0.354216116119384	0.164681393483364	1.0318254458554	1.02240050088836	0.336565523795309	0.151245773045512	-0.0611892764936203	1.47946845583915	TRUE
set3IT083	L-Lysine (N)	17-May-17 Dyella79_ML3_set3	83	2582405	2894	1667504	1649773	277	2573	455.109793103448	0.373547329029802	0.189695912644643	1.03924163159285	1.02240050088836	0.318715679195213	0.230243097424675	-0.0628035004406175	1.43880820863129	TRUE
set3IT084	L-aspartic (N)	17-May-17 Dyella79_ML3_set3	84	3240398	4667	2096534	2074053	341	2573	572.152551724138	0.584934962186918	0.157623141079192	1.04281308353897	1.02240050088836	0.410610271657361	0.361795053239549	-0.0789922016150616	2.61080902435989	FALSE
set3IT086	L-Asparagine (N)	17-May-17 Dyella79_ML3_set3	86	1907696	13551	1224452	1211374	207	2573	334.172137931034	0.122979749769739	0.376446015157788	1.10138409794328	1.02240050088836	0.0491204075709157	-0.0151898720147285	-0.00781459361480718	2.02386037686949	TRUE
set3IT088	L-Proline (N)	17-May-17 Dyella79_ML3_set3	88	2770671	4776	1789182	1771973	300	2573	488.820137931034	0.290213476734504	0.175314394822321	1.02902904861153	1.02240050088836	0.209234937890586	0.0944128553537977	-0.0314425867350917	2.48376718265166	TRUE
set3IT089	L-Isoleucine (N)	17-May-17 Dyella79_ML3_set3	89	2737428	8762	1766997	1749027	288	2573	482.490206896552	0.358537266435571	0.189980078606673	1.03242147769238	1.02240050088836	0.259830645284745	0.00713100208137136	-0.0470561184015236	3.34818572786459	TRUE
set3IT090	L-Leucine (N)	17-May-17 Dyella79_ML3_set3	90	2359986	5112	1518635	1504094	257	2573	414.922482758621	0.329606210120237	0.187973028798512	1.04026387021373	1.02240050088836	0.215915475997369	0.0794192185046684	-0.0377402059473004	1.52256927062721	TRUE
set3IT091	Casamino Acids (N)	17-May-17 Dyella79_ML3_set3	91	3252431	15563	2091689	2071165	359	2573	571.355862068966	0.3096565381818	0.152583421939082	1.02095961863565	1.02240050088836	0.231027098890052	0.124872596592932	-0.0452252300328848	1.00150088319259	TRUE
set3IT092	N-Acetyl-D-glucosamine (N)	17-May-17 Dyella79_ML3_set3	92	2714532	5023	1748949	1730294	289	2573	477.322482758621	0.452981550360725	0.166599724152859	1.02046410255972	1.02240050088836	0.310463249325454	0.1112277198456	-0.0884215888776297	1.90333931804276	TRUE
set3IT093	D-Glucosamine Hydrochloride (N)	17-May-17 Dyella79_ML3_set3	93	2781532	4194	1793989	1774569	295	2573	489.536275862069	0.462104351922393	0.166933217085095	1.04041426844591	1.02240050088836	0.318423700743927	0.11867604330137	-0.0890013376616388	2.4276274088108	TRUE
set3IT094	Glucuronamide (N)	17-May-17 Dyella79_ML3_set3	94	2629095	4159	1695284	1677978	284	2573	462.890482758621	0.375622740835689	0.167016134141854	1.03996640731765	1.02240050088836	0.286203019240043	0.152427370717015	-0.0702054409082887	1.31169410453225	TRUE
set3IT096	nitrate (N)	17-May-17 Dyella79_ML3_set3	96	2727224	4373	1755744	1737292	291	2573	479.252965517241	0.381095737087617	0.194463239514016	1.0320612092323	1.02240050088836	0.331387538078833	0.170802122582585	-0.0800226009914013	1.66472963649682	TRUE
