method                   2m_expected   slope_fit   ||a||_1  ||k||_1     min_err
------------------------------------------------------------------------------------------
U2                                 2  -2.00120906842402    1.0000        1  2.105e-04
U4                                 4  -3.839308043380523    1.0000        1  1.510e-09
chin_m2                            4  -3.980610649008409    1.6667        3  5.030e-09
chin_m3                            6  -6.127652417045013    3.1333        6  1.947e-13
chin_m4                            8  -7.91078666851968    6.2127       10  7.602e-14
chin_m5                           10  -10.390713956278239   12.6938       15  7.631e-14
chin_m6                           12  -11.618566954840045   26.4413       21  1.386e-13
rounded_int_m2                     4  -3.985971826246273    1.2500        8  1.397e-10
rounded_int_m3                     6  -6.3150691342002325    1.5891       13  1.764e-13
rounded_int_m4                     8  -8.13174985300164    1.9470       20  6.372e-14
rounded_int_m5                    10         nan    1.6553       71  6.508e-14
rounded_int_m6                    12         nan    1.8054       90  2.705e-14
paper_table_m2                     4  -3.980610649008409    1.6667        3  5.030e-09
paper_table_m3                     6  -6.113093139938779    1.3333        9  1.488e-13
paper_table_m4                     8  -7.666053959826991    1.4014       16  8.585e-14
paper_table_m5                    10  -10.386736970141586    1.3727       28  4.121e-14
paper_table_m6                    12  -11.45116110597871    1.5299       37  2.557e-14

Wrote 03_slopes.json
Wrote fig_convergence.png
Wrote fig_condition.png
